	SScmap	SSfisher	SSlincs	SSlincs_Norm	SSpearson_corr	SSspearman_corr	SSzhang	SSzhang_Norm
S1.txt	-0.0322562072688019	-0.904563543363474	-0.08137205807818132	-0.2318393964862262	-0.12116149695390496	-0.040898968240617506	26.424358974358974	0.03642047696224391

S10.txt	1.3882035409913	-1.389201043995037	-0.2375313655709867	-0.7061280904298313	0.031347354011143455	0.09005361636940584	51.388663967611336	0.3442046661367242

S10S1.txt	-0.0702309985096871	-2.8160621647066044	0.002193711296952533	0.06948459297277898	-0.15763317761170131	-0.23832752613240424	22.824622531939607	-0.057065993325707935

S10S10.txt	-0.0980722440576456	-1.9997596359060466	-0.0785404992672103	-0.18008679231933505	-0.18398507775766243	-0.23697171563196018	-0.6902439024390243	-0.1842341625767213

S10S11.txt	-1.85223335518307	-1.7022968513036965	-0.09432697950254004	-0.21823838678894725	-0.22694734415246368	-0.18911819887429648	37.53048780487805	0.3023508969271849

S10S12.txt	1.60962545575075	-0.7039738884200539	-0.08532581727639099	-0.14460845799436628	-0.18630974680626144	-0.17159043023247836	-22.233449477351915	-2.5481619581530772

S10S13.txt	-0.0945832163906819	-1.3003150018953975	-0.08859344724027055	-0.18798203767924448	-0.17011005536353463	-0.24926122265800404	-9.903658536585366	-0.4449167707562104

S10S14.txt	0.0396039603960396	1.637398686055311	0.016653852496428978	0.17422792895432526	0.07477008717333922	0.1236842105263158	52.40512820512821	0.7833080435374776

S10S15.txt	-0.0201665124884366	1.582552072315171	0.01779227219174441	0.1254132243121212	0.10798885935049456	0.14736842105263157	38.46666666666667	-0.3070149173297296

S10S16.txt	-0.0385926130606982	1.5207783947480862	-0.025341627481073187	-0.020973373118813143	-0.02786619275354867	-0.0018218623481781378	17.891025641025642	-0.06874662514176855

S10S17.txt	0.0361167559578792	2.9639113482756327	0.03338572185955513	0.1847311125678785	0.11838707566025337	0.13714821763602253	61.90731707317073	0.3623418709272363

S10S18.txt	-0.141143911439114	-1.8387445209480506	0.03173761385458945	0.14286148747391292	0.10546817550566513	0.11238273921200752	66.94390243902438	0.5965057800072335

S10S19.txt	-0.0707525498483874	-1.8191095930617043	0.0754704866229699	0.3673315974426525	0.09925950356904524	0.11726078799249533	35.62926829268293	-0.12177236542866807

S10S2.txt	-0.330617214573382	-1.2642672695593464	-0.13243556879414495	-0.3720262565854874	-0.2208767095511407	-0.06902834008097167	58.176923076923075	1.490032724975091

S10S20.txt	0.0636120586337235	-1.7668147179687237	0.021725847959432804	0.11808844749828823	0.07501879719107499	0.1155722326454034	54.84512195121951	0.7807216161768744

S10S21.txt	0.0242435458499121	-2.144719806116769	0.03870618209523172	0.16623015298145966	0.09378508834953755	0.15020242914979756	43.15	0.33733370456841977

S10S22.txt	0.258815946966209	-2.043832775285933	0.021005756859295233	0.11257546991460221	0.02963941697678006	0.038850174216027884	53.06039488966318	0.9588297006322132

S10S23.txt	-0.120313942751616	-1.0263101127062018	-0.018685383792749893	0.014022168948728209	0.012076109351902063	0.04137154655332321	38.552439024390246	0.14801646150794764

S10S24.txt	0.0793606799704361	2.5587737002227504	-0.01363413045422418	0.1091891503034898	0.06709014985175446	0.13883677298311448	56.49878048780488	0.1754972415438029

S10S25.txt	-0.0108043217286914	-1.8519041330404962	0.10941372689270687	0.35084910895091326	0.18585827032260033	0.15703564727954974	76.44756097560976	1.0596315879392144

S10S26.txt	-1.5523132329855	1.3257247363571985	0.016831817792460818	0.11908735022021744	-0.08291924622749706	-0.13001876172607885	47.90853658536585	0.4250979801092708

S10S27.txt	-1.54465606508876	2.7916851136960554	0.008794086065455509	0.1581506381891855	-0.036646229294282816	-0.06472795497185742	50.34390243902439	0.5307745859859917

S10S28.txt	-1.89595536959554	-1.1505906655013705	-0.19169109388675332	-0.5041450064695576	-0.2698031868521229	-0.12009758139769258	-12.132926829268293	-1.0823445943721397

S10S29.txt	-0.0814007637142591	-1.0542024019838068	-0.1078524619027299	-0.17216942970953264	-0.17981877504901497	-0.1412824242841378	-8.867073170731707	-0.9802266467729044

S10S3.txt	-1.5075163700083	1.8519430892083988	-0.008930859293682952	0.08548657770281937	0.03235368650966716	-0.021200750469043152	90.8719512195122	1.3411245373673168

S10S30.txt	-0.00589155850133471	-0.8070140049790606	-0.09593485284076245	-0.2953924978120558	-0.23978206401390723	-0.22682687285773145	-138.6225319396051	-2.780598459379264

S10S4.txt	1.61115267127985	-1.1854206629228843	-0.11641986858332054	-0.34206605685922986	-0.19565466961454653	-0.1631408604449639	-47.892682926829266	-1.3304732957068874

S10S5.txt	-1.85557620817844	-1.5064345113489925	-0.18565657530561594	-0.5003884633827476	-0.358198361957608	-0.2589068825910931	-13.842307692307692	-0.7807228990201277

S10S6.txt	-0.0264851254313158	-1.211536368624929	-0.14695097763026968	-0.34264600871523715	-0.18757821600527308	-0.05159474671669794	10.347560975609756	-0.4001408441039373

S10S7.txt	-0.115901092794962	2.881581173622034	0.07049210192337763	0.37202570534109725	0.09211249268011336	0.03763066202090593	84.63763066202091	1.396194252719869

S10S8.txt	-0.0647897407165312	2.72823236640699	-0.08289288324662947	-0.17906131430744965	-0.13333177930221024	-0.17496130231734192	-52.14756097560976	-1.1264958387481883

S10S9.txt	-1.90970024204059	1.0693273214769423	-0.13482587042852423	-0.338846239761636	-0.34773856516427076	-0.2988742964352721	3.4134146341463416	-0.33784344360399843

S11.txt	0.112691498503571	1.4570326162153755	0.24607438518164537	0.7314745941654732	0.03187393541141293	0.049786628733997154	15.298245614035087	-0.8358821917152797

S11S1.txt	0.218614718614719	1.3050741604076654	0.03567253504540484	0.15887010928861578	0.04792870887043156	0.005870445344129554	80.51794871794871	1.344383817288997

S11S10.txt	1.29677070602614	2.8339199865067655	0.042966653483381745	0.2275468271052885	0.15151287389207974	0.07823639774859288	118.67682926829268	1.8600817087649995

S11S11.txt	1.11676969186101	1.7020303829827803	0.039181461990731456	0.23487850751706285	0.11226167856884302	0.07317073170731708	80.66219512195121	2.129968043828267

S11S12.txt	0.320856119177824	1.2050036459376976	0.10623701570052468	0.4405225862931537	0.13520732615689127	0.0840080971659919	71.64487179487179	1.6629927224111036

S11S13.txt	0.0264659122790609	1.1717960652983723	0.020489303660541858	0.10358132824539068	0.015209700974898072	-0.06650134124615675	-9.532051282051283	-0.7479287393574013

S11S14.txt	0.639697542533081	1.1749310183548967	0.2678790472550927	0.8666532095963173	0.17396677373303832	0.1645748987854251	56.13333333333333	0.5225268030263551

S11S15.txt	0.308993515647026	1.4346681683621487	0.09422659867612218	0.3881943220282631	0.18153981170868583	0.09817813765182186	91.43076923076923	2.1582748833493755

S11S16.txt	1.14675695941513	1.6924677042445224	0.05802063315769167	0.2780105645108408	0.0915237619060607	0.021200750469043152	79.5109756097561	1.7316096187544294

S11S17.txt	0.401392547986451	1.38265343338889	0.13304915509778886	0.5000283008944872	0.18132413970752365	0.06974037156560427	100.34871794871795	1.347835661651346

S11S18.txt	-0.117226864457172	-1.6561228870858713	0.08006428285343786	0.30785019105226985	0.059149622496238355	-0.013767969506742526	70.3025641025641	0.8721566029328778

S11S19.txt	0.128450704225352	-1.428096149181825	0.02592339847477393	0.1173693841146708	0.04941833498365464	-0.006882591093117409	85.9076923076923	1.3062160563944254

S11S2.txt	0.220627125047223	-1.5378805888955538	-0.014125934466058365	-0.007077895789711963	0.06302894370242006	-0.00951465156337707	81.66025641025641	1.5258712427480645

S11S20.txt	-1.22798949784612	1.4691610148936705	0.08992803804316227	0.33461191259787687	0.0773327531664946	-0.02408906882591093	72.47564102564102	0.792457623347687

S11S21.txt	0.0484341201918556	-1.2378015196681291	0.029970213939065765	0.15975842189837025	0.01953533865707391	-0.015790272807306625	61.04358974358974	1.5650531648714379

S11S22.txt	-1.68280582768149	-1.60264586740453	-0.07711246597016956	-0.279180956314812	-0.0017327716745875396	-0.010728744939271256	39.18589743589744	-0.20676838664956554

S11S23.txt	0.211351300767359	-0.7182915849987612	-0.41192259155691413	-1.2066657480776204	-0.004315312357223475	0.07317416397186419	100.26829268292683	1.8078505785398764

S11S24.txt	0.121596244131455	-1.2515877447726946	0.0525128560150345	0.20811854940067487	0.08201252522827016	0.07712940948184391	46.96666666666667	-0.1397319109109021

S11S25.txt	0.197769621682665	-1.9199432831352423	0.017664300357700252	0.05315175832453922	0.07642337913227619	0.03623481781376518	47.09230769230769	0.2107488544878232

S11S26.txt	0.0132618510158014	-1.15319443000226	0.018619522538734654	0.06335895153405241	-0.02904111873084156	-0.058302545750055244	39.58076923076923	-0.5149715172308414

S11S27.txt	0.406771712624273	-1.6605596058658314	0.049764473603753856	0.2614119575652839	0.07248247250431507	0.002157699706862662	85.06951219512194	2.340203592839406

S11S28.txt	0.346795352323838	1.662160403655316	0.0467700014099391	0.1785847303142879	0.08095800343431922	-0.0008097165991902834	92.97820512820513	1.0619269255489303

S11S29.txt	1.3308546686747	1.4614814698719116	0.048340797319209816	0.17897136222999177	0.13386969224827733	0.02540614406816643	128.18333333333334	1.7243231421788174

S11S3.txt	0.0240827845719661	-1.2710947083410697	-0.26594556928431434	-0.8264398607212964	0.06433446461182679	0.07975708502024292	72.47948717948718	0.8668075169176354

S11S30.txt	0.104401805869074	-1.582725744298731	-0.04828808718706595	-0.09522868903546217	-0.01661314359215159	-0.024696356275303644	43.08846153846154	0.548156700074642

S11S4.txt	0.214406779661017	-1.8214270687509202	0.1005104920362418	0.46062456154199116	0.142059897959088	0.05647279549718576	77.28292682926829	0.8273583331134341

S11S5.txt	0.287383835539285	-1.521175738859577	-0.04604182548881358	-0.14662287171693839	-0.08048252935983499	-0.07408906882591094	48.76794871794872	-0.032455366790257276

S11S6.txt	0.329275198187995	1.351505696707741	0.09284007486892845	0.3945857247388368	0.1413973844705253	0.09493927125506073	117.53717948717949	1.977449941950641

S11S7.txt	0.317950649839895	-1.35630697224809	-0.23679630487203296	-0.7474122297009289	0.043341841228295326	0.046761133603238865	48.3974358974359	0.2313281091258439

S11S8.txt	0.0273224043715847	1.4435059946700763	0.06134962207827656	0.22078881335939254	0.10626603165808284	0.02813765182186235	76.86282051282052	0.855846310036833

S11S9.txt	-1.49474991354648	1.316545757483989	0.06128373367285955	0.21914996951140858	0.11239253924030188	0.07307692307692308	96.75769230769231	2.768913701277064

S12.txt	-1.70349576271186	-1.4893659969055082	-0.24320429407506194	-0.7537241301982944	-0.19801305831102523	-0.13323850165955428	-5.1152204836415365	-0.22912324999989164

S12S1.txt	1.27103009696512	-2.0364129915723868	0.04715464471487128	0.08376878868117527	0.015153985781207711	0.054409005628517824	53.50731707317073	-0.1126865298758789

S12S10.txt	1.70298703738493	1.7641994610007852	0.03883875580189172	0.009891681165704602	0.08155754754811591	0.11519699812382742	30.91219512195122	-0.39704322706770157

S12S11.txt	1.46150925486474	1.54822377841253	0.32459652489852053	1.0659515768062526	0.1453093292645283	0.1480300187617261	25.901219512195123	-0.6705323511512953

S12S12.txt	-0.0209095171120488	-0.7049870974280872	-0.057310681741871955	-0.20150491489560107	-0.16527069198609665	-0.14706395065563355	-28.19279907084785	-0.887952700306309

S12S14.txt	1.69486914923553	1.112576446972343	-0.25462299536436095	-0.7802716760614252	-0.000763805228348173	0.08855534709193248	7.365853658536586	-0.6897569083436031

S12S15.txt	1.62996254681648	1.493618701593879	0.03812657539381156	0.021921405868631838	0.030482883110543525	0.09174484052532834	-23.569512195121952	-1.1196025486751855

S12S16.txt	1.49798027242837	-1.2443425077692578	-0.023952308883937623	-0.09992995247500108	0.018296717168317274	0.050093808630394004	-0.25	-0.503711419479771

S12S17.txt	1.69600528850694	1.415575456326338	0.031102858611501555	0.07407019024270728	0.010046807638168662	0.04033771106941839	2.526829268292683	-1.0029622245696994

S12S18.txt	1.60444234404537	1.4771351662664305	0.25460762646262786	0.7694420568400384	0.20419561878565434	0.2041275797373359	77.36829268292684	1.2778120082596698

S12S19.txt	1.62057335581788	1.2951524419138813	-0.23055537744723265	-0.7715377925366467	0.08529256831475146	0.18592870544090057	12.830487804878048	-0.7362043083603187

S12S2.txt	0.136590775479664	1.6652931256699133	0.021630178448281606	-0.011681897000535235	-0.0016403749348056704	-0.00853658536585366	-71.91521486643438	-2.1468391130021747

S12S20.txt	0.13911309467287	2.704252044428371	0.3047401037524297	0.9428480469758791	0.29729212435985053	0.2938086303939963	112.64146341463415	1.7832129195311985

S12S21.txt	1.51016583903307	-1.4742614579002977	-0.2323541302512199	-0.7691838637572659	-0.005650144836127496	0.07166979362101314	-27.695121951219512	-3.0629716725544114

S12S22.txt	0.24391399071706	-1.4531183130780134	0.0377547822722107	0.1882082152627037	0.10905885306250546	0.14465290806754225	81.41951219512195	1.2365336082188916

S12S23.txt	-1.77270565858298	-1.9372168841026354	0.3415270920213327	1.1288455282865673	0.1265339436349732	0.06772983114446529	63.47317073170732	0.5719621556007792

S12S24.txt	-1.95272830617658	-0.7791054095495854	-0.39211080749956917	-1.159330149183706	-0.447737897383709	-0.43351001501792874	-98.5060975609756	-2.5014696173100286

S12S25.txt	0.206337159662271	-1.4887072210380632	0.03137072153888876	0.021905372407031387	-0.08836083334257858	-0.08198874296435274	25.05609756097561	-0.3362569195180955

S12S26.txt	0.132591474915126	-1.211168594436279	-0.2670281537053425	-0.7983435139882711	-0.06602442619421059	-0.012570356472795498	30.090243902439024	-0.07369988647144285

S12S27.txt	-0.25828333603589	1.4794939430755423	0.03316503228594869	0.1794028561331733	0.07527173419250285	0.035272045028142594	30.796341463414635	0.16899544501957672

S12S28.txt	1.57496691245982	-1.1393845919362833	-0.3072801630690526	-0.9376501056268247	-0.09067894208911442	-0.05234521575984991	-19.6890243902439	-1.826060313496252

S12S29.txt	0.142951287086102	-0.8372065144762928	-0.06464563049155062	-0.2881670722071487	-0.0902848067860831	-0.029455909943714824	-21.19390243902439	-1.6986140842809554

S12S3.txt	1.7915043391816	-0.8151729995651247	-0.3221517479974624	-0.9988557559589699	-0.05672257457150928	-0.06557838475243437	-3.204878048780488	-1.2675589395252627

S12S30.txt	-0.0921728578170297	-1.346214706429739	-0.2949637773088819	-0.9736004558363089	-0.16551679675547162	-0.17729831144465294	-11.509756097560976	-0.630311113745441

S12S4.txt	0.0968442932728647	1.738121190468547	-0.003944553028110809	-0.12231376100798941	0.016835703884006105	0.05497185741088181	-8.896341463414634	-2.4627447267726343

S12S5.txt	0.180840177729904	-1.4077561272854149	-0.030283671231207232	-0.2181706867079437	-0.0770785360680914	-0.0626641651031895	-45.673170731707316	-2.4884623029259867

S12S6.txt	0.301676802663552	-1.5104016726494847	-0.0755901790040251	-0.3743412924969943	-0.051349853209570084	-0.03977485928705442	-35.579268292682926	-2.431232522233465

S12S7.txt	0.240592318122625	-1.245986492833552	0.039605357224378024	0.00764213149279136	0.024379969591603046	-0.004690431519699813	-60.45975609756098	-2.2779011373769067

S12S8.txt	0.103959861890376	-1.463657030710139	-0.03199185669266358	-0.22862774029653044	-0.022329059106808047	-0.03208255159474672	-9.902439024390244	-1.4552644862406234

S12S9.txt	0.399071705977077	1.8629337342048395	0.21550241550021842	0.6072103782479765	0.10573668969257977	0.04484052532833021	57.34878048780488	0.2356319384732282

S13.txt	-1.60004236839318	-1.4570064623506211	-0.2671173159918664	-0.797407901029209	-0.08881911145096871	-0.02655286865813181	-19.36130867709815	-1.3520872150305308

S13S1.txt	0.123686618058828	-1.3557392408680164	-0.016928483687921422	0.05664456448238914	-0.06714701413617051	-0.10121457489878542	20.075641025641026	0.5175679636903625

S13S10.txt	-0.308432694450635	1.5692560040293264	0.2533182105066977	0.776545057387966	0.04944655435441879	-0.04149797570850203	10.03974358974359	-0.041169085368695575

S13S11.txt	0.34517697552495	-1.2114432556042112	-0.2201489640519073	-0.7448500616899574	-0.011114497295839302	0.023886639676113364	29.674358974358974	-0.17722487981745286

S13S12.txt	-1.49902629016553	1.249737228093695	0.006657500360350663	0.1249707100745664	0.0493898291175685	0.01882591093117409	62.51794871794872	0.49069718322710576

S13S13.txt	0.0692838402487611	1.6998024725924017	0.08642052553517593	0.3610853425269071	0.10427802878704812	0.06902834008097167	71.3974358974359	1.7134629327773812

S13S14.txt	0.160556257901391	1.5041690552811713	0.29978306922867787	0.8818240298980469	0.28298938327879253	0.2665991902834008	79.31666666666666	0.8861162658858968

S13S15.txt	1.49856101304682	-1.3508530483143353	-0.2830110492104539	-0.819139872565728	-0.004012189934654825	0.1125506072874494	59.86538461538461	1.1615390912543737

S13S16.txt	1.83355974569364	-1.0374716980148422	-0.2854748018451389	-0.881747378659842	-0.043933673675602414	0.012047583276290708	1.1833333333333333	-1.830041337817596

S13S17.txt	0.107024942429875	-1.4505350787742173	-0.03305538780587719	-0.019670381411045434	0.09248079814590912	0.1467611336032389	80.01923076923077	1.2331843302772476

S13S18.txt	-0.0108387852748755	1.1500156965404837	0.2817397618128825	0.919264293075684	0.03760649342084344	0.014979757085020244	12.439743589743589	-0.2583137120497281

S13S19.txt	1.39615972487581	-1.582569522756167	-0.036827786604448576	-0.03248396250116958	0.05684733969675119	0.11376518218623483	56.50769230769231	0.5864713388569347

S13S2.txt	-1.35407537248028	1.6454921981333461	0.07487832882324297	0.11137367049646829	0.03595184226846647	0.013765182186234818	29.602564102564102	0.47944769573408563

S13S20.txt	1.7087885526443	0.9174939018378538	0.010146050920110727	0.1784093079524186	0.13809326595125396	0.18016194331983804	78.67948717948718	0.49629230183821604

S13S21.txt	0.198226293733554	1.351165713813278	0.04789281605201881	0.2662479965210156	0.16721362348861002	0.19008097165991905	107.45384615384616	1.5973939064247646

S13S22.txt	1.4503355704698	-1.786710331679921	-0.19964269356473174	-0.6163905825060568	0.040069570044601766	0.11842105263157895	4.528205128205128	-0.2848394984595564

S13S23.txt	-0.0705847896124182	-1.3675089840093633	-0.02208944948445092	-0.0036722072908144665	0.05961844194417201	0.03846153846153847	21.23846153846154	-0.2266744337864657

S13S24.txt	1.52187349106712	-1.1938169545396886	-0.06258041812914644	-0.11528764426121979	0.06847938734366099	0.11437246963562754	42.02051282051282	-0.42461062007794825

S13S25.txt	0.0965738134523926	0.8056801706675989	0.3275320775785816	1.0569138235746576	0.11991038915850041	0.0850374587181156	52.687179487179485	0.8565480004062407

S13S26.txt	1.66315003267669	-1.2812397931197026	-0.22849823590340618	-0.7599512321828222	-0.0038594684815125985	0.06073181848964087	31.756410256410255	0.39466693335111114

S13S27.txt	1.58018118987578	-1.4710264583281043	-0.245889825155304	-0.813762735980532	-0.004186806394508455	0.06599190283400809	24.855128205128207	-0.6575902784214435

S13S28.txt	1.57736431119252	-1.07542011020034	-0.3078906312525685	-0.907760355807109	0.05510766396692031	0.0882591093117409	62.771794871794874	0.5300297398975803

S13S29.txt	-1.5040326318717	-0.8595359207705873	-0.4093058024386028	-1.246685935021079	-0.35051145995710664	-0.3463414634146342	-45.078048780487805	-1.567130991506905

S13S3.txt	0.0808219558219557	1.436630444952865	-0.030167961396481646	-0.1488084430706443	0.018564117504388845	0.04352226720647774	78.01794871794871	1.0114872516193343

S13S30.txt	-1.36024119821046	1.2074293303017611	0.061899489302445265	0.18756811205199259	0.05134321683032775	0.024898785425101214	-12.787179487179488	-0.5443282303748064

S13S4.txt	1.799897098447	-1.3188632592989533	-0.0354988534367133	-0.21692225155133926	-0.044619270645597835	-0.07965990191891228	-14.819230769230769	-1.6312342086840375

S13S5.txt	1.7272106893775	-1.2606911371809768	-0.24143577662014323	-0.7644333050547799	0.10632301017522422	0.049595141700404854	76.44358974358974	1.1614120077402728

S13S6.txt	-1.37049321379999	1.8049856687743548	0.07529677080892302	0.19913928521594743	0.10487008964582983	0.0825910931174089	48.896153846153844	0.4882543357526241

S13S7.txt	0.1774837014693	-1.7527324155374948	0.12286933364833169	0.4911344476484833	0.19513890644796936	0.24777327935222673	79.39487179487179	1.5734358088887055

S13S8.txt	-1.87233838480721	-0.705740646454835	-0.4050984661711829	-1.179731914846769	-0.35700558587696174	-0.3620628578957423	-35.63846153846154	-1.7024002482851133

S13S9.txt	0.0360307722270913	1.0965108123656613	0.10390263537814007	0.37305328320741227	0.2374177548249075	0.19979757085020244	92.60897435897436	1.434888753012598

S14.txt	0.26690418725817	-1.3014721674167764	-0.3065265916042529	-0.9324230935937614	-0.06471356316036372	-0.010176168070904913	13.45748987854251	-1.054787176533335

S14S1.txt	-1.22892810212127	1.445223039555541	0.24255732706338995	0.7899715984165802	0.0937213771078715	-0.0042674253200568986	57.76923076923077	0.24767131481636215

S14S10.txt	-0.308602107132765	2.844407246966755	0.06367521470971817	0.2643248368423666	0.08928614494856013	-0.03282814471182757	49.33468286099865	0.7267850685395548

S14S11.txt	-1.40229129495727	1.3730648938174734	0.26562102708173096	0.9563239598587374	0.14573499980358381	0.07057664952401796	93.57219973009447	1.314461946748071

S14S12.txt	-1.34476585319891	1.3297149346907076	0.3272364733372649	1.1122208698509422	0.16179207092642134	0.06510559142138089	64.25641025641026	0.44590800595689434

S14S13.txt	-0.205943396226415	-1.9824442831947473	0.036596894995163914	0.12778170435106884	-0.03830016780768989	-0.09443046285151549	41.014844804318486	-0.07332888587580287

S14S14.txt	-1.34662921348315	1.4004938169282717	0.2284872150685614	0.7470744053647599	0.11660822488577478	0.04956778640989167	66.4885290148448	0.4030668022275453

S14S15.txt	-0.293933463796478	-0.9698555294791067	-0.3048514749163259	-0.874273815427199	-0.05554015613556851	-0.1327351317848228	6.955465587044534	-1.2465262190103326

S14S16.txt	0.0823407071280016	-1.3741829774239909	-0.0183005352953452	-0.006647958723695169	0.059471089368788047	0.08743229208250076	75.54116059379217	-0.2950046725511613

S14S17.txt	-1.39513907642452	-2.0932139905812868	-0.07177466963706902	-0.11205666797597219	-0.16536306724261296	-0.1686180107232739	50.89878542510122	-0.015653581373869664

S14S18.txt	-0.0851466414380321	1.0000344616207846	-0.23233080486060753	-0.6812050400592498	0.029881313807877223	0.05066199803041908	64.75303643724696	0.04195822603349308

S14S19.txt	-0.00575308874846747	-1.212866386441693	-0.4154933398255416	-1.2908564828714462	-0.13920761650795602	-0.1817684405718697	-79.01079622132254	-2.9101258061576467

S14S2.txt	-0.121049573712016	-1.09806101975714	-0.04320439142451096	-0.031233114551294072	0.128776418663793	0.09082453370272295	63.50742240215924	1.715819916502466

S14S20.txt	-1.31556723280473	1.3596896790938338	0.2584302343695722	0.8294569993119523	0.14963084576825303	0.09049130101761681	70.6693657219973	0.21717716145320543

S14S21.txt	1.48029486815991	-1.1963700314194559	-0.12824084644740366	-0.4284530306590459	-0.12727004959410781	-0.03490726054357665	-71.50337381916329	-1.6875724119653877

S14S22.txt	-0.164246652838016	1.7458449758665757	0.23247401004381793	0.7962856011862762	0.045132651330944865	-0.056789583105372576	50.27800269905533	0.524693339545882

S14S23.txt	0.00754645788133201	0.9766529979183499	0.3647907173766516	1.1626131929378603	0.189222559863898	0.11937848779954041	79.83400809716599	1.0826869930054133

S14S24.txt	-1.20578713071631	-2.2994809101483993	-0.21042242075106804	-0.6420698691833902	-0.08387064113150705	-0.11193784877995405	12.755735492577598	0.22240818916104166

S14S25.txt	-1.36573987684269	-1.2904182503147252	-0.3610691635131723	-1.1612101566386321	-0.36314496889085124	-0.2479757085020243	-18.405128205128204	-0.372958584362515

S14S26.txt	-1.84693011411865	-1.164320646062111	-0.0981977422655283	-0.1942814807820582	-0.1553205787495578	-0.12903579164328272	-36.24561403508772	-1.3568181137292235

S14S27.txt	-1.28679174130291	3.2136947935116753	0.26133650638742145	0.8756455274856463	0.08992493217059852	0.023744392165444796	26.612685560053983	-0.48083814381543255

S14S28.txt	0.129598189020939	0.8483269577665048	0.35251330771207134	1.0762979830429567	0.10994806141812524	0.1462960936645147	23.979757085020243	-0.3001203056797558

S14S29.txt	-0.274056254626203	-0.700383087303679	-0.15573412428582925	-0.5721485883810284	-0.42464843442091216	-0.3977722028870026	-96.55	-2.9067237475395866

S14S3.txt	-0.101680275322221	1.3490694109115884	0.25277748798648736	0.8472487238849229	0.18745212489306545	0.1027464711675238	55.41970310391363	0.0010269803386017415

S14S30.txt	-1.14834542463389	1.145936403645274	0.37342069672353556	1.1725929082718602	0.08632363657044055	-0.03074734653682022	21.940620782726047	-0.14483345337797507

S14S5.txt	0.0830748989756601	1.0277031215563017	0.02403324588186878	0.048393873243653185	-0.02802277677988236	-0.007773156408765964	21.531713900134953	-0.4585590567924509

S14S6.txt	-1.12809600129295	-1.5048040404881706	0.02065597804095165	-0.09880100639459422	-0.03707737097409544	-0.08678997690680508	46.15654520917679	0.8785334139024316

S14S8.txt	0.0425511929363142	0.9305542053527381	0.35269100264286923	1.1755655341807056	0.26929855682315523	0.19838056680161942	125.88663967611336	1.5015759626622156

S14S9.txt	-0.10884735702254	-0.9360072488462872	-0.38202864801801706	-1.1050435371560252	-0.15275915420741898	-0.1491492041407366	-31.874493927125506	-0.7816395141116624

S15.txt	0.265032284100081	-0.9576940645908413	-0.3006228088958939	-0.9655127000152557	-0.12011723284321907	-0.08939708939708939	4.902834008097166	-0.8096804852550255

S15S1.txt	-1.47502557901591	-2.876150468304794	0.02228991378687592	0.1572819098185425	0.136375997756984	0.14127579737335835	86.95487804878049	1.1555998521341562

S15S10.txt	0.497400901020979	-1.0100124100439989	-0.382605670626613	-1.250522076355526	-0.03233594720084279	-0.0016885553470919327	16.508536585365853	-1.172551199944488

S15S11.txt	1.52122288706058	-1.0258957868960095	-0.27014795290379645	-0.8155390293642066	0.0038136293373606106	0.008067920643051693	48.667073170731705	0.42987076511811934

S15S12.txt	1.34126761128728	-1.5959995128936493	-0.32379639183416775	-1.09182496691718	-0.14762629524326093	-0.15425881896368782	21.26025641025641	-1.3091593721849095

S15S13.txt	0.14584444681532	-0.8086849704015553	-0.3706331492503743	-1.1133832444669385	-0.16078466813135617	-0.11726628841644902	3.3341463414634145	-1.063768936743961

S15S14.txt	-1.36493276291765	-1.1864665846443523	-0.2883289655553052	-0.9208280641713764	-0.1317847012024926	-0.12834008097165991	-10.82948717948718	-0.681380334275156

S15S15.txt	-0.16563612516395	-1.1529711432293925	-0.025088494511763662	0.001684247364179714	-0.029316912302683615	-0.004453441295546559	62.656410256410254	1.2136842451416918

S15S16.txt	-0.222185094097519	-2.649893574397484	-0.014619776456850586	0.05058839447053465	0.07625175834532148	0.00931174089068826	65.24615384615385	-0.12236312356743242

S15S17.txt	-0.259953161592506	-0.8882803298825241	-0.11847475513053418	-0.20294771953811885	-0.10202459551738166	-0.08674528074270371	49.84102564102564	0.1821319284273504

S15S18.txt	-0.0884640614750257	2.8977500503807194	0.08312894126373702	0.3622015978028743	0.14043239655016027	0.1799595141700405	56.79871794871795	0.38449889157963596

S15S19.txt	-1.37223152801042	1.520260860001156	0.011186118840207954	0.053274912104086025	0.05874791040745049	0.014170040485829961	52.85897435897436	1.1549354236349632

S15S2.txt	-1.461724715962	1.0185313051685903	-0.31907613476163377	-1.036896043577991	-0.14645663129910053	-0.09326327805414565	13.495121951219513	-1.0835753206982155

S15S20.txt	-0.0852083361218562	3.0112355427000037	0.08263001044880564	0.38779634062483276	0.1676302157977644	0.13724696356275304	89.0576923076923	1.104049599067698

S15S21.txt	0.0166700060108195	2.8553097999911463	0.10622857748693632	0.3956086745347519	0.2679830747183681	0.2611336032388664	139.15128205128204	1.7885438633931623

S15S22.txt	-1.44199101796407	2.7302542423180847	0.33525852548921087	1.1011842709433672	0.21020670710759382	0.1730769230769231	106.95	0.7755077141797773

S15S23.txt	0.0648754914809961	0.6645716582595717	-0.013630121873491302	0.010473767031487502	0.04490309487976154	0.102834008097166	85.75384615384615	2.551650271447241

S15S24.txt	-1.50709845040364	1.2021685439323697	0.05057278552506714	0.22523381476100635	0.11406269903026009	0.06566604127579738	64.83170731707317	0.43149099068308094

S15S25.txt	0.132016381594796	-1.3224307164042783	0.05891843284614248	0.2290309755329448	0.14924308986786072	0.2020242914979757	104.0974358974359	1.4871676678916772

S15S26.txt	0.0783954170068665	1.4510394346714857	-0.021072617732269122	-0.10683232522778091	-0.07411761959282213	-0.048582995951417005	29.557692307692307	-0.2720213102162712

S15S27.txt	1.58541289933695	-1.3722669875658682	-0.19903016925434494	-0.6187757588704518	0.058016373153900784	0.10161943319838057	53.885897435897434	0.05141272949256721

S15S28.txt	-0.0945376182891408	1.1102908237324565	0.21745203716170808	0.7645672674948132	-0.024462027520936833	-0.017611336032388666	41.18589743589744	0.10246840612041369

S15S29.txt	1.57098880597015	1.1817111713914523	0.07169393236683341	0.20862667938871965	0.012648402882518523	-0.03481781376518219	55.776923076923076	0.7274503571418843

S15S3.txt	-0.273377837116155	1.3721964665604884	0.04300255533938446	0.19416403294657059	0.22189586979580048	0.20487804878048785	137.7158536585366	2.3128862074176273

S15S30.txt	-1.35545067555062	1.296190505898367	0.2704617226824423	0.8736626646211783	0.1731366730924996	0.09858299595141701	62.91794871794872	0.3341768360120454

S15S4.txt	-0.093679880329095	1.1119784034234699	0.07422035548154655	0.2750384363427156	0.22367344140361453	0.17561799353247406	60.71707317073171	0.2444577704363862

S15S5.txt	1.60270443441813	1.4841804453213432	0.05171755218217744	0.11044141536255686	0.1767560290452971	0.26285178236397755	76.47560975609755	0.8999886691447926

S15S6.txt	-0.400037299515106	1.3030139764338982	-0.029860988933848337	-0.04495779806639111	0.052091268074553616	0.05506072874493927	35.81025641025641	-0.43449833013908223

S15S7.txt	-0.111906976744186	-1.2810137962208956	-0.08570009827348128	-0.27209975332408265	-0.12992322757919783	-0.06610331552528383	44.78170731707317	0.2916012889940429

S15S8.txt	1.87110653820971	1.3877202326431604	-0.008422658237103253	0.011977152978403682	0.14927769500921034	0.18299595141700403	100.94358974358974	1.0312088196806957

S15S9.txt	-0.0452289540219122	2.748363586103744	-0.013202324236890606	0.0601477266644832	0.14524146326117582	0.10951417004048583	51.96153846153846	0.08475570303070205

S16.txt	1.27160458204692	1.8602824650124088	-0.22299454310020142	-0.7045829694074155	-0.014950015592370976	0.026808184702921543	28.4331983805668	0.07829033968646983

S16S1.txt	-0.0911297852474323	1.9413085671862633	-0.09338707338031817	-0.35247808922158824	-0.08478956030176947	-0.016860085731689553	47.22267206477733	0.15514421834070286

S16S10.txt	-1.7445834889802	-1.737236775341998	-0.24260100254076697	-0.7107650735580069	-0.21255817440168528	-0.18590655432760697	43.233468286099864	-0.17620257994148325

S16S11.txt	-0.0721822765897843	1.40500877437846	-0.09816161189957714	-0.4508076523109653	-0.1760147692366039	-0.11150626487117431	22.762483130904183	-0.3311076153161891

S16S12.txt	0.139604329973871	-1.4994848845192457	-0.32757014711584237	-1.110181981868632	-0.22587419129033487	-0.19062209362667876	-7.350877192982456	-0.44746180979543815

S16S13.txt	-0.111006496563412	1.3248973532638448	0.06124737796298596	0.15811642551188698	-0.07375035274009495	-0.11390742969690337	-15.083670715249662	-0.5733065104026671

S16S14.txt	1.61426288722087	-1.2199219261465504	0.021731090437959566	0.001338171606122207	0.07516281310914152	0.1379800853485064	2.709851551956815	-0.9324563649365298

S16S16.txt	1.54161838161838	-1.1505668106665596	-0.044039712805841805	-0.08240986288306362	-0.01234427328170077	0.0784549731918153	1.5101214574898785	-0.5742033915382113

S16S17.txt	-0.274962279222508	-0.625259705177122	-0.347760560109517	-1.1304419406144608	-0.23588980897172568	-0.122730230574081	10.282392026578073	-0.5175247046027343

S16S18.txt	-0.223042421977201	-1.611465613334503	-0.2453202317933289	-0.79845941266868	-0.10985296390430063	-0.014771856877120034	5.021592442645074	-0.2609926545996856

S16S19.txt	1.52095202598371	-1.1200802833423682	-0.01179851477354138	-0.10607678799049736	-0.05169509471571189	0.02658934237881606	0.23481781376518218	-0.9199812377686131

S16S2.txt	-1.58183360030152	-1.5789210782606211	-0.012476403153918042	-0.11870280109136477	-0.02618815323640543	0.022212495896706423	89.66396761133603	1.3164867588826312

S16S20.txt	-0.01531279178338	-1.036216761117458	-0.020734492432858048	-0.13789373893921048	0.05979093754702513	0.14107475439201986	13.596491228070175	-0.5511413034336029

S16S21.txt	0.0124531835205993	1.0008278928034402	0.024411854354380924	0.04847615400642569	0.010334649294633735	0.12069154174417333	-9.83940620782726	-1.1839737782260136

S16S22.txt	0.0733457595526561	-1.1349513298166518	0.0006631546123795906	-0.05446047236581536	0.028358450606809	0.10824121962273671	13.708502024291498	0.35742993375975135

S16S23.txt	0.188788359294842	1.381323948493482	0.01593532310513454	-0.006151833452935684	0.012613490899258423	0.09618120144435935	-34.33468286099865	-2.1272942020925587

S16S24.txt	0.174415354514115	1.2648101215586356	0.015969387980418692	-0.003667999888574358	0.03074025545987633	0.10198610290474432	14.437246963562753	-0.539811551256176

S16S25.txt	-0.02642843848874	1.0428036997726233	0.00869769480594168	-0.010279467925566443	-0.0040377228050845065	0.08503885505244331	-12.941970310391364	-1.0985623108955607

S16S26.txt	1.67274174293673	0.8784859076648431	0.022872009471187837	0.0048869264413436975	-0.00436320953642641	0.08525774528423853	2.9257759784075574	-1.310490148397461

S16S27.txt	0.0138498970615759	-1.201398497794559	-0.09163462883532313	-0.37430655041734984	-0.10598666848110255	0.01214574898785425	6.9757085020242915	-0.247403851290817

S16S28.txt	0.0424681721029644	-1.1396251737662106	-0.024223816426780787	-0.1756479762345517	-0.02583127625127838	0.04279304031596568	-31.035087719298247	-1.0354298443487988

S16S29.txt	0.192977554251653	1.234357863649325	0.03320972196893357	0.022852915915113514	0.022825394286050127	0.06555762442266866	-56.10121457489878	-0.8057189038037098

S16S3.txt	-0.0654672192916353	-0.969161969425653	-0.1114291957527872	-0.3425927564421347	-0.04198505806291002	0.06401137980085349	55.874493927125506	0.8306767595603463

S16S30.txt	-0.0788420366750442	-0.8655770406860614	-0.0317357627293999	-0.181291766520565	-0.05711977048517378	-0.033929843113356735	5.033738191632929	-0.49714821213322075

S16S4.txt	-1.65690337163308	-1.5313001956148038	0.05302099041459929	0.1105433342829586	0.013501243014234096	0.050005471058102643	55.039136302294196	1.2277996708707681

S16S5.txt	-1.54596781782253	1.7324195560083337	0.17583709889138746	0.5609630058625479	0.020002537883024425	-0.010526315789473684	7.823076923076923	-1.5381870856420812

S16S6.txt	-0.0592564986490264	1.808079187123692	-0.012963192260881273	-0.18862723827148292	-0.1295768791576845	-0.03700460374877317	-2.3549257759784075	-1.4967041894642379

S16S7.txt	-0.139091833903634	-0.7992567083216083	-0.37704777735406403	-1.2432053364955626	-0.24716373857171192	-0.14101935003305321	-6.797570850202429	-0.5354730527695434

S16S8.txt	0.040081458854022	-1.0738018362423865	-0.04942506202233965	-0.25802728258736457	-0.17759803648419367	-0.1043926576584618	-8.793522267206479	-1.1006670456866479

S16S9.txt	-0.169692478695813	-1.1895594674305867	-0.32304855392357346	-1.0064487852283177	-0.17051039378092114	-0.07911582875550444	14.761133603238866	-0.08287542270835371

S17.txt	0.125035958805592	-1.4824387109670463	-0.013075713580670056	0.060725879829415574	0.02918359997505228	0.03724696356275304	24.626923076923077	-0.8235485421633227

S17S1.txt	-1.3990713685306	-1.0782409783718352	-0.04182807164605047	-0.1040767456772081	0.06220579573533101	0.03360323886639676	56.59871794871795	0.5126997959731812

S17S10.txt	-1.01171396624248	1.1815615133759478	0.024297006727845682	0.11848444370579103	0.02764476518718588	-0.038056680161943315	39.988461538461536	0.5095997859188592

S17S11.txt	-0.235491071428571	1.1840147795095095	0.0511841830027604	0.25093764842004407	0.06848854352780508	0.017260787992495315	64.40609756097561	1.2024544306946214

S17S12.txt	-1.23011439212557	1.0502418059740442	0.10859287804060716	0.4431433800000767	0.13355269004278497	0.0665991902834008	44.33461538461538	0.6195172707985116

S17S13.txt	-1.14211066529812	1.038274983715303	0.006484777003851694	0.0842599240675127	0.03457436231350812	-0.019230769230769235	49.93333333333333	0.06722736651625816

S17S14.txt	-1.3104931877938	1.475779815843163	0.03561479612149346	0.16626905594360136	0.07408695939257488	0.005263157894736842	31.196153846153845	-0.19756196018137095

S17S15.txt	-1.18468228848046	1.241978875353472	0.04632278046830424	0.19405997207216125	0.056753937318905295	0.015384615384615387	67.21219512195123	1.4036640208708115

S17S16.txt	0.102031308237048	-1.486816058702521	0.23306512081678463	0.7159628532679012	0.11029156046905458	0.09831144465290809	81.19024390243902	0.9624511067558049

S17S17.txt	-0.139686684073107	-0.8320759533908902	-0.25352659517231957	-0.7765206561008613	0.07006293824748987	-0.03846932656295706	16.08076923076923	-0.4595848461885245

S17S18.txt	-1.44131248917143	0.9324907657343764	-0.26482101077156833	-0.7919097316072871	0.0053931120834214	-0.07105263157894738	-8.994871794871795	-0.9833220185410014

S17S19.txt	0.0945857795172864	-1.0948894340807125	-0.2362864247209703	-0.7497659154679943	0.07269858052096874	0.08603238866396762	117.41666666666667	1.6673251213731635

S17S2.txt	-0.313109727771068	-1.1716564347490719	-0.10344306779013322	-0.30787163191617983	-0.06831566518867435	-0.04817813765182186	22.892307692307693	-0.3378753459300167

S17S20.txt	1.46887607685445	-1.3398613874055043	-0.010790163831780691	-0.1540746996325128	-0.03373056389365189	-0.10688259109311742	-2.7141025641025642	-0.7216587445541548

S17S21.txt	1.40965056908839	-1.0463827120305667	-0.24379934183688814	-0.7633383202702948	-0.07458090616723019	-0.09817813765182186	-3.4217948717948716	-1.0746804896106534

S17S22.txt	1.56697877074256	-1.1533226758130275	-0.3047404438221526	-0.916067624111123	-0.014045546830998628	0.014979757085020244	43.07051282051282	0.6579983751466053

S17S23.txt	1.51439707286032	0.8984918981994608	-0.02673917969388015	0.01276411454332188	0.10864699220988018	0.11963562753036439	8.703846153846154	-0.3580564871445204

S17S24.txt	1.61020237320116	0.9832292829761258	-0.040150954821788626	-0.049059667804085494	0.09438051443788464	0.13403523255093458	20.81153846153846	-0.8004942732003135

S17S25.txt	1.6420313790256	0.824298164807852	-0.02665664930524636	0.054119801050030836	0.11201335999723269	0.10265236088115383	54.135897435897434	0.39804870541982534

S17S26.txt	1.69269491140694	0.8357110612115147	-0.06481146639056345	-0.07117728661712103	0.05937125649726538	0.07795495061129282	12.216666666666667	-0.7225740509873514

S17S27.txt	1.6313093685975	-1.4141264122355293	-0.2669855422687707	-0.8455436304871249	-0.12124549043059786	-0.15739662958565262	-21.46153846153846	-1.4617205914948552

S17S28.txt	1.57837635615413	-1.3447423863257957	-0.03978816983479892	-0.040449147277124564	-0.012333107686434905	-0.048987854251012146	27.212820512820514	-0.863796281961967

S17S29.txt	1.56718568626666	1.1657309901185515	0.023912594224749145	0.026779903055981602	0.030401172882345357	-0.015789473684210527	25.473076923076924	-0.006325908873935715

S17S30.txt	-1.72118408880666	-0.9476641091229974	-0.30047712131815374	-0.9547473022197581	-0.27611227684787115	-0.32262301269133453	-71.97682926829269	-1.585048832072898

S17S31.txt	1.57739541340737	0.9008575077592387	0.03443423949703456	0.05314031359285659	-0.08866047980179251	-0.14494660679527624	-37.94230769230769	-1.3775096447172501

S17S32.txt	1.43105948722043	-1.0523704355213466	-0.03770185228251588	-0.19065171768687023	-0.07901540001765349	-0.12489878542510123	39.39102564102564	-0.029529911192321207

S17S4.txt	0.0264922870556674	-1.0064800038511172	-0.35927192858562906	-1.02777130757023	-0.13393236062512456	-0.11214574898785426	-29.784615384615385	-1.2766993401383546

S17S5.txt	-0.364829881656805	-1.3479405320601836	-0.30112356267636126	-0.9044735948603683	-0.140667026900409	-0.11915931904302311	-66.35365853658537	-2.07763284615024

S17S6.txt	-1.78504149958034	-1.122492763093617	-0.3057150730063311	-0.8987928283041786	-0.2382398651742207	-0.3179728177411939	-42.68414634146342	-2.054341066683367

S17S7.txt	-1.70639911226188	-0.5117263209439096	-0.529606056650638	-1.6186298318927093	-0.280291973809562	-0.19940280404098754	-5.971794871794872	-0.5427675190089307

S17S8.txt	0.139707934145661	-1.1461761970558637	-0.36753482307141255	-1.0250150044592714	-0.38204932915907464	-0.3722672064777328	-92.97307692307692	-4.02576680245909

S17S9.txt	-0.218063379341645	0.8795545511773958	0.2678674036182401	0.8247697248985453	0.1723425275856898	0.12401500938086307	54.65243902439025	0.7040375120310244

S18.txt	-0.221810089020771	0.8277078923110641	-0.015695932392716633	0.031573013223544555	0.06296511475283448	0.0020152925173212337	-17.89615931721195	-1.5088994228135826

S19.txt	1.13675958188153	2.1053096025655313	-0.08356050677292418	-0.1524753590839411	-0.01619827042033422	-0.0008097165991902834	18.762820512820515	-1.0648136955767598

S2.txt	1.26576552024854	-1.3721342184545726	-0.2876552838839831	-0.8788773272228507	-0.03631575236378506	0.019635627530364373	13.265384615384615	-1.1680726608993315

S20.txt	1.29154603358425	-1.530846029824706	-0.05911195496153947	-0.15995574626576697	0.020947485421580488	0.05526315789473685	17.865384615384617	-0.5551800894316593

S21.txt	1.25823806321453	-1.3350632044436517	-0.04290103602206423	-0.04977852951905393	0.016081998221211626	0.04797570850202429	-2.1576923076923076	-0.9872814400103844

S22.txt	0.0554724191914542	-0.7438028901023864	-0.09427460848446759	-0.21828283742153332	-0.06826465124510028	-0.023520188183815564	-1.421602787456446	-0.7871608929958329

S23.txt	-0.0402955003357959	-1.1311893331071112	-0.33925917568612785	-1.1550046963245224	-0.11931163949802484	-0.04781704781704782	4.066126855600539	-1.7623838343518057

S24.txt	-1.13983050847458	-1.6962337499880094	-0.06967673888237375	-0.13355056701337076	-0.17564733458459753	-0.21862348178137653	-3.1474358974358974	-0.8258309467686882

S2S1.txt	1.41673750826485	-1.3550543761796645	0.04199464504451314	0.10076212576713528	0.10927671073429811	0.1431174089068826	6.441025641025641	-0.6635685653247613

S2S10.txt	0.191066897579443	-1.18496826593018	-0.026904530942788635	-0.20915295388464972	-0.0686958400952652	-0.013967611336032389	-50.748717948717946	-2.0449044047774914

S2S11.txt	0.132551763259904	-0.9580648688191246	-0.2761653174543927	-0.9348128299782642	-0.018934532354900502	0.04099397748050759	17.128205128205128	-1.6153087707088176

S2S12.txt	0.0729316922579167	-0.8167123439544559	-0.026915066637833468	-0.20870438500171445	-0.036626995287960956	-0.020547598588995165	10.824358974358974	-0.48509515478852355

S2S13.txt	-0.113254177187987	-1.39775420011949	-0.3150452288029582	-1.1858225423250168	-0.2611972559170831	-0.19554655870445345	-45.48974358974359	-1.4648198275446758

S2S15.txt	1.48238903551667	-0.8500281499875721	-0.3304320200210008	-1.0995278586485457	-0.10846664087529168	-0.03866396761133603	-44.207692307692305	-2.84715729182959

S2S16.txt	1.34108651911469	-1.0529127887590126	-0.2605049868148297	-0.9067351168330846	-0.10403290226981787	-0.03117408906882591	-29.943589743589744	-1.818672511395325

S2S17.txt	1.67282360831657	-1.0394477960188	-0.04453944693809547	-0.23568841863075746	-0.06987123869646023	-0.0016194331983805667	-9.487179487179487	-1.0683474150980625

S2S18.txt	-0.0091496088307792	-1.4446393316125241	-0.06528332748085466	-0.271053974229583	-0.12160812917854498	-0.046761133603238865	-23.573076923076922	-0.9393852624541246

S2S19.txt	-0.202235318024792	1.0946342569726921	-0.0020550023780930293	0.015978754790060168	-0.019416184071982617	-0.02854251012145749	-4.0025641025641026	-0.6166086442089876

S2S2.txt	0.0138309609019724	-1.087305863687324	0.02773426809849261	-0.043193523351834295	0.06544226660509751	0.09149797570850202	-8.293589743589743	-1.286307322873345

S2S20.txt	1.49087608674883	1.1040387431570131	0.2582323841809514	0.8016863596653221	0.11697797931739257	0.11508679603786946	79.23076923076923	1.3103602734890825

S2S21.txt	1.52999799075748	-1.021660386620097	-0.015867366911314545	-0.15385208934116062	-0.05804380157674702	0.003542689411895718	-39.68974358974359	-1.5213948254687928

S2S22.txt	0.189109136477558	-1.2528553510269578	-0.055608613555061304	-0.2573032455082276	-0.04672212141365133	0.03714762897616367	-23.54230769230769	-1.4464284875520839

S2S23.txt	0.238300204520847	-1.4097017362563817	-0.04958925204943643	-0.17657419851233824	-0.15091793829285913	-0.09979757085020242	-53.88461538461539	-2.1904067450409603

S2S24.txt	1.36187265015588	-1.3623972090307808	-0.24973022442167575	-0.7907200186819062	-0.14186945208001506	-0.0714574898785425	-44.53589743589744	-2.3041534124709293

S2S25.txt	1.43000063119359	-1.1193356096266331	-0.016817331160451865	-0.10820033417019642	0.039354664228069366	0.060291060291060294	-17.82456140350877	-0.5164929730880571

S2S26.txt	1.49987376128259	-3.039664781562704	0.03617928442446078	0.035163616252860797	0.10678232957583844	0.09257536808735375	33.06072874493927	0.6949391419840407

S2S27.txt	1.33842767295597	-1.633677271941547	-0.02406054676258554	-0.09869581797297278	0.006626553685343567	0.07867381551592079	-25.813765182186234	-1.6514209870536631

S2S28.txt	1.49876823953004	2.731246668014775	0.04257799365512474	-0.01747063425147488	0.1201701229338199	0.07451581135791661	13.860998650472334	-0.5935748871852407

S2S29.txt	-1.61578697099382	-1.1515061675276206	-0.08313067298230253	-0.14717345166091345	-0.13958360956522942	-0.11063312934862912	0.16282051282051282	-0.8012823839213188

S2S3.txt	1.48845134418781	1.555050840858935	0.032362139322252376	0.11119010422810921	0.1149396669736984	0.0971709095834254	11.126923076923077	-0.410499370568363

S2S30.txt	-0.0234145067881895	-0.5921256439383649	-0.03619351774046445	0.04787053728609414	-0.09280151556725345	-0.06454033771106943	12.819512195121952	-0.3443366731922077

S2S4.txt	0.0675883256528418	-1.0722545967576567	0.0037186815332657663	-0.05472517142034505	0.036395467198012114	0.07612877256669397	0.9	-1.6139705734613932

S2S5.txt	0.0100535106210475	1.024559507191204	0.03720822781412922	0.048845759585556425	0.10130614037663688	0.11781376518218624	44.85769230769231	0.09307960186421647

S2S6.txt	-1.16173071170216	1.102259517010167	0.32073502825515643	0.9541345381266051	0.005699650963220289	-0.0575940078676761	13.694871794871794	-0.9434885747536669

S2S7.txt	1.48562261556505	-1.3045639643294211	0.030591979620791798	-0.0490451740878744	0.1144146149775742	0.13522267206477734	25.73846153846154	-0.48075348434848447

S2S8.txt	0.15511320017778	1.2306662617323647	0.0347606892731156	0.07519739806474313	0.05002488663812965	0.10728744939271255	-2.5525641025641024	-1.0463901804378062

S2S9.txt	0.175812858614094	-1.0305339242904523	-0.03261063727396779	-0.22687353127468501	-0.10171105669668262	-0.03684210526315789	-47.194871794871794	-1.218502314367866

S3.txt	0.00981199396184995	-0.9740309696972024	-0.316374527419059	-1.0608442610087345	-0.1396062293472737	-0.10242914979757085	22.671794871794873	-1.0728402540104056

S3S1.txt	1.37618511217497	-1.09435418305999	-0.05459774392009312	-0.2649593412450876	0.03301840555156131	0.10909289856658277	63.43859649122807	0.32916573126471377

S3S10.txt	1.27506212450065	1.7495100443125802	0.30651265975916137	0.9291786892279736	0.33469065231512596	0.3239960608381661	95.15249662618083	1.9052100765220508

S3S11.txt	1.55850248946764	0.7208732210629876	0.4176019112214594	1.235085844913888	0.40577303599550707	0.4257300476123825	77.2051282051282	0.6997826212188526

S3S12.txt	1.53863001697421	1.1182241195726146	0.03286094253377092	0.01903000865677229	0.2638172728324299	0.30492003054638595	58.6448717948718	0.9134746896098067

S3S13.txt	-0.16090297790586	0.7032580871270901	0.16541037662668362	0.38828839164040924	0.31676119149000026	0.2599989061176744	65.23481781376518	0.7236439123332362

S3S14.txt	1.3135446685879	1.0226153903944473	0.37601880077696187	1.100429418145898	0.2440989442155193	0.18825910931174092	73.72435897435898	0.947008849981822

S3S15.txt	1.45684254047006	1.3312149469525778	0.16928064240411178	0.4728331489617554	0.23781476097554324	0.2197297152711659	35.557354925775975	-0.36453163834443786

S3S16.txt	0.250374277198621	1.2140715186094546	0.27137559676315426	0.9114580121392568	0.11308195027259266	0.0910977277344613	85.81282051282051	1.522402043847942

S3S17.txt	0.15946397741909	-1.0720819881141421	-0.002494598962506478	0.08076997488485987	0.06495427720641438	0.07773279352226721	106.96794871794872	1.237333261787803

S3S18.txt	1.35053096513486	2.9668497738981925	0.010108167605653279	-0.013054586193910644	0.1104908230309185	0.1576758945179998	-12.029689608636977	-0.979364410724219

S3S19.txt	1.40744759225772	-2.0082397032014176	-0.024528926365798703	-0.14892187873382434	0.0688425002387413	0.154251012145749	13.429487179487179	-0.7544578010540713

S3S2.txt	1.39648228557045	-1.5321926643835757	-0.015397455847238062	-0.0929077219246805	0.045917699507785514	0.13053944632892	81.78002699055331	1.3761199222073865

S3S20.txt	-0.212836477818631	-1.4191594173496997	-0.3239872873479315	-0.9619884928868876	-0.16601220096522737	-0.10708502024291498	-53.62307692307692	-2.676209284757905

S3S22.txt	-0.140876010781671	-1.7667481490412071	-0.3411657518677436	-1.0283529137235368	-0.15320001906348785	-0.09028340080971661	-35.741025641025644	-2.1677316569163505

S3S23.txt	1.27060801721819	-2.3316816557180737	0.012774218272235821	-0.05048068297567998	0.12936012809297143	0.16275303643724695	-12.908974358974358	-0.9548193055855967

S3S24.txt	1.25131777108434	-1.9720924986457158	-0.01708663560906859	-0.14792315707912257	0.109424826446159	0.12854251012145748	1.8602564102564103	-0.5139045662454126

S3S25.txt	1.42396616541353	-1.9769640045593704	0.0011658069917063196	-0.08608113852870164	0.12385683477165407	0.14008097165991903	-27.328205128205127	-1.568688728006903

S3S26.txt	1.60960989533777	-1.666450873090612	0.008211716356426702	-0.06492083155270945	0.16424361772719798	0.20040485829959515	8.5	-0.6418540425270091

S3S27.txt	1.63025848273617	-1.147932442829246	-0.0044311847739516574	-0.06666975608400866	0.09704011410081476	0.17813765182186236	-7.628205128205129	-1.6557782781862496

S3S28.txt	0.17397142767321	-0.6632424827735475	-0.3363721238505714	-0.9961535098077932	-0.053111929307084034	0.017409787967030386	-16.03974358974359	-1.1235743367799127

S3S29.txt	1.55126749905411	1.7295976517262117	-0.014353133631753556	-0.15964178959938924	0.02812487035239846	0.06948243790349053	-39.2361673414305	-1.557957461328127

S3S3.txt	1.51224961719946	-1.2706367199175816	-0.009225118934031745	-0.035296843149549006	0.10936506170228305	0.22573585731480467	43.51551956815115	0.7889681293526711

S3S30.txt	1.53290560112618	-1.6307805946864207	-0.02918623318601865	-0.15629744254630346	0.017721030485411737	0.06862348178137652	-19.171794871794873	-1.2597935688132589

S3S4.txt	1.59801602236679	-1.3217043149373955	-0.04750790732185853	-0.28359498348715545	0.10055695293831984	0.1751012145748988	54.73461538461538	1.4976186405029648

S3S5.txt	1.48563490560081	-1.2997483403931116	-0.061391441203441616	-0.23985447215454503	0.15050358646881415	0.18021665390086442	71.50472334682861	1.1501933965877493

S3S6.txt	1.54267425320057	-1.0777248017540133	-0.051270391029608064	-0.1777969531823334	0.15100600150725263	0.23208228471386366	95.2672064777328	1.3911628161559286

S3S7.txt	0.163297772786824	-0.9350326003931368	-0.3412792708881952	-1.0513482349899461	-0.00493853294257221	0.060841494865920435	61.12685560053981	-0.06719124034446054

S3S9.txt	1.67827654930246	-1.3960881102970717	0.10332522234214128	0.25086355276212524	0.29286166668191366	0.40789473684210525	106.26410256410256	2.3086924362395913

S4.txt	1.37106642157535	-1.3223636190567654	-0.26884760610828246	-0.8311492575656474	-0.03318809168546463	-0.008502024291497975	36.64102564102564	-0.5091513631559159

S4S1.txt	1.69075007129955	-0.9232537230971147	-0.1326005881238283	-0.5667622953212195	-0.09243871093893932	-0.05698668968277968	-23.55128205128205	-0.886408543733965

S4S10.txt	0.480113906027527	-0.53161224086243	-0.41070855176889626	-1.257969239999222	-0.1040056097364564	-0.01012196974827348	31.56153846153846	-0.7389360247855895

S4S11.txt	0.0897446357183649	-1.3222552501139915	-0.39356813644508265	-1.2485851152021443	-0.14190724994674866	-0.06904231767351766	1.1025641025641026	-1.7723797834254182

S4S12.txt	0.050088351230121	-0.7033767378119424	-0.36345904413995617	-1.3012048811430525	-0.10543245136455565	-0.03169781240085838	43.77948717948718	-0.36139655547704946

S4S13.txt	-0.00450029143453556	-1.1027443563615316	-0.3318769080094908	-1.0578271826564123	-0.1365395401754711	-0.0555696139180214	19.81025641025641	-1.37194892403311

S4S14.txt	0.0975065331010452	-0.8432718804999619	-0.030430440840007067	-0.17410623358807165	-0.1606726991430323	-0.1640008132420801	0.6717948717948717	-1.0744365284952646

S4S15.txt	1.44642516682555	-0.7419462096665954	-0.4006658162141085	-1.2573091738000732	-0.13488530166999352	-0.05445344129554656	20.132051282051282	-0.5729047463599821

S4S16.txt	0.11048577395644	-1.0734344819348385	-0.32291470459725113	-1.0431400996590994	-0.1751840709963676	-0.15506072874493926	3.5397435897435896	-0.7233996511481133

S4S17.txt	1.49872195399034	-0.9341785929556812	-0.0037765419416077306	-0.12012784427988821	-0.05208688477308559	-0.05850202429149798	43.52564102564103	0.6307244620025116

S4S18.txt	-0.0905618313554369	-0.8885655327424353	-0.3532806459620922	-1.065496833306623	-0.2582573382223157	-0.10587044534412955	-29.266666666666666	-1.6150352473893868

S4S19.txt	0.251096700362388	-1.4363558841045885	-0.09658985465498876	-0.22479334955613156	-0.14640228147406725	-0.09554655870445346	20.95897435897436	-0.4036519585556489

S4S2.txt	-0.508878926181725	-0.4361726369269957	-0.38724644130807473	-1.2160141739209163	0.0023680088364672475	0.03259109311740891	44.426923076923075	0.04444865831086301

S4S20.txt	1.72816834050693	-1.4083132749254377	-0.08186210166082833	-0.16284088304753475	-0.1419584730544926	-0.0716599190283401	2.532051282051282	-0.5787931041740922

S4S21.txt	-1.49026253570404	-1.4956804365730996	-0.22487734840137458	-0.7122568032522063	-0.032048742607238404	-0.04777327935222673	94.6025641025641	1.7053086135588

S4S22.txt	1.92727968615444	1.0224194772064794	0.005978992645131298	-0.010344217193228311	-0.0012379156750230436	-0.06902834008097167	10.296153846153846	-1.2009041663876343

S4S23.txt	-0.137033492822966	1.2951542799300675	0.07258367599124055	0.3399886932732593	0.11881499334762725	0.07894736842105263	80.84358974358975	1.3611379843012306

S4S24.txt	-0.10993842246829	2.840755184806419	-0.053999047427378155	-0.2616187004265823	-0.12676880507524146	-0.07430654130844863	-71.10641025641026	-2.3619708858772896

S4S25.txt	-0.14833012597415	-1.6777224127191994	0.04371941060367872	0.2046974446263164	0.1322656629090882	0.09493927125506073	63.84487179487179	0.4298373998575517

S4S27.txt	0.259761182714177	1.316743189964595	0.030895154337896885	0.14314977118267413	0.026133124682240688	-0.008704453441295548	24.653846153846153	-0.1977877208160966

S4S28.txt	0.3220675944334	1.4065798320826417	0.004998927884672655	0.03942731592823956	0.027128949466761074	-0.01437246963562753	19.076923076923077	-0.7340100023690799

S4S3.txt	0.333964945523449	1.3414078764704778	-0.0571787130340847	-0.222839670420449	-0.01792025438777929	0.06478060638895027	63.766666666666666	0.6354975168411386

S4S30.txt	0.195736617716722	1.3774477767564675	0.012799516137151717	0.1681114083352434	0.0028000193666736853	-0.024493927125506073	18.426923076923078	-0.7231538758274632

S4S4.txt	1.81276757682428	1.5631254362114926	-0.0795309065729907	-0.32205075925340254	-0.07079107045000467	-0.05790645998424063	-66.61282051282052	-2.588974223354806

S4S5.txt	1.74470107404239	-1.0480895790120015	-0.2969681268538225	-0.9131504957877223	-0.13963326157806738	-0.0858343034653591	-35.575641025641026	-1.9801612592012632

S4S6.txt	1.83046168491195	-1.087613830473852	-0.10361655697347227	-0.37900105928915473	-0.06058930038966035	-0.03300263278822105	19.421794871794873	-1.76863409112714

S4S7.txt	0.124350990038293	-0.6909138481563128	-0.023702827888236855	-0.10081300285011568	0.01957411180097783	-0.013158560672755523	31.53205128205128	0.30882143607296286

S4S8.txt	1.90336735667271	1.3366088651406134	-0.020196476260720242	-0.10623298876627163	-0.03281043334030552	-0.0196396035610886	-20.58974358974359	-1.9142522660541574

S4S9.txt	0.0762468947066692	-1.2826204657752556	-0.05369228657380906	-0.28689143476265583	-0.011435513438090607	0.021056894539723862	21.411538461538463	-0.7387944682637213

S5.txt	0.140633216106826	-1.0813395749468835	-0.29129806791256274	-0.8830030787009431	-0.1809399751059466	-0.15440170729462901	-35.42780026990553	-1.8779796377928237

S5S1.txt	0.162190376767581	0.6301722122544794	0.31216886467838645	1.0262461171238697	0.14132518170220817	0.14059415980351864	34.08589743589744	-0.3124864165124359

S5S10.txt	-1.69892370701972	-1.4114649067204406	0.011557762696187523	-0.0077650041945225845	-0.10342127132094164	-0.09705657074078126	28.79622132253711	0.6818558521252411

S5S11.txt	-0.0769805781698084	3.051664335544602	0.22516263059268032	0.6922843021012436	0.229212698662246	0.16417004048582998	73.87564102564103	0.638392489538458

S5S12.txt	0.000955748829207681	-1.556197613928111	0.04980607694282674	0.04328577100688635	0.20004004886198012	0.2589068825910931	129.02307692307693	2.069940636022829

S5S13.txt	-0.0573871733966747	-0.5747237248694466	-0.3607869853258697	-1.1260591719779012	-0.0422794302615851	0.017397964766385818	4.973009446693657	-0.9795460759905611

S5S14.txt	-0.0214931050879696	0.9912508788020578	0.032738036219551236	-0.025234888802663558	-0.03417657083326844	-0.053944632892001305	26.03778677462888	0.4366151985341952

S5S15.txt	1.82299287410926	1.0842776976324129	-0.01887841925940384	-0.19356664366258486	0.08881205547974005	0.12769449611554876	3.881241565452092	-1.0087973719137973

S5S16.txt	1.60330108138873	1.4948759533350513	-0.0933297382964094	-0.37433420043400906	0.04173069310095058	0.07013896487580698	41.77732793522267	-0.1398825875066489

S5S17.txt	1.81080311372698	-1.3077628493941722	-0.05781214764348677	-0.1996427260275307	0.04659533993014224	0.08042455410876463	-29.92442645074224	-1.732100492178771

S5S18.txt	1.75462216744098	-1.363127622540117	-0.09368061821408193	-0.3505527063578774	0.018896734648944487	0.07801728854360432	10.101214574898785	-0.5900188906399509

S5S19.txt	0.152719237222245	-1.3792533777654459	-0.2776958632732808	-0.899238473491583	-0.06673845523070175	-0.027327935222672066	50.18846153846154	0.27888204867970023

S5S2.txt	0.171125023714665	-0.9829354837135795	0.04448316892069573	0.2519232966441321	0.12390896646776639	0.15748987854251012	37.81794871794872	0.9037730512222862

S5S20.txt	0.29713036868111	1.6055269057954342	-0.009864423251837784	-0.10214567788889317	0.08450961441837418	0.11040595251121565	26.624831309041834	-0.9110348504685515

S5S21.txt	1.28122320663047	1.0809326984263	-0.018117245220637734	-0.11167422756595796	0.0619736594478271	0.13338439654229128	-9.79757085020243	-1.0439026234017847

S5S22.txt	1.40348704268293	-1.4511874625194667	-0.04902971422829752	-0.18015564311719057	-0.11738337524647277	-0.014990699201225519	-106.2132253711201	-2.0835016871191367

S5S23.txt	1.69519733713742	0.9526525606704772	0.12990681731627962	0.27954195946318355	0.28824261246385424	0.34493927125506074	11.997435897435897	-0.3845422456858922

S5S24.txt	1.08889522722951	-1.4811997027048023	0.005152376589757146	0.016137644474934654	0.0703416445734828	0.08108108108108109	26.86369770580297	-0.05017116403853531

S5S25.txt	0.15217804831653	1.1848937549270055	0.3433559888377896	1.0722222761363929	0.2556904316275418	0.18178137651821866	57.52307692307692	0.5603154060415472

S5S26.txt	-1.5524767508066	0.9060887812975119	-0.3359638430848089	-0.9726100790412686	0.030040035967295965	0.18526017792160898	9.944871794871794	-1.3373107109230264

S5S27.txt	1.42362464398141	1.4251879707902222	0.2763455945967781	0.7975304760562413	0.2122541581000431	0.22550607287449395	75.32820512820513	0.35001950440190804

S5S28.txt	0.198555270411558	1.457166431401758	-0.04550214950277154	-0.18202155844741646	0.1392860206421137	0.21032388663967613	26.884615384615383	-0.3027685978699971

S5S29.txt	-0.0785353844479808	1.8894807470344337	-0.01609125718134441	-0.11423085398841643	0.08451858157019912	0.07125506072874495	31.483333333333334	-0.4211295287659204

S5S3.txt	-0.00798782807151011	0.7800894800364185	0.3133104978458443	1.0652340198455028	0.15382910634499886	0.13401487946714086	21.185897435897434	-0.604846129152288

S5S30.txt	0.126082405557142	1.814132560878145	0.04339398559554822	0.10338165566051905	0.14547920075968654	0.1686234817813765	14.574358974358974	-1.2838875504064249

S5S31.txt	0.0374869507449939	1.645819736359255	0.057481747204236835	0.23637254153122184	0.14828234029551934	0.14777327935222673	56.797435897435896	0.7187783240271354

S5S32.txt	0.132520944402132	2.9668848022977947	-0.19472812338008705	-0.5771487080436535	0.030067460747294123	0.07206477732793523	24.076923076923077	-1.5023475955640146

S5S4.txt	0.378633125275834	-0.7646692200860228	-0.2717706370691956	-0.8026202410752579	-0.010864248951504153	0.028037856202717537	10.661538461538461	-0.7762359451793371

S5S5.txt	0.284060721062618	-1.0705430864817047	0.05724992254247707	0.16261812322025315	0.12888480304817868	0.13380566801619434	63.83717948717949	1.0868984739768028

S5S6.txt	0.178401973809072	0.5835910052581146	0.37324246880135126	1.1610402017182107	0.2276037853920515	0.23482969815994473	38.64230769230769	-0.1440538211670202

S5S7.txt	0.0362153962836556	1.0048101095994517	0.31734646682035267	1.0435936591664785	0.136279017187816	0.14879295529962014	7.86025641025641	-0.436539936640852

S5S8.txt	-1.35969921949362	1.5571758557078115	0.3291454950784224	1.119033176308763	0.18732860481210045	0.0925101214574899	55.516666666666666	0.04647231466897632

S5S9.txt	-0.176470588235294	1.399246783458365	0.2833344078366922	0.8582524087870191	0.16771520540295548	0.10161943319838057	51.684615384615384	0.028562619448728312

S6.txt	1.34883071163142	1.5241402546285328	-0.0665741331432013	-0.10683381418731153	0.00034766938854666196	0.02874493927125506	23.29102564102564	-0.45655146332720187

S6S1.txt	1.43490225849307	-3.060543438478505	-0.009497155870549279	-0.0830756766279015	-0.08025627316012907	-0.046558704453441305	-46.33717948717949	-2.2515865236552752

S6S10.txt	0.142761531422015	-1.1493465301919974	-0.0030266290173944776	-0.07888950844782483	0.04905288938457887	0.08350625042325621	17.956410256410255	-0.06903412683354312

S6S11.txt	-0.251742993848257	1.890494558565551	-0.007771294780030802	0.05589215951088161	0.013111947620060158	-0.01437246963562753	24.21794871794872	-0.12394427580901259

S6S12.txt	-0.00441059082975936	-1.545656279614541	-0.13327287194355092	-0.462401003209695	-0.15148654156334204	-0.1097165991902834	-31.534615384615385	-1.1113501496537757

S6S13.txt	-0.164083590270641	1.4662490007193054	0.09320303054756092	0.4029122905675158	0.222538944291662	0.10931174089068826	105.08076923076923	1.5093067475168946

S6S14.txt	0.0919391038641465	-2.6552265092186444	-0.052189060966378514	-0.18097491423656742	-0.1482674683356175	-0.13238866396761134	0.658974358974359	-0.42526895516652863

S6S15.txt	-1.89181757845833	-0.6006536840381682	-0.5199001433139827	-1.5979404778161037	-0.5265399824533987	-0.4962801767578487	-92.85641025641026	-2.283550835075046

S6S16.txt	0.188125806670742	-1.4630352233942625	-0.05905186858285705	-0.2469574300689763	-0.07284953440717082	-0.0340080971659919	-3.7064102564102566	-0.8291234208122716

S6S17.txt	0.243679215993305	-1.1867631988646397	-0.28201194441082555	-0.8696353644000505	-0.025700173386511593	-0.015182186234817815	-1.155128205128205	-0.6432899772220968

S6S18.txt	0.199120210714965	-1.0625081281534476	-0.30844336682269224	-0.9704676204594315	-0.04714212220844242	-0.04129554655870445	-29.455128205128204	-1.4347646599210913

S6S2.txt	-1.55212022590217	0.6975521050108071	0.36122795300280836	1.0905071772237618	0.03273546045375458	-0.04129554655870445	11.828205128205129	0.19248687725534225

S6S20.txt	1.3859615750428	-1.7047740197157772	-0.28269384272444276	-0.8437497403253424	-0.08279545174906439	-0.028340080971659923	-6.441025641025641	-0.6799571752049355

S6S21.txt	-1.55299758237579	-2.7608627886352433	-0.10246245032741591	-0.37865152283742964	-0.29308644664029276	-0.3054655870445344	-23.25897435897436	-1.719038816381163

S6S22.txt	0.378708882358517	2.4031157342773684	-0.09184768546537725	-0.3065476745771466	-0.0712830536505972	-0.10040485829959514	-13.96025641025641	-0.9943933238169991

S6S23.txt	1.62509970393002	-1.484972590869512	-0.07088866024018184	-0.30214600231672273	0.044768783955527844	0.10243433385252762	12.878205128205128	0.034319306794597874

S6S24.txt	1.57866544023158	-1.4658398247408897	-0.10130278462181841	-0.36197253531893486	0.057157066722247296	0.1623563947623066	-15.807692307692308	-0.9321577828166234

S6S25.txt	0.18105917649774	-1.5217357964676337	-0.3175786775802174	-1.0380680326993394	-0.020876063060194572	0.056680161943319846	-28.1974358974359	-1.2162135982819258

S6S26.txt	0.204070011795171	-2.7201971916593015	-0.0913700822856121	-0.3340755285242067	-0.0900252239036309	-0.0257085020242915	-26.24102564102564	-1.2578933358869844

S6S27.txt	0.0472232458474935	1.8434791990492596	0.004752202848712195	-0.019890454949886616	0.09621935507583779	0.14878542510121456	11.596153846153847	-2.015349456811836

S6S28.txt	-0.164730728616684	0.8009964250201189	0.299296669781603	1.0099107414737136	0.11782366605834088	0.01153846153846154	15.611538461538462	-0.1487167310614674

S6S29.txt	0.142004143141476	-2.6667318114309397	-0.10679465636529299	-0.4183900559385644	-0.2072203041096319	-0.19160888733481696	8.162820512820513	-0.6404183033337654

S6S3.txt	-1.51442814686991	0.7404063574939052	0.36903129390964445	1.2330758505950934	0.17373232841478198	0.15404858299595142	34.924358974358974	0.1505491305289547

S6S30.txt	1.38149847094801	2.1858252593021072	-0.014817820844626906	-0.14556313291660583	-0.04737336444996922	-0.09595141700404858	3.046153846153846	-0.27749212535655926

S6S4.txt	-0.0293698317650413	-2.8961208605407287	-0.1050955660639276	-0.4054301290697896	-0.14580150440788042	-0.06902834008097167	-21.857692307692307	-1.7235560110622188

S6S5.txt	-1.76273778797438	0.9083942936520442	-0.022457528348598293	0.10980739856833399	-0.011155090979479844	-0.038259109311740896	80.31282051282051	1.1869573765173578

S6S6.txt	-1.45130177995719	-1.1497181154110825	-0.2647240730472844	-0.8551070561005949	-0.04985118190669835	-0.11539045513031766	-11.664102564102564	-1.5559384654315278

S6S7.txt	0.364153877357853	-1.6453114046504624	-0.29657047169158957	-0.952719157183141	-0.030012255006897748	0.09190283400809718	19.07179487179487	-0.49642723589188903

S6S8.txt	1.49063220665093	-1.540081330725772	-0.20803227374103106	-0.6072631624249749	-0.05976591089610951	-0.018016194331983808	-7.698717948717949	-1.6512893208437578

S6S9.txt	0.301238095238095	-1.2436811303140085	-0.04968001754357246	-0.22798502734047643	-0.04536447789164957	0.013967611336032389	-31.398717948717948	-1.2306522670305045

S7.txt	1.43044532627866	-1.1823293355621425	-0.08560009250513421	-0.1949414897750824	-0.0476993949746297	-0.017611336032388666	-11.00897435897436	-0.8867091874960725

S7S1.txt	-0.0211890780180229	1.6611057617001415	-0.01886609227001808	-0.13281202657291402	-0.08812354457897417	-0.029149797570850206	-5.515384615384615	-0.9068664438867973

S7S10.txt	-0.082820839316193	-1.6253006672083916	-0.26833804272054507	-0.8664388712092441	-0.22407508574103802	-0.11578947368421054	49.86923076923077	0.5432019645428459

S7S11.txt	-1.44047392764367	-1.369497530095337	-0.06486005248953565	-0.1755708531862643	-0.1738907780718939	-0.14453441295546557	36.985897435897435	0.4434406351956838

S7S12.txt	-0.120170859041291	-1.6467659191767883	-0.2644094419204656	-0.8392749348729917	-0.22595269914161858	-0.15040485829959513	-5.197435897435898	-0.7774434617637304

S7S13.txt	0.0598774163130599	-1.799498021424613	-0.06796212363998297	-0.2836204675747234	-0.19359387803909409	-0.1410931174089069	-20.597435897435897	-0.9904638567588796

S7S14.txt	-0.178861013068778	-1.6099321931873627	-0.048423568441546216	-0.12025999739694743	-0.17923447239203533	-0.1368421052631579	17.593589743589742	-0.09826387999375263

S7S15.txt	-0.256577885391445	-1.2563558860440096	-0.3090037568205363	-1.0655517371683	-0.22291926542531873	-0.1651821862348178	-6.505128205128205	-1.3486495963770415

S7S16.txt	0.350004790648654	-1.6199011405749606	-0.3063795544247515	-0.9730040553563911	-0.2434656171951948	-0.2870590620610359	21.00897435897436	0.5957670666067878

S7S17.txt	1.58152999240699	-2.793809050788257	-0.062934077036921	-0.12136373353791002	-0.026491145025464045	0.03765182186234818	7.403846153846154	-0.5241959241047227

S7S18.txt	-1.38207127101344	1.3905800155066594	0.018516094457287774	0.15400889813065816	-0.004935697657210976	-0.0257085020242915	45.48076923076923	0.8422758487342048

S7S19.txt	-1.13283064490471	-1.6935984175499836	-0.27041579169305613	-0.8359347231485987	-0.01622486648962278	0.016194331983805668	32.91794871794872	0.2704485244527735

S7S2.txt	0.0140397134974245	-0.9830043006778565	-0.07690006133304235	-0.16925778567848387	-0.043819320465057765	-0.02773560091140456	30.585897435897436	-0.35220273601885954

S7S20.txt	-1.36394101876676	1.8978720510165576	-0.001257214202835727	0.1038144735641805	-0.007416492733108626	-0.05647773279352227	57.4974358974359	2.0616070821026806

S7S21.txt	-0.226965659598424	-0.7495327765495194	-0.38901222615333814	-1.1914644736379103	-0.3885046299914647	-0.3359625894168544	-75.94146341463414	-3.565228154853477

S7S22.txt	-1.41510830819852	-1.4616570788327214	0.24677647724552262	0.8407136919232642	-0.031142728265609754	-0.13522267206477734	29.752564102564104	-0.28250407225654484

S7S23.txt	0.210212520434657	-1.6430254206792747	-0.0017806603982824798	0.14456925625394268	-0.1401782790493622	-0.10020750050790744	68.32564102564102	1.0637776168873272

S7S24.txt	-1.66340433697947	1.230721432003707	-0.02365782470195507	-0.14459196075715314	-0.09246674528584661	-0.11012703086121545	10.624358974358975	-0.4665088752663627

S7S25.txt	0.0820539754363283	1.4594894818270798	-0.09608057453389425	-0.26951166710769564	-0.08132853779325763	0.031578947368421054	18.93974358974359	-0.47240380879539223

S7S26.txt	-1.59519692603266	1.092152545961063	0.009444124006564997	0.12620976126374245	-0.12666983050825723	-0.15425881896368782	67.7051282051282	0.5655942343876823

S7S27.txt	-0.130525914634146	-1.4174191341781786	-0.059017693646644276	-0.1393673678058478	-0.17507523459981655	-0.10566801619433198	3.58974358974359	-0.1689254901034954

S7S28.txt	-0.288096135213694	-2.136154248200636	-0.2201256675442016	-0.7220651858475171	-0.1334710312413339	-0.011943319838056682	-7.256410256410256	-1.6328032237750523

S7S29.txt	-1.87933478219786	-2.3144861236341905	-0.13050241197011098	-0.27169079293914244	-0.15952348658885435	-0.06654153712470674	26.545121951219514	-0.23122486212849036

S7S3.txt	0.0948821239320861	-1.661705140412235	-0.06267276891281355	-0.2604413513220521	-0.1263001561924354	-0.07732793522267206	4.453846153846154	-0.9842705319273837

S7S30.txt	-0.151466959144502	1.1387064761467145	0.28855029590547243	0.8372778451836929	0.159597954101948	0.10020242914979757	24.68974358974359	0.28862493843549286

S7S4.txt	0.0375342724780182	1.9751271680602203	-0.020230717188767816	-0.15463990342273642	-0.09393263585645932	-0.0562753036437247	-16.064102564102566	-0.6444136358009849

S7S5.txt	-1.70970880438506	-0.7810553099914412	-0.05445684496674294	-0.08658856282653121	-0.02182960518644092	-0.056087068361891194	47.093589743589746	0.24947928931903507

S7S6.txt	0.0199000192270717	0.7117011832326261	0.3848096366369836	1.121436195796882	0.04234073536367698	-0.0018222312582453345	23.91923076923077	0.33493536304413135

S7S7.txt	0.0602976476236198	1.5005577330410076	0.27992841839003657	0.950277738302211	0.0326534393664913	0.03117408906882591	39.82179487179487	0.44281323817479146

S7S8.txt	-0.0529642754525429	1.4879907408657598	0.07428822098168061	0.16985453926325067	-0.03580844191255902	-0.08006478070884322	49.217948717948715	0.5715148564583642

S7S9.txt	-0.0309447135550565	-1.7357276787979052	-0.020213851048921733	-0.148973175993462	-0.15164283596476605	-0.10962093237380177	-45.047435897435896	-2.421776076922762

S8.txt	1.2646575871728	-1.070334876975613	-0.3078864432700025	-0.9449113340161475	-0.06617768581601693	-0.03481781376518219	38.51538461538462	-0.40640765667141443

S8S1.txt	0.089079108268272	-1.5374093215894717	0.026927125849099287	0.15229407156082625	0.04724596394643424	-0.02268354721147876	13.197435897435897	0.13460893866176313

S8S10.txt	-0.0985942070006605	1.0062831644713757	0.00761208412732417	0.10233769772850176	0.03730766031279729	-0.051520826018712	35.11794871794872	-0.3083338519352671

S8S11.txt	-0.200777636253939	1.4503607978338204	-0.036934343824572724	-0.060668069693838145	-0.03078968270009788	-0.06539785515702701	17.05897435897436	-1.1955374875708915

S8S12.txt	-0.153795565576851	1.8307858481039094	-0.025881206832720632	0.007823582003271823	0.002800082220281365	-0.06639676113360325	19.953846153846154	-0.4429742222509775

S8S13.txt	0.0930979133226325	1.0975154075204725	-0.023130500258208925	0.029554477091410736	0.016894892233052836	-0.05779644726264157	53.74230769230769	0.20037940940368526

S8S14.txt	0.29152510381276	0.9208642170465684	-0.012299369535170787	-0.1356490659812864	-0.029843632363930034	-0.0948428565413225	32.92179487179487	-0.8911501511043693

S8S15.txt	-1.62032085561497	1.3473534708617723	-0.07756492865932393	-0.21171020495665605	-0.13341246674195748	-0.2254177504140702	-12.376923076923077	-1.1842916444053624

S8S16.txt	0.00151257326526755	1.4249252118781457	-0.05688299298151728	-0.041432295297185506	-0.08107373141711144	-0.1481781376518219	35.467948717948715	-0.2631480388747641

S8S17.txt	0.238586853570752	-0.618711395710333	-0.40219086298951173	-1.2262040786816828	-0.10715853835699733	-0.1498279034557275	7.494871794871795	-0.9150371421140603

S8S18.txt	-1.03056786254593	-1.8397023858221295	0.20371283949441285	0.6676115955354155	0.19222801772809633	0.032995951417004045	64.22179487179487	0.36760029262305843

S8S19.txt	0.00724433154577109	1.4593749302485777	0.03712767721868704	0.07714937209660677	-0.07700664422863832	-0.12834008097165991	-6.780769230769231	-1.0776712968987483

S8S2.txt	-0.409223529411765	0.8730077699651719	0.0035975622730953782	0.09301613508449913	-0.033389129551854274	-0.109422548563225	-60.29358974358974	-2.145930852447698

S8S20.txt	1.3568126373108	1.1113762105330616	0.06724107338484372	0.0858710682490289	0.1301261327747491	0.044736842105263165	42.76025641025641	-0.2287164548866671

S8S21.txt	1.19237320211961	1.7073904896894176	0.11967233939047991	0.32977063616521585	0.3113959738901901	0.3311740890688259	34.02307692307692	-0.5850640085607337

S8S22.txt	0.384695421869088	1.33692761262916	0.0071140467549928865	0.12301824560728303	0.06982298489841567	0.037449392712550614	48.44102564102564	0.28368065310303553

S8S23.txt	0.320083089415542	-1.2976538791336645	-0.024707813343435664	-0.0798496983847154	0.1274497087824379	0.16012145748987855	81.14487179487179	1.3671697278570987

S8S24.txt	1.58223697526616	-0.9711521956622584	-0.05576733908716108	-0.049168623564471936	0.08363808177754718	0.026315789473684213	59.37948717948718	0.9050594612884586

S8S25.txt	-0.270226515386587	-1.6099071160645804	0.05841240986159402	0.2977052418242783	0.06271890189724319	0.04554655870445345	22.975641025641025	-0.575092878750817

S8S26.txt	-1.78980355472404	-0.8661226874100245	-0.4122843273243636	-1.2749012008995133	-0.382066612015589	-0.36417004048582996	-62.491025641025644	-1.7567611497382958

S8S27.txt	-1.04296232368726	-1.4514530632533558	0.20202157188329609	0.6862200216917096	0.14549483451988474	0.08663967611336032	30.192307692307693	-0.12639087321672332

S8S28.txt	-0.0234375	-0.8557889875427018	-0.34439762443959515	-1.0210763961432756	0.00035917877907272727	0.14736842105263157	62.67179487179487	1.0089613566242692

S8S29.txt	-1.67266220924758	1.705117498033107	-0.001327354926926344	0.0908104875647524	-0.01771926260960359	-0.044745900896913215	51.06153846153846	-0.23277137116689053

S8S3.txt	-1.39899159663866	-1.0764165234611074	-0.02560253850850347	0.05164025436166697	-0.03894557320342128	-0.07318184128001724	11.496153846153845	-0.39039613072510027

S8S30.txt	1.82824678373556	1.0708069388468309	0.039316318120342725	0.11484791720888765	0.1829370754998582	0.23805668016194334	77.93846153846154	1.0642868774604088

S8S4.txt	-0.0818173249128099	0.8074689519494596	-0.022615690063878674	0.0030259722003593836	0.0031862139589258487	-0.018829723001868456	-14.941025641025641	-1.2435544225663269

S8S5.txt	-0.186352941176471	-0.6163750533385349	-0.005109694436958079	0.01694700680259198	-0.012116640644915175	-0.07494051494132652	22.426923076923078	-0.5576872908140544

S8S6.txt	-1.45232257369187	-0.7020475743008368	-0.0912616715281295	-0.15780902073505032	-0.09836775235358496	-0.09518988561959837	-1.7564102564102564	-1.3831209112492173

S8S7.txt	-1.4359022556391	1.198698134220203	-0.027094912426095297	0.026579771888240677	0.025190399855664042	-0.04131646099233632	49.8	0.09649633019213827

S8S8.txt	0.149503546099291	1.2390093699330023	-0.0647130658519019	-0.12073866561317248	-0.02220546646953149	-0.05748987854251012	18.225641025641025	-0.5810252197630563

S8S9.txt	-1.42227521166006	1.337608438825426	-0.05195186157219414	-0.0781032309837939	-0.013299338075171228	-0.04980765439203914	28.555128205128206	-0.6836690374010045

S9.txt	-0.0658698697505291	-1.1955022194283969	-0.07874836839532606	-0.13412512909794727	-0.03928056525659829	0.0077689025057446105	63.21592442645074	0.5902271076954548

S9S1.txt	-1.76012664121427	-1.7702072346277247	-0.058905893431282746	-0.0508438200160205	-0.07786425306490864	-0.052631578947368425	54.13461538461539	0.19440001089220554

S9S10.txt	1.55906953129175	-0.723740100184866	-0.35429120965075017	-1.0328747085589918	-0.0017271984447865263	0.011640265210514502	50.23461538461538	-0.02152039571760903

S9S11.txt	1.30242374544624	0.7529732208583018	-0.06410735226082595	-0.0921370572484006	0.025381908205513552	0.07034768975050068	15.978205128205127	-0.7360752951378624

S9S12.txt	1.56446450334141	-0.781315658739937	-0.3980706175904464	-1.1372976086451996	-0.034847049264510016	-0.011133603238866398	24.573076923076922	-0.8528604185346749

S9S13.txt	-1.40470022205773	-1.6804002410364625	-0.02206518692849889	0.0025447617399861344	-0.12515829453570249	-0.13452157598499065	48.892682926829266	0.7552290333801142

S9S14.txt	-1.81701102566478	-0.5491818493041131	-0.4166966750625979	-1.2616030594749568	-0.3879181751714882	-0.32672064777327936	-32.33974358974359	-1.2338637046301761

S9S15.txt	-1.6485593686915	1.3065579496794437	-0.08112875838521948	-0.15046775223234055	-0.13149522911683964	-0.10487804878048781	-11.639024390243902	-0.9711965097948048

S9S16.txt	-1.35491030146107	1.3840475297379427	-0.04057611589803839	-0.08502980697605689	-0.19591571745025735	-0.17392120075046907	9.736585365853658	-0.3687158722446249

S9S17.txt	-0.114732845633855	-1.3971767627399392	-0.08976541134978086	-0.14944183055000176	-0.24710205897233878	-0.19407665505226485	-5.232288037166086	-0.8883942745977872

S9S18.txt	-1.37946015899427	1.604291813923464	0.24813761895877537	0.8159462583037463	0.038941268072631215	-0.054409005628517824	52.292682926829265	0.4645264488264827

S9S19.txt	-1.34055410933433	1.6883881646974388	-0.0020527887189032146	0.20159678382666596	-0.08202829085338756	-0.08724696356275304	76.90897435897436	0.6841120249760604

S9S2.txt	0.105218617771509	-2.103341593495578	-0.08429635186752786	-0.17226668110930626	-0.02158526470998795	0.08582995951417005	57.48461538461538	-0.010422898638631991

S9S20.txt	-1.2332621413316	1.630248294279413	0.26080146574845847	0.848998040056935	0.07424665562706557	0.01680161943319838	65.39487179487179	0.8931189503519358

S9S21.txt	-1.59319992588475	-1.4999714322833266	-0.0109312899854139	-0.029848138251805878	-0.11059828887753798	-0.06078799249530957	70.42317073170732	0.9140953492625701

S9S22.txt	-0.295114006514658	-1.6130996807861688	-0.10205190842867645	-0.24439596117832657	-0.17696699001234972	-0.18255159474671676	13.014634146341463	-0.01608649143756208

S9S23.txt	-1.3839658532059	-1.9465578235251049	-0.010104363657846657	0.09310304442679646	-0.10918074762128566	-0.1297570850202429	36.62179487179487	0.1429455775308141

S9S24.txt	-1.38018134715026	1.4529926604521006	0.01294745979412043	0.046754125411765546	-0.04203798754059654	-0.0688259109311741	51.42564102564103	0.2756040692952961

S9S25.txt	0.0213302874143335	-0.9618296877672031	-0.13588493321632159	-0.288632089169384	-0.2347154653489878	-0.1960600375234522	-24.33048780487805	-1.320709025279164

S9S26.txt	-1.63391618096031	-1.5063932243036697	0.02522942243747607	0.12555630997788852	0.026346536020887157	-0.016697936210131333	57.56707317073171	0.13512741303669476

S9S27.txt	-1.27104899930987	-1.6211827450433973	-0.08708572389765314	-0.18010074475741816	-0.21475897008849124	-0.24676113360323887	-12.082051282051282	-1.6554029037969484

S9S29.txt	-1.50596835384473	2.003430948797236	0.18042691325457813	0.5735567403780071	-0.15740701857144254	-0.15834896810506568	-5.901219512195122	-0.6629915592420929

S9S3.txt	-1.39881456392887	-2.269531490935909	0.04029693104105972	0.1997377961839677	0.03230419837287588	-0.007085020242914981	99.7051282051282	2.197976888249827

S9S30.txt	-0.00908416759362252	-1.7665961968064567	-0.0021487063706619736	-0.05835079999836784	-0.13563087905023113	-0.15209059233449482	3.5737514518002325	-0.7259590142091061

S9S4.txt	0.0789819684447783	-1.3532370425234574	-0.14248745474497784	-0.3424361854676079	-0.33241118160235206	-0.3174089068825911	-14.962820512820512	-1.5282097028344053

S9S5.txt	1.43736531434461	-1.0021821410341256	-0.07896654690918489	-0.12100904462701867	0.03706421261750727	0.0880566801619433	70.4525641025641	0.007815656774200198

S9S6.txt	0.210161878918312	-1.173456202907468	0.021869911377301487	0.16537906950793235	0.027830833172121455	0.0597165991902834	47.343589743589746	0.1949849146869645

S9S7.txt	0.0654381346370816	0.9346071584171218	-0.00018533439377457772	0.09335374652437439	0.03345206303600474	-0.025910931174089068	63.524358974358975	0.5363687879230299

S9S8.txt	-0.179571575750278	-0.5168574504645848	-0.15371652021032267	-0.3700160429644198	-0.2039099737598834	-0.22672064777327938	-17.943589743589744	-1.206993490529059

S9S9.txt	1.64996183154991	1.1487209302053536	-0.028048862390122775	0.00013446137531453184	0.07273984805778354	0.08645474969675086	28.575641025641026	-1.610401995390956

