	SScmap	SSfisher	SSlincs	SSlincs_Norm	SSpearson_corr	SSspearman_corr	SSzhang	SSzhang_Norm
S1.txt	1.13158690176322	2.4722127059410264	0.1713856087624922	0.361298083614313	0.4423499221264232	0.5818181818181819	241.06060606060606	0.7151789433316077

S10.txt	-0.261012424273539	2.8530580990012107	0.04737587573122795	0.09659622359001385	-0.13517279902633902	-0.10909090909090911	-157.74242424242425	-0.7421042241275637

S10S1.txt	0.42790611028316	0.03540750777506996	0.1942249706815098	0.42729545136328995	0.1890681427479986	0.18181818181818185	-38.743589743589745	0.19046405542894249

S10S10.txt	1.49298147108366	0.005623498646637637	0.6239583315926986	1.2013862271359996	0.5283550336164591	0.6643356643356644	576.4615384615385	2.7612311983691815

S10S11.txt	0.596685082872928	1.9575243631723414	0.24348583590516948	0.4449545111856164	0.4905323679534226	0.5104895104895105	259.7307692307692	0.8107906497996051

S10S12.txt	1.89354988399072	0.26014366035463093	0.6031779616103602	1.3161058466075268	0.5474981175081282	0.45775782988259917	241.30769230769232	1.2614151543405983

S10S13.txt	0.0832631677425391	0.01149155576492844	0.1910984090208806	0.42582179886360566	0.12568580366706117	0.09090909090909093	51.58974358974359	0.35369963372815566

S10S14.txt	0.170630147126862	0.1821281990643613	0.5256581100164825	1.0500594252153004	0.25911026502001994	0.17032967032967034	84.35164835164835	0.673921883555166

S10S15.txt	0.215448658649399	0.1275080711251778	0.5689116715740621	1.213708974306008	0.25354007424184244	0.18881118881118883	344.20512820512823	2.029401566696302

S10S16.txt	1.50787510361978	0.06584955614048951	0.6575244740744227	1.4325124438632573	0.2896914249902991	0.1958041958041958	176.46153846153845	1.6566550170539691

S10S17.txt	0.20229078145206	0.5046749035065579	0.492999073309551	1.1237005791600687	0.2516523138839825	0.16083916083916086	199.33333333333334	1.7264291340212323

S10S18.txt	-0.0114391143911439	0.5275074061827678	0.4418085576238589	0.9774860059672132	0.07079167597328681	-0.10489510489510491	260.3205128205128	1.179137028092888

S10S19.txt	0.0526509234586051	0.50760298152094	0.42061111422850805	0.8100894901401675	0.030713497311336078	-0.08391608391608392	124.1923076923077	2.2359082772054024

S10S2.txt	1.34888077175236	0.15626058066528847	0.20476932359203315	0.46512463271538124	0.4807649752669695	0.4518395720782334	446.8333333333333	2.5578908943569645

S10S20.txt	-1.72185857840878	0.45566152354932504	0.07862439860360604	0.1776248953149926	0.12076111721573068	0.006993006993006993	317.0128205128205	2.736189802916856

S10S21.txt	-1.81724807994818	-2.3704238557605124	0.04030954994152783	0.18550909323219178	0.024982629737050264	-0.006993006993006993	333.55128205128204	1.3716999343251115

S10S22.txt	0.215357701869073	0.3857197377977083	0.5493586683745613	1.1008833960094284	0.20353284359108767	0.055944055944055944	70.03846153846153	0.9198760355861729

S10S23.txt	-1.85060018467221	-0.4087270988953768	0.44351704822522087	0.8940366549894965	0.12136371873454616	0.013986013986013986	181.82051282051282	0.6373382018157364

S10S24.txt	-1.80811160384331	-2.3155728361956758	0.05629661762924351	0.18910606691070792	0.10588151586881667	0.1398601398601399	347.6794871794872	1.16473099085135

S10S25.txt	0.0144981069350817	-0.5404073646893847	0.41704741979662924	0.8594516689177758	0.035706152546430066	-0.04895104895104895	101.57692307692308	0.36551461169123345

S10S26.txt	0.241388863237603	0.5640489073570063	0.02605571008908164	-0.03733819690387474	-0.04580465102016586	0.07005264683383464	2.1025641025641026	-0.04765820696663811

S10S27.txt	0.11251849112426	-0.2685845532596379	0.09671689716632231	0.09596501938819291	0.03480292939806607	0.04203158810030077	-83.52564102564102	-0.6837711200266329

S10S28.txt	1.63970246397025	0.048298621381448525	0.20348246855968083	0.38683076387032517	0.45473900276217794	0.46234746910330854	270.64102564102564	1.042854596032084

S10S29.txt	0.275309676818478	0.1447248840010164	0.22798776710356722	0.45029687010823516	0.45238034040409425	0.4340659340659341	166.67032967032966	1.5727767449983614

S10S3.txt	0.14756063819976	-0.30487548590654956	-0.05182346341146746	-0.13203875825041372	-0.13838148707228787	-0.18181818181818185	-188.53846153846155	-0.34724036909449796

S10S30.txt	1.84055969805763	0.3017639439404929	0.20379300043039728	0.4591518916859526	0.37560215218327686	0.3081158348132085	158.96703296703296	0.6903814103448676

S10S4.txt	1.71301664484758	0.013492704721196014	0.24149229400563793	0.43628617841335066	0.5358274946335597	0.4825174825174825	560.7051282051282	2.106116653980015

S10S5.txt	0.016449814126394	0.15191359449538233	0.1589726080374383	0.2139673490290488	0.31589606023488265	0.23117373455165427	405.3205128205128	1.6250903855922054

S10S6.txt	1.63760141751376	0.24783744490432982	0.16643326648522377	0.35598686739632773	0.4524575577933647	0.3916083916083916	326.29487179487177	0.8226899906930139

S10S7.txt	0.325338025560289	0.12120461461015794	0.4306106135886638	0.9322645803743826	0.0713529569398459	0.0979020979020979	-76.07692307692308	-0.21505353084914539

S10S8.txt	1.59099822579139	0.0034993558008509784	0.17444120263673818	0.2740999876953403	0.40356971486982346	0.3076923076923077	448.97435897435895	1.8568079751340913

S10S9.txt	0.168962949171476	0.38579422422533943	0.5929770922623385	1.2798134289654761	0.4097185609120171	0.3993000869528574	200.85897435897436	1.1008912540426836

S11.txt	-0.13669363202655	2.820900049392404	0.4175104784776943	0.9144562664654834	-0.013336440819498654	-0.11818181818181818	-325.04545454545456	-2.9019664828691054

S11S1.txt	-1.37069452286844	2.812325967442397	-0.03048547531052026	-0.10521160031980142	-0.10108279499614556	-0.10489510489510491	-329.44871794871796	-0.8278350390272788

S11S10.txt	-0.104728776910783	-0.3960789696118652	-0.026852108895606436	-0.12159630792781978	-0.1770611513826308	-0.30069930069930073	-218.52564102564102	-0.7452256665105024

S11S11.txt	0.0253816615154069	-0.46744137571361505	-0.057059953242075495	-0.164073491403037	-0.2088645576149458	-0.2447552447552448	-164.7948717948718	-0.9170120050192806

S11S12.txt	-0.271261550066	-2.3290568152343636	-0.14617804052351246	-0.3497755355507714	-0.2770715776280019	-0.41958041958041964	-281.53846153846155	-0.8333985101729526

S11S13.txt	0.129898064154119	2.353762412131559	0.021389139887153408	0.048109113279727	0.07402105196300231	0.04553422044199251	-162.87179487179486	0.13386730487731163

S11S14.txt	-1.52466918714556	-2.441788207988675	-0.15850598491368756	-0.41291051423401215	-0.49004366364813834	-0.34965034965034975	-236.78205128205127	-0.6252930217996221

S11S15.txt	-0.00159759421107031	0.876181609450835	0.03883621164235279	0.03440282817242846	-0.15169710891971427	-0.17482517482517487	-153.87179487179486	-1.2169214585556987

S11S16.txt	0.0547380260568	-0.31400400958837876	-0.04784697471735591	-0.05461534557107428	-0.19872284028672466	-0.2027972027972028	-221.24358974358975	-1.0173720611471697

S11S17.txt	0.0139254798645089	0.8241313928152374	0.0019368249827430017	-0.00021971363049005932	-0.08119453579819083	-0.06993006993006995	-234.76923076923077	-0.21165754569848327

S11S18.txt	0.221199887334523	0.8944167313785827	0.013520561144038101	-0.050726453422389406	-0.021288849621278895	0.027972027972027972	-113.07692307692308	0.10558164518352527

S11S19.txt	0.144225352112676	0.6670984484757976	0.09117002505050148	0.06663809158208478	0.00031562313500493877	-0.1328671328671329	-374.87179487179486	-1.0240087338842674

S11S2.txt	-0.305251227805062	-2.4631110072420426	0.14656504779829438	0.2800810824239157	-0.1016125863386567	-0.22377622377622378	-274.85897435897436	-1.0544711576460744

S11S20.txt	0.0975379681162155	0.7076738556678486	-0.05812106704424769	-0.18687307773633421	-0.09975823078755194	-0.2027972027972028	-276.1666666666667	-0.8595470280762431

S11S21.txt	-0.148029718799962	-2.477812848152281	-0.011416925824138724	-0.09124414948239146	-0.29504030460624375	-0.3916083916083916	-243.85897435897436	-1.0599752777336764

S11S22.txt	0.148172569706104	-2.4820438736583768	-0.43688032199647103	-0.9538808329797555	-0.04146509403876475	-0.03852895575860905	-404.4871794871795	-0.6732751325578307

S11S23.txt	-0.0476324162455549	-4.605170185988091	0.1113140619677552	0.1357180347664979	0.06251026059304315	-0.08391608391608392	187.21794871794873	0.8718254213301201

S11S24.txt	-1.64075117370892	-2.489646225048334	-0.10388038230825691	-0.3003906823463748	-0.1075994243773972	-0.04895104895104895	-127.1923076923077	-0.42896459518910074

S11S25.txt	0.0184453227931489	-0.4645859485339526	0.032761564140272925	0.03133946069135074	-0.055278342367332985	-0.07692307692307693	-176.34615384615384	-0.7180706743790504

S11S26.txt	-0.175413844996238	-2.2919580898136322	-0.17232331774664147	-0.4497968420778127	-0.1494064808130876	-0.16462372005951137	-82.28205128205128	-0.3371950884667741

S11S27.txt	0.0266366535359219	-0.5522575039158908	-0.040079970032496776	-0.10615228081041189	-0.17637223437692473	-0.1958041958041958	-198.35897435897436	-0.1511551819237777

S11S28.txt	-0.00880809595202392	-0.4945861990939339	-0.03603706645741939	-0.12082912839521592	-0.16597948131428325	-0.32867132867132864	-185.53846153846155	-0.6707021328806602

S11S29.txt	0.141566265060241	0.8433023405861377	0.037987220845899616	0.004390863535007172	-0.10402541831794272	-0.2867132867132868	-365.2564102564103	-1.702283959071556

S11S3.txt	-1.62615239887112	-0.3069352851874237	-0.42659377148015243	-0.9221979786017662	-0.3665493637148772	-0.4825174825174825	-240.85897435897436	-0.9436752491408205

S11S30.txt	-1.4910647103085	-2.4933594412735833	-0.08723616525866135	-0.2821915505470865	-0.07581009838855443	-0.06293706293706294	-403.3076923076923	-1.6043250004153045

S11S4.txt	-0.167231638418079	-2.457385472073759	-0.03133913570294464	-0.13722243697671527	-0.24948438847052004	-0.2447552447552448	-291.1025641025641	-0.8031638582329186

S11S5.txt	0.0984699145780531	-0.006787942851390685	0.08727428321840053	-0.011499545402176348	0.23682374161106096	0.3082316460688724	-12.794871794871796	0.3968837090494671

S11S6.txt	-1.45318988297471	-2.569999138591799	-0.03744262846028501	-0.07772021325733247	-0.25703912232750054	-0.2027972027972028	-322.43589743589746	-1.2784382027921557

S11S7.txt	-1.55857977020154	-2.4886420043242077	-0.4298921127056735	-0.9826869558734862	-0.23483873994088417	-0.3216783216783217	-81.34615384615384	0.3696807914818862

S11S8.txt	-1.40757490107405	-2.5312438480452553	-0.03196291533653933	-0.0678183976788519	-0.21842728088088478	-0.3076923076923077	-465.9230769230769	-2.312395298648429

S11S9.txt	-1.19202112609639	2.773640145567604	-0.3495582967208537	-0.7668106878914415	-0.10993178714122445	-0.0979020979020979	-258.55128205128204	-0.6793407486134954

S12.txt	-1.26154661016949	-2.3811389948525465	-0.04159705551458209	-0.08411966082551425	-0.2796040556876689	-0.17575757575757575	547.5272727272727	1.7410674939697564

S12S1.txt	-0.108802417831507	2.6850779630768797	0.46007851054297455	0.9359135184236016	0.122110754900423	-0.10909090909090911	37.95454545454545	-0.38636614739578007

S12S10.txt	-0.25727972947586	-2.423044681120151	-0.04683321149493033	-0.07232665225179857	-0.09897163788417268	-0.03636363636363637	317.1060606060606	0.8795380166307589

S12S11.txt	-1.13322259136213	-2.382797206056294	-0.07011509634988344	-0.16284599589663445	-0.37113829249280167	-0.36363636363636365	-173.1818181818182	-0.39689703568281076

S12S12.txt	1.49685888420066	0.05616248834392004	0.5786289547394303	1.3078022002691483	0.5206347093784016	0.5849396010625192	446.79487179487177	2.252418601507439

S12S14.txt	-0.227370790732577	-2.445690139180621	-0.0072155822098058375	0.028887480622040662	-0.016766669071687335	-0.045454545454545456	311.3030303030303	1.004444157333072

S12S15.txt	-0.460205992509363	-2.118146112438891	0.026499362224610412	0.12169324185606167	-0.13960663026957126	-0.16363636363636366	161.5151515151515	0.07328337926405677

S12S16.txt	-0.566275246594645	-0.3913747810096392	-0.09933847138119745	-0.2250234600994956	-0.26493490909814543	-0.21412356236175645	143.4090909090909	1.1811594690902096

S12S17.txt	0.0687505902351497	2.455554091272778	0.5511929864325584	1.1234296596924729	0.4037793410541408	0.28181818181818186	94.51515151515152	-0.04995325523063218

S12S18.txt	-0.522873345935728	-2.342189324322146	-0.029436817462845127	-0.02196753781003269	-0.19515417347250505	-0.08181818181818183	358.3636363636364	1.855033789652456

S12S19.txt	-0.429642121041784	-2.0845601865293406	-0.08260171025103746	-0.17850205121586615	-0.1998311774007403	-0.18181818181818182	229.0909090909091	1.3294211428217533

S12S2.txt	-0.0802469135802469	-0.7012703936348864	-0.34398780111642957	-0.7256098059746958	-0.041534096360256845	-0.14685314685314685	150.8846153846154	0.5812226180254739

S12S20.txt	-0.345076440983762	-2.313250545503505	0.5070287165102163	1.079247985653127	-0.02192018363980613	-0.15454545454545454	119.10606060606061	0.7058249249758194

S12S21.txt	-0.161622786470533	-0.7118392429934796	-0.09447576446050301	-0.17732679569691767	0.0037011801610174755	0.20000000000000004	237.92424242424244	2.0285965242301804

S12S22.txt	0.105522402197594	0.48857965281866583	0.35721155748475697	0.7500651329042177	-0.12315297745642916	-0.018181818181818184	-246.6969696969697	-1.6566078083552416

S12S23.txt	0.316785544460295	0.6258222838755682	0.4969437922859151	1.0074557670010154	0.2480849614714318	0.36363636363636365	300.27272727272725	1.0879888710934218

S12S24.txt	-0.0665971959075408	0.4759119969661068	0.11535172560532658	0.26168328006148556	0.17011843549720965	0.2369026647406667	-17.59090909090909	0.48882339442263206

S12S25.txt	0.115169338772413	0.5242580169968207	0.44716145232337545	0.9437333327052059	0.2636074860098246	0.2545454545454546	77.43939393939394	0.47375674555335323

S12S26.txt	-0.0916635231987929	-2.322203680091102	0.50089219513089	1.0316558902207902	0.21862316363255854	0.1272727272727273	124.74242424242425	0.7430197285514681

S12S27.txt	0.0925085130533484	0.16814125407614056	0.08590849627533714	0.1780506417225165	0.02503406103959116	0.29090909090909095	-100.87878787878788	-0.5941791070683534

S12S28.txt	-0.0317640385706182	-2.383151831259044	0.493613344196844	1.0360066716081842	0.25262431476537217	0.28181818181818186	235.07575757575756	0.9576707868299859

S12S29.txt	-0.164752400677838	-0.7693479494277735	-0.02475587770434906	-0.055067767062535244	0.07166042055655666	0.09090909090909091	173.28787878787878	0.757248983122084

S12S3.txt	1.79076546924958	0.40122372241867743	0.5749823255405773	1.2714597086979307	0.7951819460342848	0.8545454545454546	404.3939393939394	1.6205695305075896

S12S30.txt	0.130061349693252	0.0344997705039155	0.15800227406610065	0.39415110829793154	0.43083796611172764	0.2277910237891026	75.12121212121212	0.8217108082279398

S12S4.txt	1.63189720332577	2.8111955745556854	0.5075576663965846	1.0337050093147226	0.7388389718088556	0.6090909090909091	198.0909090909091	0.9136595145073894

S12S5.txt	1.66682375117813	2.8161168871373343	0.49718936251995416	1.084807907752407	0.7643736865163074	0.8090909090909091	178.84848484848484	0.6502553193421972

S12S6.txt	1.31322244149986	2.3454286174402883	0.22017237587249353	0.4952711985861983	0.5880322458552485	0.5818181818181819	-201.1969696969697	-0.6652480178104313

S12S7.txt	1.42007330138145	2.890802406877635	0.3438256044438114	0.7690101187366083	0.6682965830321557	0.690909090909091	328.8636363636364	1.6481186876852165

S12S8.txt	1.66654078549849	2.79675248264553	0.38964315465847194	0.8587971785366031	0.5671959527788052	0.46363636363636374	-35.93939393939394	-0.07616200280928398

S12S9.txt	0.00378895519560485	0.5510888120396332	0.03893881807958688	-0.021090363554315483	0.13713524809995925	0.05454545454545456	-209.43939393939394	-0.2042273990749133

S13.txt	-1.3423366168838	-2.3329500160978185	-0.03303651678215508	-0.030614165800689763	-0.13801471233773244	-0.006060606060606061	546.5454545454545	1.5842315293176439

S13S1.txt	0.35096060547254	0.15571363233262153	0.5489575362677994	1.1465870126635136	0.4280704921987218	0.46363636363636374	277.1515151515151	1.6500149725844084

S13S10.txt	-1.59360374414977	-0.25822377447285505	-0.07305420300531368	-0.22412697287452116	-0.3927172767873883	-0.5272727272727273	-490.2878787878788	-3.5007373321492614

S13S11.txt	-0.283418900931736	0.7968964277632952	-0.03022980492108751	-0.039609930070664545	-0.12561042888639426	-0.10909090909090911	-15.090909090909092	0.22474733891676293

S13S12.txt	-0.260564751703992	-0.5650892546314826	-0.4985601849234538	-1.1030398425898829	-0.5391154423130344	-0.6363636363636364	-124.37878787878788	0.12535147304485447

S13S13.txt	-1.53260130210864	-0.24432532473715765	-0.47015280106589274	-0.9675992876093935	-0.5577310998724312	-0.6727272727272727	-605.3333333333334	-1.5042472778926337

S13S14.txt	-0.300301468443061	-0.5396246550211921	-0.41094231242770185	-0.8552010276183639	-0.38676071900378384	-0.36363636363636365	-345.6363636363636	-0.7205308115100474

S13S15.txt	-0.433902532617038	-0.24263789089437354	-0.4828819538696347	-0.9927516821724498	-0.30828990516029353	-0.19090909090909092	-33.5	0.21630199084653468

S13S16.txt	1.28965386078357	2.4321692523670015	0.5670484258211301	1.126837372431531	0.6347062457044657	0.8545454545454546	686.4242424242424	1.833113610310284

S13S17.txt	-1.56943095746747	-0.4865953665038744	-0.49522158472625055	-1.0516463056025014	-0.45726971842861025	-0.5090909090909091	-515.969696969697	-2.5414504435174754

S13S18.txt	-1.43443023142271	-0.5329235842433417	-0.5734669248380304	-1.1981195013676644	-0.5620695485829094	-0.5454545454545455	-419.6212121212121	-1.2648831259929587

S13S19.txt	-0.466755827283149	-2.072088962180904	-0.1504003628414317	-0.29801499416780713	-0.36984800522554034	-0.17272727272727276	63.45454545454545	1.0857009432695086

S13S2.txt	0.140520011685656	0.33360507726488475	0.4137524927236039	0.8392177637202398	0.2083348057560784	0.20000000000000004	225.6969696969697	1.6149757592973526

S13S20.txt	-1.34342067098521	-4.605170185988091	-0.011954347864447462	-0.00526884910691261	-0.3445255358116746	-0.36363636363636365	-316.3333333333333	-0.8886936463694405

S13S21.txt	-1.75060910242666	-0.39840093543002475	-0.7191430735504234	-1.4613878475790139	-0.75628730932554	-0.7727272727272727	-437.969696969697	-2.088203272327865

S13S22.txt	-0.484947267497603	-0.47489247201335816	0.019810171019211537	0.07775880189899231	-0.13726099706569625	-0.11188811188811189	9.448717948717949	0.3789624220696594

S13S23.txt	-1.41247681343356	-0.4621517794551202	-0.5066919707652514	-1.0441940108469479	-0.6217768511683598	-0.6181818181818182	-470.92424242424244	-2.0149899218810754

S13S24.txt	-1.49647513278609	-2.0125492791094626	-0.5035356522875035	-1.0436706344597948	-0.5220956419055598	-0.3545454545454546	-338.7121212121212	-1.0551861742660449

S13S25.txt	0.0919149762205183	0.2999200868544871	0.3917416519952639	0.8375644486536715	0.14676911588516367	0.08181818181818183	435.6969696969697	1.7355388083209944

S13S26.txt	1.27056297264494	-2.90775021800893	0.06851340753063578	0.2074623934091867	0.3900981938028819	0.5	470.27272727272725	1.4517693685574296

S13S27.txt	1.27860278322593	2.9260692511472626	0.39198709374436413	0.8512863084899186	0.41680797459249896	0.5090909090909091	537.3181818181819	2.659539634981121

S13S28.txt	-0.985780391400752	2.3604175943485464	0.633345921374315	1.4125945179338357	-0.034064929090904916	0.24545454545454545	-154.66666666666666	-0.09861362358593909

S13S29.txt	1.47056642254566	0.5888724646594815	0.5223221670176672	1.0391590436519795	0.3068892034614237	0.36363636363636365	409.7878787878788	1.5038952038954532

S13S3.txt	0.148892773892774	0.1254023232563608	0.4144505961758572	0.842641338565425	0.356472290562285	0.23636363636363636	282.57575757575756	1.1362179672746926

S13S30.txt	0.180995915191597	-0.9046875744295624	-0.3708714654109523	-0.8350047257189589	-0.2369171922502753	-0.17272727272727276	-0.45454545454545453	-0.0865369447015009

S13S4.txt	1.26225002369444	0.7010617115791651	0.42080316508662907	0.896222276198253	0.6421412089900267	0.7272727272727273	116.95454545454545	1.2378204525086558

S13S5.txt	0.954332664564823	2.457753900811536	0.4430509747204288	0.9712310456872942	0.408171134804523	0.5727272727272729	135.78787878787878	0.9054086717423829

S13S6.txt	0.227316883621527	0.3491923851272498	0.37397416621306984	0.8204789074953709	-0.03119310155682692	0.09090909090909091	24.09090909090909	0.6504704535354519

S13S7.txt	-1.66390970127469	-0.4413621724730686	-0.418450761516102	-0.8537829019762601	-0.631877849469307	-0.5727272727272729	-180.9090909090909	-0.7300697148821976

S13S8.txt	-1.56359102244389	-2.2997265341976183	0.1726364907413951	0.2934710056576837	-0.11651432601523365	-0.38181818181818183	-238.45454545454547	-0.5425809987407659

S13S9.txt	-1.38669782841562	-0.6819861500165358	-0.42825723818356537	-0.9406442530021433	-0.687461168048811	-0.6727272727272727	-407.59090909090907	-1.2139157007695605

S14.txt	-0.174175382139984	-0.6836240024376072	-0.04238009364195816	-0.052114871472017044	0.0575386034316778	0.0	59.878787878787875	0.28318958582935216

S14S1.txt	-0.0888868030786559	-2.6048933295462877	-0.011183269131163909	-0.030178555728451795	-0.3669062040686748	-0.45454545454545453	-519.7575757575758	-1.6358673297791875

S14S10.txt	0.153904116040313	0.39993770368711506	0.09976024084133156	0.2121450448459251	0.11213750194010343	0.26363636363636367	-74.83333333333333	-0.46654281270363507

S14S11.txt	-0.0945628697530284	0.9575453198409996	-0.013432728965819013	-0.058337811791189076	-0.03103385444290877	0.08181818181818183	-262.6969696969697	-1.081291487060915

S14S12.txt	-0.0750023556016207	0.711728612037911	-0.009360754997933263	-0.10796108475530863	0.16209698801032613	0.045454545454545456	-105.96969696969697	-0.5300756592327939

S14S13.txt	0.0912264150943396	0.324133315867886	0.14434749490686072	0.2959951675753645	0.14027562373873398	0.26363636363636367	-56.81818181818182	-0.20952616530981172

S14S14.txt	0.107771535580524	-0.291848010915602	0.02988486856564615	0.06986403206657354	-0.19086281099106925	-0.10000000000000002	-258.8787878787879	-0.8960986706440379

S14S15.txt	0.229475673122343	-2.4490443024852	-0.03203217420308496	-0.012245418881804748	-0.4574530894188067	-0.29090909090909095	-200.72727272727272	-0.5828695950385574

S14S16.txt	-0.00548307808659476	0.6127945711087319	0.0267247718944581	-0.007169929505856376	-0.07746768310596522	-0.10000000000000002	-282.06060606060606	-1.2866788546462173

S14S17.txt	1.39442344045369	0.08808328416715133	0.49286526188290386	1.042178099075921	0.2317451809162073	0.26363636363636367	131.62121212121212	1.7175911967656394

S14S18.txt	-0.913528855250709	-0.4413421000092469	-0.4534217389849323	-0.9075936501365736	-0.47311436098634174	-0.16363636363636366	207.53030303030303	0.4815048236711725

S14S19.txt	0.172686975384325	-0.45111147730870066	0.04858002165249775	0.18199511898111476	0.15992824067892492	0.13211879379767952	292.42424242424244	1.2227060136255175

S14S2.txt	-0.190816230019862	0.5397146744517392	0.5428803551666203	1.155515432228701	0.0706814831109693	-0.018181818181818184	-265.74242424242425	-0.7279384336374654

S14S20.txt	-0.0490757248756686	-0.3951171431889804	-0.0178360872755296	-0.06603692264625932	-0.2299449938222196	-0.39090909090909093	-294.6212121212121	-1.2501243166879195

S14S21.txt	0.243549759001985	-2.346652263861172	0.020982868068134847	0.03280725989161282	-0.19041721566896144	0.0	185.8030303030303	0.8125569601176627

S14S22.txt	0.127003582877616	0.43420071589683873	0.09518156515116782	0.2097348352645798	0.2204764669463002	0.15034207570080774	-44.40909090909091	0.16551394973614889

S14S23.txt	0.0662201679086879	2.76906847670943	0.030691586782900293	0.03635384009279652	0.0520712559597954	0.13636363636363638	255.78787878787878	0.9614675522466715

S14S24.txt	0.208970727101039	2.0342343287877718	0.06305799551954747	0.11924538463227186	0.27409283703283394	0.19090909090909092	-41.57575757575758	-0.048588821912152594

S14S25.txt	0.514368352304534	0.021194013182981447	0.110573648384163	0.20816291679966215	0.13503410634145901	0.14545454545454548	164.65151515151516	1.0174287044484482

S14S26.txt	-0.0460247099877393	0.20038930467653096	0.16045015439663943	0.3555454152829409	0.3183343890337299	0.30979579235317956	162.1969696969697	1.122135614071472

S14S27.txt	0.105024983501461	0.7921406418745685	0.06910310422484103	0.10569052857102196	-0.2629555496493238	-0.26363636363636367	-288.8484848484849	-1.1882716440871999

S14S28.txt	1.737973967176	2.0273626816547057	0.4903152504183941	1.0195635878912117	0.5018946127604242	0.46153846153846156	136.24358974358975	1.1574059063830455

S14S29.txt	0.212712805329386	0.14264534763224881	0.6519585119760931	1.3096681193355049	0.22514556428029664	0.21818181818181823	502.24242424242425	3.0663914037920765

S14S3.txt	-0.0465753424657535	0.7312823430107542	0.14622731236446565	0.276051888681328	-0.1409985225990486	-0.02727272727272728	-117.0909090909091	-0.3666613635787571

S14S30.txt	0.323768170662639	0.2934580033543586	0.5216450725307704	1.117505678513612	0.4124112224877234	0.13636363636363638	118.98484848484848	0.604647151704561

S14S5.txt	-0.114040033831407	-2.3409786646009305	0.017514304229608257	0.08484684588608726	-0.12246729766543957	0.018181818181818184	36.803030303030305	-0.3649939632269825

S14S6.txt	-0.0491656453285566	0.5406614885547226	-0.04425898281626087	-0.13615739881030348	-0.0569917673524202	-0.06363636363636364	-142.13636363636363	-0.9170656162164836

S14S8.txt	-0.378827728724404	0.7188803158667553	0.03192593922431605	0.03096379884270478	0.025758616258916664	-0.009090909090909092	-360.7878787878788	-0.9532535772560529

S14S9.txt	0.351768669286918	0.3773530461445622	0.18842963764986184	0.29108239390472956	0.17204833269027242	0.15454545454545454	-137.22727272727272	-0.9439139929985495

S15.txt	0.0288539144471348	2.2671406737244917	0.4143271699949647	0.8500464095631863	0.2977155508991036	0.5818181818181819	4.681818181818182	-0.09698336088890577

S15S1.txt	-0.26806808668961	-2.550928785226511	-0.05572195740589017	-0.14545075327255222	-0.29890566899334226	-0.5090909090909091	-326.8484848484849	-0.8440606383441739

S15S10.txt	-1.20638178764695	-4.605170185988091	-0.12060757555942538	-0.20015420954429508	-0.12791886082482587	-0.20909090909090913	-156.46969696969697	0.18904965918165492

S15S11.txt	0.323672400897532	-2.330059815259029	0.028661602316526147	0.22212838009768598	0.10989105918020228	0.08181818181818183	-153.21212121212122	-0.42585610310291105

S15S12.txt	0.266226468109019	-2.370485863573576	0.05797467886724389	-0.017773671570804006	0.1537427534695402	0.18181818181818182	358.3636363636364	1.6971297861263224

S15S13.txt	0.17419716206124	2.7216173705575537	-0.014584947528993752	0.032778520442502734	0.027865001141283065	0.02727272727272728	-278.1969696969697	-0.43432584941889535

S15S14.txt	0.0938520384364213	2.8878544460968305	0.0668500449205583	0.13467286333313438	-0.19122347318072513	-0.11818181818181818	-168.12121212121212	-0.4771845850332525

S15S15.txt	-1.28527262507026	-0.24777418637205037	-0.5556458820643114	-1.1146766435209268	-0.2968700768152903	-0.27272727272727276	-339.77272727272725	-0.9033048666858983

S15S16.txt	-0.0399513473053892	0.6285253947136429	0.05693123033973027	0.03749858953518953	0.11058695804741929	0.19090909090909092	-112.65151515151516	-0.5547050942990269

S15S17.txt	0.0967681498829041	2.742798395851389	-0.15529782573172923	-0.25865555461157635	-0.16591452198269682	-0.15454545454545454	-113.5	-0.15156433235514868

S15S18.txt	-0.460547277668447	0.5339360635205841	0.07294556197007304	0.05705607663634371	-0.16616735941343747	-0.09090909090909091	-486.3030303030303	-1.2720110721383289

S15S19.txt	-0.201005025125628	-0.4642908671170256	-0.36471664669816695	-0.8854865176928379	-0.3022709782417128	-0.5090909090909091	-292.3787878787879	-1.7793959506405768

S15S2.txt	-1.32520022350531	-1.925453926778455	-0.48848050665206205	-0.9974849738853331	-0.5990004375176179	-0.41457966329616674	-79.65151515151516	0.24741244248955052

S15S20.txt	-0.221118710765483	0.7031742375726929	0.01859842501734374	-0.05350422430342422	-0.17485131248404479	-0.14545454545454548	-353.1363636363636	-0.5106887287635863

S15S21.txt	-0.270219728845255	-2.530741183386432	0.07718897180740752	0.15804998909727658	-0.22490533903435328	-0.3727272727272728	-351.1515151515151	-1.7590038233725211

S15S22.txt	-0.534898952095808	-2.574477654078885	-0.10064364859982639	-0.21947256205983806	-0.3202238205199559	-0.3181818181818182	-255.95454545454547	-0.3362562767337409

S15S23.txt	-0.00879985021531549	-2.407665103735679	0.07549978753002667	0.11181106147995257	-0.21078038377190544	-0.39090909090909093	-451.59090909090907	-1.9792970945181234

S15S24.txt	-0.163867495592465	-0.3815654153372202	-0.021826145362350946	-0.09767067170409005	-0.2517386828306563	-0.3090909090909091	-114.84848484848484	-0.17113388297829904

S15S25.txt	-1.27571669477234	-0.5612020074567506	-0.07783448220712605	-0.20113738226722178	-0.4550944568249441	-0.21818181818181823	-31.984848484848484	-0.08340051171798275

S15S26.txt	-0.0265155064180642	-2.2932106553737612	0.02224090508529647	-0.0006384562514257786	-0.05913517543381843	-0.06833730713673078	69.71212121212122	0.06519584022505996

S15S27.txt	-0.00501640881387722	-2.4049985519215333	0.06295826243222374	0.17607598254149093	-0.013695892115333314	0.13667461427346156	277.6363636363636	1.1388401969844917

S15S28.txt	0.821184296823761	0.552098259998235	0.15463960360129217	0.3941003441022738	0.16169544204137698	0.1258741258741259	324.46153846153845	0.7816041266758788

S15S29.txt	1.82527985074627	0.07390954141941719	0.49552318024424846	0.987647722392079	0.4262102386645339	0.21678321678321683	-148.06410256410257	-0.48750792977676377

S15S3.txt	-0.227570093457944	-2.5260231338970343	0.016135413388293995	0.008271327599121192	-0.21453483185581634	-0.3545454545454546	-128.63636363636363	-0.1265558468358871

S15S30.txt	-0.168702572644827	-0.6117120882812028	0.022909286219839342	0.11709827301923487	-0.2834444931015494	-0.3727272727272728	-299.6363636363636	-1.03359590754355

S15S4.txt	-0.346858638743455	0.7745983488720539	0.0009783696213840343	-0.026793943669386477	-0.11711071143610394	-0.19090909090909092	-239.27272727272728	-1.1046671453764507

S15S5.txt	0.179125397122033	-1.990641113850327	-0.1287877310797489	-0.25270279146490937	-0.2059163613960659	-0.23636363636363636	-65.56060606060606	-0.027212983740017068

S15S6.txt	-0.151902275270421	0.33872117555972137	0.4181555754409642	0.8559717198946805	0.13173768800669838	0.16363636363636366	-149.83333333333334	-0.23004181517500047

S15S7.txt	-0.546139534883721	-1.9828997011044749	-0.1746064484594786	-0.34046470376710214	-0.47613740345103883	-0.3272727272727273	-149.42424242424244	-0.7053439209026287

S15S8.txt	-0.311009260125339	-2.519751639048554	-0.066991888503176	-0.16967120305421213	0.09584499880698288	-0.1272727272727273	-51.984848484848484	0.3504818894414339

S15S9.txt	-0.579174079970035	2.772534947700759	-0.30893575007072255	-0.7374403274372112	-0.21270345527128104	-0.2545454545454546	-374.7878787878788	-1.5546353740979069

S16.txt	-0.139769743486164	2.405879620414189	0.14702134423288346	0.37010552590006884	0.2190722100459279	0.39090909090909093	24.015151515151516	0.3358070308430391

S16S1.txt	-0.507096171802054	-0.28278995101714643	-0.1525174042006885	-0.26753934565532617	-0.32033025887439814	-0.27272727272727276	30.454545454545453	0.3390548797600764

S16S10.txt	-1.13961524094135	-0.2819365733018741	-0.4150403907497817	-0.9733663948832658	-0.5583840640530082	-0.6636363636363638	-319.1363636363636	-0.7927552205473697

S16S11.txt	0.163133812680923	-0.6434143087784758	-0.04464158279716984	0.001487214711470508	0.013870124915547866	0.10000000000000002	-76.07575757575758	-0.15694128004582397

S16S12.txt	-0.0110115714818962	-2.8731982532007434	0.4150732464823226	0.8465484730867567	0.16018973566162936	0.20000000000000004	213.53030303030303	0.5463134639485648

S16S13.txt	-0.140758873929009	0.7072448409298995	-0.29463227309724316	-0.666826876032629	-0.1973182564583912	-0.10909090909090911	-188.0909090909091	-0.3487793135010585

S16S14.txt	-0.0871322492715481	-0.7139308094233288	-0.05303652873687709	-0.12795454413970836	-0.06074534994575828	0.0	151.12121212121212	-0.04938902175191139

S16S16.txt	0.0232634032634033	-0.8474399786479878	-0.0962168164768677	-0.1941259463329505	-0.02036506469659989	0.1328671328671329	37.37179487179487	-0.11154975587060476

S16S17.txt	-0.143989822786308	-2.3917437125475347	-0.575445128042819	-1.1916538319748708	-0.34965699809273826	-0.4126551359105471	-431.13186813186815	-2.779802510506801

S16S18.txt	-0.405438235843768	-0.4118072689531307	-0.07212631313165452	-0.12209280019183477	-0.28236337747598167	-0.21818181818181823	-420.57575757575756	-1.2216690871752598

S16S19.txt	-0.328643309727917	-0.6140767182114217	-0.09252899138274834	-0.16453584012383082	-0.16145154417351076	-0.11818181818181818	-49.84848484848485	-0.42947715307182843

S16S2.txt	-0.713276170734006	-2.4551945500688177	-0.42609755646628766	-0.8663418156981783	-0.5241993887187424	-0.5090909090909091	-91.31818181818181	-0.09722027511963566

S16S20.txt	-1.14696545284781	-0.2750402134771114	-0.10426366026846737	-0.22406287557044224	-0.32594184782592567	-0.17272727272727276	-110.13636363636364	-0.2893031064902123

S16S21.txt	-1.30805243445693	-0.23986824027595705	-0.546609009453106	-1.153504244402316	-0.48839910221815097	-0.3706293706293707	-262.15384615384613	-0.6728961794250213

S16S22.txt	-0.509133271202237	-0.6292248143101181	-0.11053662123636981	-0.1313597577869059	-0.288690684480307	-0.20909090909090913	-233.83333333333334	-0.5599524670806901

S16S23.txt	-0.335976121630445	-0.7639414761659922	-0.046921203593602884	-0.12103940790509632	-0.12637589724166676	0.08181818181818183	-45.46969696969697	-0.004436145737476182

S16S24.txt	-0.533308487841237	-0.6473135262721195	-0.08252240590387339	-0.09861707831739025	-0.22640453491332152	-0.20909090909090913	-61.28787878787879	-0.36629430517909556

S16S25.txt	-1.13837707053787	-0.28169868119016717	-0.15298103681178435	-0.23828121703171407	-0.35380427185100144	-0.3454545454545455	-37.10606060606061	-0.12490423244677656

S16S26.txt	-0.378551532033426	-0.7199743130718055	-0.0588040916382504	-0.16751547774977132	-0.219410119674618	-0.11818181818181818	-63.65151515151515	0.7056925982224916

S16S27.txt	0.108927568781583	-0.8636632087939826	-0.01960008980754302	0.011494555863669098	0.1553140831282617	0.19090909090909092	102.37878787878788	1.4628372244922774

S16S28.txt	-0.577780875383329	-0.286756526546069	-0.1230455367815404	-0.201081815109933	-0.31180978072442306	-0.3090909090909091	-217.83333333333334	-0.5528150460328728

S16S29.txt	-0.565101983794356	-0.270406625292752	-0.13158489737078255	-0.2896123789901486	-0.30657614747186335	-0.3090909090909091	-3.484848484848485	0.20096368212964305

S16S3.txt	-0.402788244159759	-0.6323814666849554	-0.06696947555863003	-0.005273126748883139	-0.2812735455532812	-0.15454545454545454	-78.92424242424242	-0.28532575866107274

S16S30.txt	-0.134040770734432	-2.7534462510169777	-0.3748485726630596	-0.7619600638001347	-0.06560685398951653	-0.009090909090909092	-153.57575757575756	-0.04916914158250029

S16S4.txt	-1.00612168016576	-0.6788823648748302	-0.40522748951676973	-0.8770292444270529	-0.67566713765616	-0.5454545454545455	-23.59090909090909	0.3494822316252605

S16S5.txt	-1.32831467017973	-0.4211883159719405	-0.5138906009093119	-1.0971693554888091	-0.8330162313988461	-0.8000000000000002	-318.3333333333333	-1.0939119105217814

S16S6.txt	-0.351625826889034	-0.3529003524476516	-0.12329591753379487	-0.1961523521797376	-0.21370740975330343	-0.21818181818181823	164.1818181818182	0.9813017324310427

S16S7.txt	-0.0444834920928512	-0.7318766876712688	0.08824392743539278	0.10626825333173107	-0.022375501798641603	-0.03636363636363637	-174.56060606060606	-0.5742426253802704

S16S8.txt	-0.483800796075164	-0.3122648169397194	-0.13922566697028924	-0.19605216050093832	-0.29268855109008773	-0.22727272727272727	8.803030303030303	0.12332743041894088

S16S9.txt	-0.352723230826232	-0.6835674967207299	-0.15399586390500186	-0.258422299777125	-0.29270034643470066	-0.18181818181818182	7.363636363636363	-0.20574607608888557

S17.txt	0.0105718888441401	2.526356172863063	0.07548249335086482	0.11724106014250318	0.23964056465984937	0.41818181818181827	-56.22727272727273	0.22753504919698347

S17S1.txt	-0.138507518445876	2.823421588576126	0.15986148073841075	0.3435920905211581	0.2717214159322165	0.22727272727272727	130.16666666666666	0.31989027696013167

S17S10.txt	0.188035780842341	2.5050833687882106	0.08982120692962703	0.1462863304186166	0.0036152557527759227	-0.07272727272727274	-138.54545454545453	-0.3464026935377469

S17S11.txt	0.207682291666667	2.5021530795223037	0.03698529091343039	0.005840813178402682	-0.12466535298416237	-0.14545454545454548	-140.96969696969697	0.5060374530066291

S17S12.txt	0.178957169459963	2.4729245095686356	0.12049629002878268	0.20506869633224173	0.1012674135709483	0.06293706293706294	94.08974358974359	-0.3848181315862715

S17S13.txt	0.211813007371466	2.493548958145701	0.18240144132331915	0.41955029809499056	0.1258465049353904	0.22727272727272727	27.393939393939394	0.5912959466314228

S17S14.txt	0.0996467744934003	-2.32552999796937	0.07564477669269798	0.12718320645820802	-0.04912945646725961	-0.1272727272727273	16.96969696969697	0.7799603632278767

S17S15.txt	0.196425246695215	0.7359007999788416	0.15115599276388259	0.39840691550732527	0.05728737149872162	0.04195804195804196	88.64102564102564	0.5963437161643915

S17S16.txt	-0.00400670890793886	2.8105864211070926	0.0867651456484346	0.16258992316501336	0.18812158815377467	0.20909090909090913	188.53030303030303	1.7297756950578618

S17S17.txt	-0.148079074972025	-4.605170185988091	0.19764559443188362	0.4501235227885894	0.18197079986075668	0.22377622377622378	281.05128205128204	1.4021528772595329

S17S18.txt	-0.299841403115962	2.7577157852437475	0.09026206321266497	0.12593985423683685	0.11719372894312924	0.12959739664259406	80.97435897435898	0.046527492482893534

S17S19.txt	0.117603205665828	0.681195523016827	0.18901161569732436	0.3376029282336373	0.34733062813482907	0.3545454545454546	134.13636363636363	0.46362968631437096

S17S2.txt	0.0226702592214066	0.06307820676079606	0.20753556786220254	0.3768880544129781	0.44734792437165993	0.5046083923495819	159.8939393939394	0.520276986340178

S17S20.txt	1.90036350079225	0.11503981940685784	0.5300680286712044	1.109458657028929	0.6470130692740086	0.6545454545454547	161.63636363636363	1.3296884039384644

S17S21.txt	1.79839910647803	0.19369941307791985	0.5985606669352352	1.2773308200324893	0.5366200625998809	0.5909090909090909	-32.90909090909091	0.2677046883939605

S17S22.txt	0.135811625104292	-4.605170185988091	0.09945289942007235	0.2314492781364908	0.22331491449252372	0.15454545454545454	-139.46969696969697	-0.3518665246615131

S17S23.txt	1.69803266518189	2.0736879705718674	0.12840126067823934	0.2646051227056079	0.6542938108910747	0.7517103785040387	405.469696969697	0.6734672118315124

S17S24.txt	0.0829690261371036	0.5690696758671181	0.13620953410412323	0.2656423507648172	0.36534948986639626	0.5363636363636364	309.93939393939394	1.5655858555299322

S17S25.txt	0.0267574118963267	2.7792357663667517	0.06418326734027116	0.1429567586918457	0.3311077508144359	0.4909090909090909	310.3030303030303	2.522973624001988

S17S26.txt	1.21759042901206	-4.605170185988091	0.08655914544557247	0.14553909754670502	0.3851406922547448	0.5545454545454546	297.22727272727275	0.42572800263703453

S17S27.txt	1.75377165207674	0.5614971751309107	0.13268826068343006	0.20017976047389446	0.601804588797368	0.6545454545454547	382.8333333333333	1.6424043958616341

S17S28.txt	1.88598952487841	0.3136135458679833	0.6550592108124473	1.4213443212841037	0.7183099157371167	0.7363636363636363	377.530303030303	1.6149689985926559

S17S29.txt	1.78845615018212	0.08632135502459495	0.5618249782898813	1.2485026591262136	0.660332921682983	0.6636363636363638	372.1969696969697	1.4109073283311067

S17S30.txt	-0.0271970397779834	0.5324879646281518	0.2569605445125963	0.5982947291005354	0.15969719038483002	0.10909090909090911	-204.34848484848484	-0.4436210777954293

S17S31.txt	1.7095869930854	2.7094400560624585	0.16507035644575732	0.3801722668628023	0.6299726317175843	0.6727272727272727	337.1969696969697	1.4844893880792402

S17S32.txt	1.87370773959206	0.6383989180704338	0.1377645406864535	0.2112790995806479	0.6722308864180846	0.5818181818181819	325.0	1.1045210553302507

S17S4.txt	-0.0858042994810971	0.5916821264311826	0.0578293977386895	0.057731167052474164	-0.2650357138552353	-0.18181818181818182	-60.81818181818182	-0.42787857860591505

S17S5.txt	0.026719674556213	0.03666427675989914	0.12889081654659784	0.3775852982354624	0.4414868715736467	0.17127333223404725	13.241758241758241	0.391346191782655

S17S6.txt	0.0481208616991513	0.1576282929168415	0.16462553425812326	0.3337269105496512	0.23903281988101294	0.29157251045005134	69.56060606060606	-0.3243593148212856

S17S7.txt	0.0598298501941926	0.11852514688082627	0.1351520595966348	0.25213807075576133	0.5342808541660891	0.3681318681318681	160.9010989010989	1.3010902061858642

S17S8.txt	0.0613896381731932	2.369350789306307	0.08097594951185011	0.24202249721972502	0.49997394851405186	0.36446563806256416	201.0151515151515	0.24624833270031385

S17S9.txt	-1.5766211923005	-2.466745003034386	-0.4241073546791211	-0.8669550297085851	-0.5509670963090807	-0.4909090909090909	-483.6212121212121	-1.1332569869071376

S18.txt	1.5919881305638	-4.605170185988091	0.012468577318028917	0.046443016589215624	0.24204191584958895	0.2121212121212121	68.92727272727272	0.04340336330717887

S19.txt	0.124370886566008	2.6405829334816833	0.3328987402575111	0.7188379085476739	0.3109023311944638	0.22727272727272727	-81.57575757575758	0.040285821121919516

S2.txt	0.0642884395268981	-2.87291487336857	0.07415983007417126	0.14616822382889044	0.1887279213987662	0.2545454545454546	26.863636363636363	-0.255344643922397

S20.txt	0.0768191468828412	-2.8182754844932307	0.26640391690795784	0.5865279209232148	0.21668790631862733	0.18181818181818182	70.24242424242425	0.35495638786591877

S21.txt	0.121337304255932	2.62730296672881	0.0359981353661402	0.08099279506311269	0.27993294972330507	0.21818181818181823	50.72727272727273	0.09944289031375986

S22.txt	1.69711759830555	0.4411901119581908	0.47532171434072784	1.1274964194226307	0.5950505631941355	0.5934065934065934	148.75824175824175	0.9779022829647589

S23.txt	0.324762544373021	0.8604722681235762	0.5538334844419203	1.2389140696246403	0.5886282328639979	0.6181818181818182	-22.424242424242426	0.6663009504074157

S24.txt	-0.252522195318805	-0.5875442167224806	-0.016636432347066243	0.031664481653822185	-0.27074784214112585	-0.1926686588971131	-373.75757575757575	-1.0150921473610526

S2S1.txt	0.0864739775195995	0.5023748728429535	0.2311160992653231	0.5548620689491054	0.2913229309697669	0.28181818181818186	465.06060606060606	2.0692420006184054

S2S10.txt	0.372615355699652	0.5347395205745638	0.04693267592253553	0.1209555554149262	0.35187966543300864	0.43356643356643365	78.16666666666667	0.8071549885425647

S2S11.txt	0.0896284390658977	0.5436900558259554	0.10633294523050354	0.2426570436092701	0.21630457854267648	0.3727272727272728	227.24242424242425	1.3514922060052703

S2S12.txt	1.30923846371615	0.13289642169557916	0.5280625008050013	1.1518415858640552	0.5585624747660575	0.6363636363636364	71.46969696969697	0.5297613568509143

S2S13.txt	0.560549078600978	0.5445612339044379	0.13814006016685143	0.36631340795332185	0.5195676266993583	0.5181818181818182	155.07575757575756	0.7009544547679886

S2S15.txt	0.105317452874426	-0.925997150127863	0.008420739216780049	0.03835392230781437	0.21849358173193376	0.24545454545454545	191.07575757575756	1.2612384362814975

S2S16.txt	0.0092018779342723	0.5714147719740778	0.39056831122393126	0.8971585911165609	0.23280000504275683	0.24545454545454545	260.93939393939394	0.6334942457829054

S2S17.txt	-0.0457276995305164	0.48088977554984846	0.43868214744360284	0.9377203774214168	0.2611211329923212	0.20000000000000004	261.72727272727275	1.139915884500756

S2S18.txt	0.169261065266317	0.38861655637157727	0.16022601519060548	0.409145892697155	0.4144729395045552	0.5545454545454546	121.83333333333333	1.4551479023844904

S2S19.txt	1.0574679943101	0.4777190402057663	0.5639598236497398	1.2659572420466834	0.506850240587888	0.7818181818181819	529.8636363636364	1.7376904035599552

S2S2.txt	0.103409304953852	0.32588847542046445	0.20786652264417232	0.47949820027500095	0.2886035124066615	0.45454545454545453	435.5151515151515	2.575038312608357

S2S20.txt	1.61956625585172	0.2072116041057676	0.6383498966871328	1.4284918458818188	0.5811973450087745	0.6454545454545455	374.07575757575756	1.4178402060481645

S2S21.txt	0.192592592592593	0.403937354153411	0.1122027583857167	0.2971634639450978	0.37717547574598403	0.4272727272727273	184.93939393939394	0.6721482980003692

S2S22.txt	-0.0409982174688057	0.5683554377359192	0.07731804596139052	0.18656112453548324	0.18319259597374377	0.1272727272727273	272.3787878787879	0.9212105383017752

S2S23.txt	0.360063628707776	0.3535298728775523	0.08656406579268597	0.20820977550572006	0.40169049159117265	0.4272727272727273	183.9090909090909	0.5452942754045875

S2S24.txt	0.349161749555118	0.5092198049350682	0.3831748113244756	0.8953478375268927	0.4393286052384617	0.4000000000000001	50.89393939393939	0.15724317036075708

S2S25.txt	-0.239727324370384	-2.5353027162547472	0.03023614772356381	0.14522800405316671	-0.007278254028457304	0.08181818181818183	109.37878787878788	0.7747433270248295

S2S26.txt	0.247585684529445	-2.5446107659572283	0.07849230331651125	0.2820175101599497	0.30398864846456425	0.30000000000000004	-101.36363636363636	-0.012053316080177331

S2S27.txt	-0.0633018867924529	-2.2478979349784214	0.022139733892308167	0.13219732282532237	0.14390901830591024	0.08181818181818183	63.621212121212125	0.36081328259055506

S2S28.txt	0.156812582906955	2.6084964358882874	0.05474984393255833	0.11672767114458676	0.29640962750150385	0.20000000000000004	-89.71212121212122	-0.23945175599462906

S2S29.txt	1.31041369472183	2.3003847420197427	0.19436657886897413	0.39118055310054056	0.416200882111024	0.46363636363636374	283.92424242424244	1.6357224734291094

S2S3.txt	0.0230973116243847	0.1031564880967786	0.5930612787399321	1.2459672842265335	0.30815303415887424	0.45454545454545453	325.74242424242425	1.669385359914154

S2S30.txt	1.72885217886642	1.9116883701651592	0.5282097560267736	1.046418860930879	0.6412001104012307	0.6195915847063591	297.6363636363636	1.5872588472106588

S2S4.txt	0.0184870779098283	0.3108524105531772	0.21830306125211063	0.48320898457447914	0.24192703847533978	0.3545454545454546	453.06060606060606	1.7858155308931034

S2S5.txt	0.929247067726069	0.17477980049204161	0.5585139475419613	1.2180794288236885	0.3691395095855975	0.5	400.530303030303	2.611423294628282

S2S6.txt	1.01180277936417	0.0647899864665192	0.5786408759269106	1.175499051507858	0.4382872896256988	0.6000000000000001	305.57575757575756	2.3790299440209495

S2S7.txt	0.18981787298292	0.3402718082943764	0.5866968916748627	1.2473533988935226	0.34269144705382815	0.5090909090909091	313.09090909090907	1.0499422616384273

S2S8.txt	0.590317714716697	0.5811537503239602	0.45543195130273406	0.9550249994315716	0.5660898769088227	0.6000000000000001	420.74242424242425	1.8352657234988474

S2S9.txt	0.372156165153076	0.26885357352733824	0.015826269406992277	0.13308231669798598	0.3672807292256315	0.3545454545454546	146.24242424242425	0.6191334062717849

S3.txt	0.13611911623439	-2.854245369808742	0.3490732253399791	0.8084179134969134	0.2634535775203761	0.19090909090909092	215.66666666666666	0.7495260981540203

S3S1.txt	0.0408335680090116	2.3797672305798914	0.11134191864385834	0.30720404766908777	0.1516326042397624	0.30000000000000004	246.43939393939394	0.767015480807813

S3S10.txt	0.349202604510711	0.293825765004166	0.09888757146825222	0.29664825763626373	0.31143506382489083	0.4000000000000001	184.83333333333334	0.9741273125084952

S3S11.txt	-0.861547299885101	-0.5619806050948233	-0.03276326705149063	-0.07920286592734077	-0.06632230656326416	-0.004555820475782052	222.42424242424244	1.5988746661587683

S3S12.txt	-0.741376006132618	0.2127221143941094	-0.01863820743236802	0.06049490818796127	0.029480016370092704	0.08181818181818183	132.0909090909091	0.6165948818683642

S3S13.txt	-0.249759846301633	0.19763130400595455	0.017222233789673858	0.08202854855528913	0.10962774236458397	0.02727272727272728	-297.6666666666667	-0.9876824573606894

S3S14.txt	-0.284630163304515	0.7194068668066351	0.4080394952558276	0.9097245891537338	0.0970869326218812	0.045454545454545456	39.833333333333336	0.2225922546794906

S3S15.txt	0.245444137009827	0.2227734325751079	0.32635153493769187	0.6646595613441169	0.231402484950981	0.1272727272727273	-31.272727272727273	0.5412750834709763

S3S16.txt	-1.0181232573791	-2.7965484829963927	-0.6036228992827468	-1.2683241360992543	-0.6906252042206015	-0.46363636363636374	-416.92424242424244	-1.0651707564815136

S3S17.txt	-1.0069058123921	2.712479110480249	-0.531836965706755	-1.2262191683664387	-0.5690851653620835	-0.24545454545454545	-473.1212121212121	-1.86074958595146

S3S18.txt	0.266516304858566	0.6675380684738668	-0.008154870352568261	-0.012853090363158182	0.27588336974390104	0.28181818181818186	43.77272727272727	0.44564344594284844

S3S19.txt	0.290857946554149	0.6967076039984279	0.03805646483565542	0.1260956286448498	0.34368556694985625	0.33636363636363636	201.3181818181818	1.0571148980144207

S3S2.txt	-0.329714932980933	-2.452452640746721	0.06927825539281901	0.14565424054446607	-0.07408638620658131	0.009090909090909092	104.03030303030303	0.2813650584514005

S3S20.txt	0.31326319744505	2.845857446270865	0.5805802001428996	1.2511879864513316	0.4246168213265178	0.46363636363636374	216.46969696969697	0.6311245210107288

S3S22.txt	1.24339622641509	2.4952237090913756	0.5713851561730027	1.1697418711739194	0.45323535782526697	0.5	188.63636363636363	0.6376053555778809

S3S23.txt	0.213370998116761	0.6729350849652364	0.07715853709799542	0.21982235095305563	0.24608220206384107	0.22727272727272727	-84.16666666666667	0.07793351902689612

S3S24.txt	0.218938253012048	0.6604847355766328	0.029268034924500558	0.07316460509909795	0.2272078291511306	0.3090909090909091	241.77272727272728	0.8049262880848167

S3S25.txt	0.288533834586466	0.6651622484222213	0.06473228029603403	0.129024622755946	0.38147038044177806	0.36363636363636365	234.1818181818182	1.1769867879430171

S3S26.txt	-0.153092293054234	0.7018475422055891	0.03432205893171533	0.07947424422665539	0.02205436843460881	0.02727272727272728	196.0	0.705176577522936

S3S27.txt	-0.13413707993165	0.38644127698442743	0.47852532592490205	1.0362538816615272	0.08279859703884498	0.1272727272727273	163.37878787878788	0.7719740834108152

S3S28.txt	1.27331887201735	2.8091240382516665	0.49395695772573506	0.9815871748075622	0.5376639984807915	0.44545454545454555	649.3181818181819	2.452715632598044

S3S29.txt	-0.0807794173287931	0.7653375516614656	0.07730372259966195	0.1047079297028618	0.08537125749773934	0.10909090909090911	142.78787878787878	-0.03562161973339118

S3S3.txt	0.0192181494328302	-2.435927556842468	0.039582454056546895	0.058595977958541545	0.11317443245459588	0.26363636363636367	253.22727272727272	0.8377223188581345

S3S30.txt	0.122891794580254	0.43097138947885244	0.09264427394575198	0.21960066758806351	0.19771152076843698	0.17272727272727276	312.969696969697	1.0990945447425735

S3S4.txt	0.0384832517877305	2.3445225122947457	0.14355552113815812	0.40135199000014204	0.16302672528465972	0.30000000000000004	380.09090909090907	2.2797803000252608

S3S5.txt	-0.159878764917598	0.1334305681422084	0.1864895433290763	0.4772276612120948	0.11038010134796158	0.24545454545454545	47.10606060606061	0.2885561842991276

S3S6.txt	-0.0998103366524419	0.11414245398027284	0.12411761601592586	0.31911292001756925	0.11903479070692133	0.24545454545454545	160.04545454545453	0.8032546695704758

S3S7.txt	0.461725622309564	2.1997802272715403	0.43751873370155425	1.028309631969806	0.6446991239799962	0.7636363636363637	259.93939393939394	1.126677345407242

S3S9.txt	0.326800797190851	-2.433450962704651	0.02684060445693437	0.09359466790603255	0.25991159411728215	0.3727272727272728	119.28787878787878	0.6555555464204411

S4.txt	-0.00797004033032456	-2.849023082286422	0.03202101438745532	0.07069232196969066	0.08148399381732166	0.10000000000000002	44.31818181818182	0.15937049487071178

S4S1.txt	-1.41534366384637	2.370320967195378	0.2845490022662437	0.5879699108299002	0.12652040750659413	0.0	-150.87878787878788	-0.7015637243988074

S4S10.txt	1.26862838158519	2.402457238054463	0.02464543018915824	0.07174723975373642	0.30380920268432593	0.09090909090909091	-35.09090909090909	0.5558454569437157

S4S11.txt	-1.38168665524462	-2.4690892568883656	0.018472744786267037	-0.023337967198363285	-0.1484171487112515	-0.29090909090909095	-128.43939393939394	0.4417381228607669

S4S12.txt	1.31912464319696	0.6370160223121273	0.42609724991958364	0.9241836344929857	0.2687297224215631	0.30000000000000004	211.42424242424244	1.6475855185729986

S4S13.txt	0.144036436094506	0.6881757050473348	-0.007370683817146589	0.021739966763946628	0.1410092609545821	0.20000000000000004	-262.72727272727275	-1.081444829719786

S4S14.txt	-0.0686928353658536	2.3328031601037496	0.44080834334483526	0.8874846292656371	0.21360930876512169	-0.018181818181818184	446.8636363636364	1.8449560509923086

S4S15.txt	1.46272640610105	2.380241371359386	0.08388182863139865	0.1446927976753179	0.3681986935983008	0.3454545454545455	237.95454545454547	1.6619408320564215

S4S16.txt	1.82342889690526	0.5148979174131606	0.5127707249746198	1.1052131650147197	0.522638392367277	0.19090909090909092	138.9848484848485	0.5110566983113334

S4S17.txt	-0.281170122124397	-2.40760460390812	-0.6428754532381669	-1.371458388256543	-0.11934120801838663	-0.03636363636363637	-317.74242424242425	-0.8804261996608865

S4S18.txt	1.72537824721667	0.5856303328568244	0.1818853685665647	0.38797775554445085	0.3712989318483536	0.03636363636363637	-247.54545454545453	-1.0569922648714385

S4S19.txt	-0.0354758725920274	2.2196647942577634	-0.08413686791566502	-0.242753221999556	0.03890375254240669	-0.1272727272727273	-504.8787878787879	-1.200769884871607

S4S2.txt	-1.43322966732636	-2.7133134075957037	0.42900418093745085	0.9822588593571112	0.04786001488978897	-0.21818181818181823	-186.46969696969697	-0.5760323187763702

S4S20.txt	-1.69392635102822	-2.186914379917973	-0.1251938117954278	-0.3317746177391782	-0.15090204905464139	-0.1272727272727273	-328.8181818181818	-0.983630240760999

S4S21.txt	0.1090596001148	2.4214634866152465	0.013656940899345271	-0.1543937461499174	-0.21534418059609406	-0.30000000000000004	-456.6969696969697	-1.2539523310678453

S4S22.txt	-1.31020954932542	2.3196433229904594	-0.1571146394754847	-0.357596038441864	-0.12837063282670738	-0.13636363636363638	-392.6666666666667	-1.2788602407156227

S4S23.txt	-0.379521531100478	-2.4281495513601854	-0.09009957825051318	-0.24114860604606103	-0.32738951571937003	-0.5181818181818182	-523.439393939394	-1.7451320890788886

S4S24.txt	-0.0861129695116124	-1.965360835838252	-0.11173638263971208	-0.2178990164724649	-0.041100623784998735	0.018181818181818184	-76.9090909090909	-0.24614141840350526

S4S25.txt	0.0738511512372217	0.5690786250418989	-0.03648371589607502	-0.12456128841299757	-0.14908292002828125	-0.23636363636363636	-315.8484848484849	-1.1617738508768354

S4S27.txt	-0.200530705079606	2.7239484456930874	-0.06409666545092543	-0.2268673678907565	0.25480931150215125	0.20000000000000004	-41.07575757575758	0.2417180164806636

S4S28.txt	-0.175234308435104	-2.732200681105154	-0.01625826632254901	-0.15396696406547156	0.2472351578461162	0.23636363636363636	-37.28787878787879	-0.15467466849597664

S4S3.txt	-1.42605400284225	-0.5798202149708246	-0.4165410648138801	-0.8408061709653745	-0.35733570243622736	-0.29090909090909095	-251.9090909090909	-0.8459056978423157

S4S30.txt	-0.0713405968735196	2.319201557315401	0.056086954305368975	0.07516391918961995	0.22051993056988753	0.21818181818181823	-175.0151515151515	-0.7191007915861082

S4S4.txt	-1.62172961659214	2.401590507063521	-0.035414783750923495	-0.11423847942735132	0.060501907729787585	-0.045454545454545456	-333.1969696969697	-1.8979643385536855

S4S5.txt	-1.75534644995723	-0.5419698306153442	-0.34386174850100937	-0.73946955144441	-0.1616076153894798	-0.24545454545454545	-244.13636363636363	-0.398384833575839

S4S6.txt	-1.39819133745835	2.3808510186886505	0.11278814026872983	0.17315500507691622	0.10941481641570674	0.018181818181818184	22.939393939393938	0.7151068513003174

S4S7.txt	-1.51664599828293	2.3516271702344893	-0.11219166857835122	-0.2782220957626011	-0.0342176064389465	-0.17272727272727276	-658.2424242424242	-2.386329505829674

S4S8.txt	-1.49880759324621	0.5752185367245327	-0.11958485096368617	-0.25175152790816885	-0.10462297085112325	-0.20909090909090913	-50.96969696969697	0.11700138676613578

S4S9.txt	-1.04098987196637	-2.365326146364272	0.08644276866688574	0.21160994188799473	-0.03183228628090229	-0.06363636363636364	159.4090909090909	0.19522678787461373

S5.txt	1.51970418397326	-4.605170185988091	0.37113543993311693	0.733986929144532	0.65778512389097	0.6454545454545455	272.8484848484849	0.854556188815891

S5S1.txt	-1.39062351713011	-0.1503265280067127	-0.5219718205472321	-1.082977332885773	-0.6074954528073357	-0.4909090909090909	-539.530303030303	-1.7116209566935063

S5S10.txt	-0.191256310124774	-4.605170185988091	0.21295446104361188	0.37271247931046425	0.06156231238430862	-0.045454545454545456	-97.62121212121212	-0.4800680790711701

S5S11.txt	0.332699077157264	-0.6841230913040508	-0.36368563620026717	-0.7875456192019135	-0.355636953510405	-0.46363636363636374	-33.90909090909091	0.5609101771517517

S5S12.txt	-0.0542865334989965	-0.5924945017689195	-0.4831366022417654	-1.010706325304989	-0.4284208237111949	-0.45454545454545453	-193.9848484848485	-0.6027232062322037

S5S13.txt	-1.4646080760095	-0.16097309959563344	-0.3713485499786321	-0.7911410310503137	-0.44510925004373186	-0.43636363636363645	-92.8030303030303	-0.39015165323471374

S5S14.txt	0.166714217784118	-2.3240681109357673	0.19872581317510063	0.4262098075240744	0.22919747144574845	0.20909090909090913	420.24242424242425	1.520769610900458

S5S15.txt	-1.38475059382423	-0.12022597114723371	-0.2433603869343791	-0.49405940206248006	-0.5945387328189672	-0.43636363636363645	16.454545454545453	0.09500027994508128

S5S16.txt	-0.561373553405426	-2.0305566319672446	-0.04212935543311913	0.02493808057676894	-0.4032670054307105	-0.3545454545454546	-83.66666666666667	0.2855111578551097

S5S17.txt	-1.32238465919878	-1.9856438717982252	-0.2211697700114207	-0.40143447001596555	-0.5405488714326548	-0.4090909090909091	-6.984848484848484	-0.2626036028684353

S5S18.txt	-1.35028918175785	-0.16360572502394466	-0.15376699179720588	-0.27729403009122416	-0.48787798229080204	-0.4090909090909091	20.045454545454547	0.5098981563664416

S5S19.txt	1.57633915783443	0.5271146808312746	0.40312930918184614	0.8849924473272588	0.1346155107068821	0.1272727272727273	83.77272727272727	0.4272150915550019

S5S2.txt	-1.46404856763422	-0.47744208938868943	-0.13000095052243757	-0.2205482129986155	-0.5180018781921135	-0.5818181818181819	-357.75757575757575	-0.566722157965676

S5S20.txt	-0.550361079437476	-2.351595063535756	-0.043134679337461845	-0.06191521975780101	-0.43762938954324815	-0.33636363636363636	-297.1212121212121	-0.8826776914883669

S5S21.txt	-0.352005334857578	-2.3622764830132987	-0.08692682240165317	-0.14791015452567635	-0.35488803930619817	-0.3454545454545455	-298.09090909090907	-1.275001410667452

S5S22.txt	-0.259908536585366	-2.439862937866797	-0.015688065940225537	-0.014620655751020561	-0.08871578736708903	-0.22727272727272727	263.0151515151515	0.7940476890268721

S5S23.txt	-0.504660009510223	-2.3784575702598603	-0.01143229881361657	-0.06164720397763879	-0.3292917934049042	-0.3454545454545455	-109.13636363636364	-0.6553660186185077

S5S24.txt	-0.576060087469101	-2.3724419179520537	-0.07801788993423647	-0.11829276222011548	-0.4511441256537544	-0.3545454545454546	-531.469696969697	-1.4467792721463604

S5S25.txt	0.200209244816435	-0.27935328159270745	-0.3447050766038917	-0.6998331977648086	-0.5103988532178519	-0.5090909090909091	-263.3484848484849	-0.989072050984441

S5S26.txt	-0.484247485291327	-0.49183084345526595	0.3451718847130411	0.7134026063003691	-0.17960012913455026	-0.27272727272727276	-90.21212121212122	-0.08224556152409451

S5S27.txt	1.5186492416293	0.4603582297693266	0.41734253948011757	0.8732007873360126	0.12404352006070829	0.16363636363636366	100.74242424242425	0.25565370327155323

S5S28.txt	-1.41398156068815	-0.14612749647827122	-0.5160222644602876	-1.1159214368037635	-0.5746499385093058	-0.3727272727272728	-91.72727272727273	0.2512952401159354

S5S29.txt	-1.29286870417976	-0.23107469705423567	-0.44732741051891123	-0.9188282409018922	-0.5422246071595863	-0.6454545454545455	-102.21212121212122	-0.5648941174103356

S5S3.txt	-1.34062381133511	2.863824576859197	-0.07389283213216083	-0.10525885551088121	-0.43995904639282524	-0.6636363636363638	-570.5757575757576	-2.6537686723360085

S5S30.txt	-1.33685412503568	-0.15589696446680007	-0.3709643143057938	-0.7196583236423298	-0.4797755395360196	-0.45454545454545453	-128.84848484848484	-0.2381162036764591

S5S31.txt	-1.4516465787226	-2.4491251129422493	-0.47988887943353076	-1.0347427147771344	-0.6647698940278837	-0.6363636363636364	-275.530303030303	-0.8145282138478144

S5S32.txt	-0.539889565879665	-4.605170185988091	-0.366597144466272	-0.7860846053367521	-0.33926989960073517	-0.30000000000000004	59.71212121212121	0.15897632029495934

S5S4.txt	-0.422356724040098	2.7373632584881187	-0.019865832833591335	-0.06205709176330426	-0.17785500951806016	-0.20909090909090913	-301.6818181818182	-0.9778789455650884

S5S5.txt	-1.27836812144213	-2.338096359858424	-0.07274900158719483	-0.15782667080692853	-0.5084568938972733	-0.27272727272727276	-184.51282051282053	-0.5664631054448374

S5S6.txt	-1.36762193964699	-2.3463881527358796	-0.129185426695477	-0.2521500518697864	-0.5331095583833834	-0.48181818181818187	-332.6363636363636	-0.7608763795426505

S5S7.txt	0.0211414486158514	-2.4412534496294747	-0.36930236870586486	-0.7431032693278743	-0.5173988424165632	-0.3272727272727273	-203.25757575757575	-0.4250983309555796

S5S8.txt	0.194841043213402	0.7950688552488002	0.2935766857537101	0.594775442739667	-0.13296016351005532	-0.018181818181818184	-101.5	-0.28238159711300154

S5S9.txt	1.22795309371723	-0.6373452326122424	0.06805632897389444	0.18399071672651768	-0.08558117435088457	0.03636363636363637	70.74242424242425	0.5113260412788425

S6.txt	-0.0761783688636808	-2.8512270060779725	0.27681721190652414	0.5575588969539456	0.0880566417815525	0.16363636363636366	-71.75757575757575	-0.35034471240691906

S6S1.txt	0.14537862972101	-2.4212468253458725	-0.03342547639127483	0.002865526964356324	0.14179739359415428	0.17272727272727276	42.56060606060606	-0.6436426301342048

S6S10.txt	0.446840042069031	-2.343036114376436	0.0065918058755821685	0.1201633620157187	0.29387558328264196	0.36363636363636365	119.98484848484848	-0.15158975728665558

S6S11.txt	0.163349282296651	0.5787372081630124	-0.007760722301980522	-0.06174929783352423	-0.14225463816222872	0.009090909090909092	-209.16666666666666	-0.23746314149916473

S6S12.txt	-0.00520882659342747	-2.4892662602121516	-0.1420038221839356	-0.24581299451418454	-0.037538996109287154	-0.13636363636363638	-127.22727272727273	-0.11090936972877165

S6S13.txt	0.0369304556354917	-0.848042013111565	-0.3779521032585944	-0.7900862692629793	-0.4081391410981465	-0.1272727272727273	-225.84848484848484	-1.4194947865811718

S6S14.txt	0.240299072496688	-2.5074606043498946	-0.018806759275397156	0.04280024059395027	0.14097680578709693	0.15454545454545454	-159.74242424242425	-0.18951659519919875

S6S15.txt	0.0222812174077938	0.1195282216174599	0.5194541351691971	1.0534308762373152	0.3329877283600218	0.36363636363636365	147.77272727272728	0.5735479331815004

S6S16.txt	0.254208273894436	-0.7015377720407519	0.07487565337279417	0.1672889521267238	0.2677544601651719	0.3727272727272728	-251.96969696969697	-1.0213954427434158

S6S17.txt	1.20599073986582	-2.834741001719326	0.4106523914867132	0.8610587115598547	0.49622614177184854	0.5181818181818182	128.9090909090909	0.011009540237641407

S6S18.txt	-0.137616422733321	-0.6476495805077231	-0.018336946032393803	0.02397249154529868	-0.021251646547248138	0.08181818181818183	-170.1060606060606	-0.4361458277365316

S6S2.txt	-0.261606202737628	-0.080483329495463	-0.10829330806680243	-0.30924367452417256	-0.02642966797285727	-0.027334922854692318	60.484848484848484	1.2152803486543398

S6S20.txt	0.112516644474035	-2.407986003641446	-0.040571290809058747	-0.08393505088701309	0.023985375295699163	0.10000000000000002	144.83333333333334	0.47523083115498954

S6S21.txt	1.42336946187488	2.4367599088092042	0.34578755682351703	0.7868975603467816	0.45409094689785656	0.4272727272727273	169.07575757575756	0.8460301232612317

S6S22.txt	-0.282586027111575	-2.19525547037397	-0.24485074571969126	-0.5223068800763517	-0.23319313894599275	-0.19090909090909092	318.6818181818182	1.162424194945766

S6S23.txt	-0.496782435885303	-0.28541199260203864	-0.11520946403769272	-0.1495237636725587	-0.32001750653109673	-0.20909090909090913	-129.75757575757575	-0.057240417100156316

S6S24.txt	-0.494792159833349	-0.3574423464873444	-0.0620135399812618	-0.14610847553982276	-0.1736399944557072	-0.07272727272727274	-120.16666666666667	-1.0019746320131742

S6S25.txt	-0.451724793309893	-2.107299098662261	-0.053590651416658475	-0.14366972260375477	-0.18256832693444122	0.0	-136.06060606060606	-0.09165232400898567

S6S26.txt	-0.238492929676378	-2.1584993385970246	-0.0829702648543757	-0.1927893569327811	-0.10006875106644074	-0.21818181818181823	299.8636363636364	1.4322193977583564

S6S27.txt	-1.35568930925767	-1.9969391785636676	-0.09590518581152946	-0.1636789563335479	-0.3202714600597511	-0.15454545454545454	19.393939393939394	0.3071485937941849

S6S28.txt	-0.0797734472496879	0.5753596967400036	0.003467610401229032	-0.016077721145450696	-0.028430907966782618	0.05454545454545456	-106.27272727272727	-0.45639622275483227

S6S29.txt	1.25182447161406	2.51137513488419	0.3594472654782337	0.7531971986028985	0.4203281206563465	0.5454545454545455	411.6969696969697	1.6947521883712755

S6S3.txt	-0.0927044386923593	0.5295414165566353	-0.07981324020603825	-0.1497758434978435	0.18790286798458733	0.18181818181818182	198.21212121212122	0.6399402286753209

S6S30.txt	0.983467125382263	-4.605170185988091	-0.0007185956577245578	-0.012481494373020818	0.32031743117517064	0.3454545454545455	240.5909090909091	2.025902682401217

S6S4.txt	-0.225453854196369	-2.165737177755525	-0.07488492164740723	-0.1346394183047827	-0.05198022541421323	-0.18181818181818182	304.93939393939394	0.9008499756111292

S6S5.txt	1.75910524806424	0.19944550994834637	0.12430927595206043	0.32072726006374536	0.36839907104750746	0.3090909090909091	187.87878787878788	0.9950231140355628

S6S6.txt	1.54741134079272	2.853658023618756	0.4620401888164151	1.0289461686743275	0.8587166951401313	0.8181818181818182	260.7121212121212	0.6401021952087732

S6S7.txt	-0.500709891150024	-0.33386602509229835	-0.0810489935174391	-0.2126609931155719	-0.27574709002429587	-0.16363636363636366	-97.57575757575758	-0.207557265985797

S6S8.txt	0.455105549718216	-4.605170185988091	0.3479823454662049	0.7422048592125842	0.30426446332112145	0.27272727272727276	2.409090909090909	0.02890687453217185

S6S9.txt	0.283047619047619	-2.438830637327567	-0.023714481197326442	-0.044614736863490045	0.13121744445365863	0.15454545454545454	44.515151515151516	0.2344115813477516

S7.txt	0.0703125	-2.8310637469160267	0.05177228423608188	0.1263463421383073	0.18571153589109995	0.30000000000000004	180.65151515151516	1.5827548419587978

S7S1.txt	0.100492517522258	-0.5524721938191582	-0.0757089203641651	-0.11046695053531169	0.16453979381068667	-0.018181818181818184	275.45454545454544	2.366446040800222

S7S10.txt	0.145173525507301	2.8304174263257327	-0.026066860976321132	-0.06847165872455119	0.12219856758154676	-0.06363636363636364	-236.53030303030303	-0.8625943217303439

S7S11.txt	0.329214978141038	2.4357810193700393	-0.009485108841948753	0.021921463185139045	0.15593285556122813	0.05454545454545456	-349.74242424242425	-1.3301757721516556

S7S12.txt	0.313811105837684	2.8257918965769186	-0.05847135730236813	-0.0861040560261136	0.264958843886542	0.10000000000000002	-379.59090909090907	-1.8186001329926311

S7S13.txt	0.263177746346063	-2.901239736041628	-0.10080267992061304	-0.19177054983606578	0.2500546312386337	0.05454545454545456	227.0	1.7407599784961902

S7S14.txt	1.60183153677382	-2.4192285377243667	-0.044550802112646115	-0.05527514444726145	0.32903733198789153	0.10909090909090911	15.909090909090908	0.17191635568801042

S7S15.txt	1.54613935969868	-2.911342665629136	-0.03679682057152872	-0.0523529527989966	0.4726361408459019	0.45454545454545453	125.07575757575758	1.1382760228339301

S7S16.txt	1.88502443230813	-0.5112230166838772	-0.022239239207741207	-0.07364740711726858	0.2513482229688434	0.09090909090909091	73.93939393939394	0.11154273521444812

S7S17.txt	1.63619969627942	2.837085310304778	0.3461891487634564	0.7695533107727484	0.4496147478155338	0.3272727272727273	27.21212121212121	0.25058519863513495

S7S18.txt	0.130622422556824	-0.8845629911792338	-0.44321906560225177	-1.0571438079546291	-0.32087784051130164	-0.26363636363636367	-218.1818181818182	-0.6288766316709326

S7S19.txt	-0.0424739906461774	-0.728800628553782	0.03972618486240151	0.084072569247024	0.08806429141716182	-0.11818181818181818	287.72727272727275	1.5635383350677987

S7S2.txt	0.440205499001046	2.88704948653683	0.3924667252769586	0.8640474521801228	0.4495932099117761	0.24545454545454545	76.27272727272727	0.16319271453005843

S7S20.txt	-0.0236499425507468	-0.9332195522876381	-0.4042644432925821	-0.8523986175599754	-0.30831942394642914	-0.5	-218.34848484848484	-0.8824166213807818

S7S21.txt	0.104334772002252	0.13225338505626885	0.5858579529961254	1.2439506483976703	0.12447207268804972	0.02727272727272728	0.7272727272727273	0.1785685419274373

S7S22.txt	0.219385796545105	-0.6999322269951452	-0.015180318095117523	-0.06276509028071309	0.10862252358835839	0.08181818181818183	151.57575757575756	1.2787843095399687

S7S23.txt	0.165689008558515	-0.5343789330588711	-0.013590489078465579	-0.06833719486307066	0.11308514993519661	0.07289312761251283	249.12121212121212	0.7092261589558426

S7S24.txt	0.101036269430052	-0.58104090091708	-0.47219350392853787	-1.0684486240933726	-0.07392355877130725	-0.20909090909090913	146.0	0.7215041009268827

S7S25.txt	1.68410633484163	2.791472105176598	0.37756139798519095	0.8284402056377472	0.6724854446542465	0.5272727272727273	300.3030303030303	0.8728375579931134

S7S26.txt	0.0397694524495678	-0.3309884881812003	-0.4019790274270898	-0.8711270048238049	0.08293603635998216	0.10000000000000002	-128.54545454545453	-0.1963201982242231

S7S27.txt	1.39395960365854	2.818329612557759	0.25745511868400917	0.5550504630308618	0.33248505203356943	0.27272727272727276	-170.43939393939394	-0.9491287563785918

S7S28.txt	0.232102486812359	-2.8914706594374042	0.3271496873709024	0.7170889640437503	0.32569748110084956	0.27272727272727276	34.166666666666664	-0.23501289845526369

S7S29.txt	-0.162713786260985	-2.304115727540649	0.09981181239658718	0.1713788671673559	0.27467456066920654	0.15489789617658978	-134.6969696969697	-0.49966204414744814

S7S3.txt	0.312168811506434	-0.899560429204503	-0.0028772089510003818	-0.02127025652709813	0.2732040778586942	0.06363636363636364	256.42424242424244	1.157041200157621

S7S30.txt	-0.310076775431862	-1.923767941818907	-0.013491285202474057	0.0023545099272357373	-0.1927024966611422	-0.1272727272727273	223.8939393939394	1.0557971363178187

S7S4.txt	0.14030443414957	-0.5196414027135582	-0.09263072569985176	-0.1404295185988796	0.15189449909440125	-0.05454545454545456	285.8787878787879	1.2447674591749796

S7S5.txt	1.63645083932854	-2.725355377427422	-0.03687258297176452	-0.0822710284769455	0.2820493054849096	0.13636363636363638	-18.636363636363637	-0.5885408500917044

S7S6.txt	0.508075370121131	-0.40977535373782387	0.007150853558197473	0.06550969648268778	0.1657780866594263	-0.018181818181818184	-124.34848484848484	-0.24229090199911232

S7S7.txt	-1.36898703792607	-0.3919747818761038	-0.5674337251440296	-1.3483173831991735	-0.4294123904007955	-0.6363636363636364	-297.04545454545456	-1.1170355144758124

S7S8.txt	0.490518149602528	-2.323653885218248	-0.004774777663244828	-0.04242536338289982	0.1338680692458299	-0.10909090909090911	-75.15151515151516	0.057938007653274406

S7S9.txt	0.108543284713014	-0.5355136563225655	-0.05323449916538431	-0.07375225391204349	0.12521987006476248	-0.13636363636363638	252.27272727272728	0.8817389273387886

S8.txt	-0.0160339998068193	-2.8484204708308902	-0.005622795659665711	0.005635755771439321	0.08195563137181977	0.1272727272727273	46.39393939393939	0.5304118491532115

S8S1.txt	0.133477565610008	-0.42887423826697013	0.060570797480977906	0.06476826950945352	-0.12513944729804416	-0.19090909090909092	-309.25757575757575	-0.3597327238138885

S8S10.txt	0.0727427115765639	0.7033201828082145	0.4393482905381417	0.9163657495408671	-0.017411897677922433	-0.009090909090909092	-294.1363636363636	-0.7838967304239004

S8S11.txt	0.318817456593149	-0.34167162882015834	0.11733714202966389	0.22319088000616316	0.0221885208379385	0.06363636363636364	25.166666666666668	0.6654088082965863

S8S12.txt	0.188556933483653	0.8659251877902956	0.01812534242351327	-0.009633187076389549	-0.06595682675144471	-0.15454545454545454	-251.6060606060606	-0.8105888004915065

S8S13.txt	0.076480030214333	0.5917457941862327	0.08067711204212111	0.16338381674061547	0.11800833811522306	-0.045454545454545456	-37.45454545454545	-0.5016958622780369

S8S14.txt	0.146470366175915	0.5067156946892483	0.49223108421790973	0.9975086804289182	0.1501481702973456	0.0	67.68181818181819	0.362138575070291

S8S15.txt	0.011914813772399	-0.3828366923949151	0.008616297840409903	-0.05401881600958813	0.14378164281672495	0.173121178079718	275.6666666666667	1.4228720886464128

S8S16.txt	-0.0173000567214974	0.6631818855344488	0.0556841762839754	0.14802253981938124	-0.04796327543650317	-0.11818181818181818	1.2878787878787878	-0.11027422080256184

S8S17.txt	0.207330933888994	0.03035969895963575	0.5339844055120897	1.0504081189852572	0.520784529989299	0.5545454545454546	409.40909090909093	1.9336171446376702

S8S18.txt	0.392965204236006	0.3844426300154092	0.18552409936095862	0.3460661500160194	0.13953753997041862	0.26363636363636367	-1.9242424242424243	0.17904943868982054

S8S19.txt	1.30454417160598	-2.7653487486184165	0.1269074866923856	0.1932172114532763	0.14770774310347337	0.13636363636363638	250.24242424242425	1.2905123702711299

S8S2.txt	0.147858823529412	-0.5711366123920629	0.07947668110410872	0.14100989626608573	0.0028848861533257615	-0.03636363636363637	86.81818181818181	1.1879824418492502

S8S20.txt	1.74884423058779	2.684761425412715	0.403338425662863	0.847057083117028	0.5427084084140079	0.5818181818181819	-115.77272727272727	-0.2554770207370262

S8S21.txt	-0.517694928084784	-2.2738123501707452	-0.019554883443445747	0.019413404386350974	-0.20886999475972334	-0.2545454545454546	40.84848484848485	0.7040420223788177

S8S22.txt	0.0866439651910708	-0.0655543581839968	0.11184327484615819	0.19992895250985637	0.06312894891365248	0.12300715284611541	-94.5909090909091	-0.008604332320557446

S8S23.txt	0.155509394769144	2.3269032205344438	-0.029655682953737217	-0.1792745306519663	-0.18424322235537227	-0.3181818181818182	-184.1060606060606	-1.24570265400252

S8S24.txt	0.341550958722962	2.2517899043085277	0.06871142755414805	0.12139621791526067	0.14700961097224696	-0.03636363636363637	-202.95454545454547	-0.6983654633095411

S8S25.txt	-0.0165265841911418	2.352690699628101	0.054487656126096906	0.07891820484751455	0.05417764321129392	0.045454545454545456	96.83333333333333	0.5317025968603389

S8S26.txt	-0.0426566884939195	0.451449618016069	0.13856420325986796	0.21807964963242366	0.09786684849585993	0.07289312761251283	150.65151515151516	0.3874496059741105

S8S27.txt	0.252878988106475	0.4867517500742063	0.09028051107588711	0.24838301886838615	-0.0031322746958800628	-0.14545454545454548	-318.54545454545456	-0.854444802911564

S8S28.txt	-1.71319653614458	-0.44198702058184175	-0.34695880231648535	-0.6970621848428442	-0.36715990852315783	-0.43636363636363645	81.53030303030303	0.4054482047419888

S8S29.txt	-0.0475562670684623	2.2601586783088785	0.11873952356053072	0.25024256956549057	0.27495244931604484	0.2277910237891026	231.9090909090909	1.3371303995696893

S8S3.txt	0.175529411764706	0.7735038288594496	0.03687441641556216	0.04157257729667568	-0.039406056851909135	-0.045454545454545456	-117.86363636363636	-0.1784599307657651

S8S30.txt	-0.0623532726077567	-2.651818680159475	-0.03442926980661043	-0.1307143309431419	-0.10105094538100484	-0.17272727272727276	-285.59090909090907	-0.9232450209561565

S8S4.txt	-0.0166839475916675	0.5375210661465103	0.006491756751809991	-0.053621436638449316	-0.04082784667692678	-0.18181818181818182	41.81818181818182	0.012967794881721069

S8S5.txt	-1.53176470588235	-0.45836085848432273	0.005758611677739112	0.03083210755846899	-0.24832502065067333	-0.2545454545454546	-301.8787878787879	-1.1364573450798081

S8S6.txt	-0.0297057714070162	2.368948169420081	0.06393547834270977	0.13694108062582483	-0.03728817553712005	-0.04895104895104895	98.23076923076923	0.45381877492136496

S8S7.txt	0.0921992481203007	0.7840439307283972	0.0660336097784372	0.09511568422041405	-0.08318806634610863	-0.21818181818181823	24.863636363636363	0.10497945169912921

S8S8.txt	0.0552245862884161	0.13061671356235893	0.24496343087237074	0.40652752721851165	0.43289795861768376	0.5181818181818182	108.89393939393939	0.5507554149952095

S8S9.txt	0.0204426106526632	-0.37297209228638883	-0.07156628332395093	-0.14478796864820626	-0.2855938915438745	-0.3181818181818182	-317.09090909090907	-0.7768703294730555

S9.txt	-1.15011475067807	-4.605170185988091	-0.02707238077100664	-0.05609517788676238	-0.2794904674806671	-0.22727272727272727	-112.04545454545455	-0.030853315579396495

S9S1.txt	-1.44668963590651	-0.11185796752809464	-0.06027734512508329	-0.11883815334834053	-0.3499283182408687	-0.41958041958041964	-331.7564102564103	-1.754362894692488

S9S10.txt	-1.42153011597456	-0.106944023610402	-0.6317372578662458	-1.3475060661710727	-0.5624867087990939	-0.3090909090909091	-428.7878787878788	-0.9599513513568688

S9S11.txt	-0.480991813305731	-0.19514924903547598	0.02908184008474385	0.13581798170529336	-0.13784098227969396	-0.13636363636363638	-87.48484848484848	-0.04112058983654098

S9S12.txt	-1.34972344614231	-0.13193911178782952	-0.5441940511943942	-1.1162642241537641	-0.42543609913424113	-0.20000000000000004	-195.77272727272728	-1.0705192990587646

S9S13.txt	0.358530717986677	-0.16609967360526354	-0.06165527054495423	-0.3337182671496366	-0.194533562354043	-0.16083916083916086	-254.47435897435898	-0.39011786039787966

S9S14.txt	0.173075141295284	2.0028679111202603	0.19161458219694555	0.41300760395495034	0.4588605862915223	0.43356643356643365	10.461538461538462	0.02417458789032098

S9S15.txt	0.515507432556432	0.5450282081540119	0.0345573515471215	0.05006227778652683	-0.03125320182892182	-0.04195804195804196	-284.9871794871795	-0.9078306568608383

S9S16.txt	0.210560384686518	2.2999541779873116	0.0011661216421926524	-0.12745539277047047	-0.15728410902631026	-0.16783216783216784	-322.1025641025641	-0.8150060914747113

S9S17.txt	1.05282896564497	0.4325076661627736	-0.022150957283322892	-0.2087367095470003	-0.0626238221000367	-0.17482517482517487	-47.55128205128205	0.6175866300368168

S9S18.txt	0.201053799223516	-0.29248937915982565	-0.1116196620238063	-0.27328121784915643	-0.2946751247291544	-0.3090909090909091	-326.8939393939394	-1.9112259889363148

S9S19.txt	0.109055410933433	-2.260979517558384	-0.14667387662501397	-0.3726737334360306	-0.23771812981824092	-0.18881118881118883	-244.52564102564102	-0.2978051146692581

S9S2.txt	-1.47569346497414	-0.09826242593641119	-0.6495699320798698	-1.3404647574956934	-0.6128049979753086	-0.6545454545454547	-291.22727272727275	-1.6716349907807442

S9S20.txt	0.260934162874919	-0.11564833325420454	-0.0648678431162068	-0.05139691635761179	-0.19462545468998518	-0.15454545454545454	-149.6060606060606	-0.6355473025646453

S9S21.txt	0.471187696868631	0.5356884668715153	-0.04105536106685809	-0.17360395170880027	0.023589187516079996	0.027972027972027972	-132.83333333333334	0.5802319807233265

S9S22.txt	0.45974872033504	0.15770943035091217	0.07005847430459122	0.1624967360399634	0.12049515025591723	0.055944055944055944	-66.01282051282051	-0.01883966600256165

S9S23.txt	0.509974946645634	-0.05881933920596735	-0.031990677264073286	-0.20460442287886393	-0.026204143010674287	0.04895104895104895	-106.0	-0.2719649588387083

S9S24.txt	0.268319763138416	-0.28535176808633	-0.025121411310371544	-0.06333498951241534	-0.1667524053463046	-0.08181818181818183	-299.6969696969697	-1.065081491231087

S9S25.txt	1.64289698772778	-2.3000538997380273	0.08567426420553115	0.20592112547705466	0.3177439446541516	0.18881118881118883	84.53846153846153	1.0716451891164385

S9S26.txt	-0.0269220094365806	-2.133661807421869	-0.15062068384593164	-0.34103781966520935	-0.2946037364918438	-0.2937062937062937	-342.15384615384613	-1.6765743517745808

S9S27.txt	0.388052768487551	0.16552184726965014	0.13000007047689027	0.1739014441911041	0.23197027952430677	0.3706293706293707	-173.5897435897436	-0.12172424722261704

S9S29.txt	0.822707504395299	0.3451528745401908	0.029005211391075925	-0.022883030205238186	-0.13477366317361053	-0.11188811188811189	-471.28205128205127	-1.5904683429600026

S9S3.txt	0.406623388841848	2.4415025341095236	-0.0022083087342041896	-0.07671167372553894	0.13314219739364605	0.013986013986013986	-107.6923076923077	-0.31342598280423817

S9S30.txt	0.841583240637746	0.45479564667333106	-0.04989577242720583	-0.09758585377730272	-0.07130511920023606	-0.06993006993006995	-351.35897435897436	-1.2935253399676914

S9S4.txt	1.67468069120962	-0.5911824736306567	0.1065629290093962	0.11989413933124049	0.2777655891801771	0.17272727272727276	154.9090909090909	0.8584065264972935

S9S5.txt	-1.36020800149911	-0.03842708920268681	-0.6298037656722533	-1.3309840218351603	-0.5797272508803304	-0.5181818181818182	-432.95454545454544	-1.4065603380881693

S9S6.txt	-1.42879199026855	-0.41220596444163365	-0.08591756796143837	-0.2469026085699682	-0.6444460202635864	-0.5090909090909091	-446.43939393939394	-1.740760576705211

S9S7.txt	-1.56750658142159	-0.08229642462038544	-0.5603357755184928	-1.085379757245503	-0.7641727767715829	-0.7636363636363637	-457.3030303030303	-1.9008647874118854

S9S8.txt	-0.152102650557273	-2.0629625866698014	-0.16761756798294775	-0.4311615556956811	-0.2823089038078032	-0.4090909090909091	-306.54545454545456	-1.1633966826593456

S9S9.txt	-1.35520764976094	-0.38822663586138545	-0.5826886161916564	-1.2771334123164149	-0.3384203138972621	-0.03636363636363637	-126.12121212121212	-0.45146083105332363

