	SScmap	SSfisher	SSlincs	SSlincs_Norm	SSpearson_corr	SSspearman_corr	SSzhang	SSzhang_Norm
S1.txt	0.155986565910999	1.9406549652042349	-0.15993551939210224	-0.6342856034781177	-0.19294632850188942	-0.2778009951303073	-213.6689655172414	-1.9786144788606044

S10.txt	1.32351028510798	-1.1293083186970923	-0.08209955199485605	-0.15758603898580376	-0.04937210031150209	-0.08796580749419365	-91.96296296296296	-0.14969809487513067

S10S1.txt	-1.80793591654247	-0.6026438856873297	-0.14543307432895702	-0.5549419009645855	-0.23121575446871753	-0.2100224019365399	-171.0774193548387	-1.2220433378190318

S10S10.txt	-1.79253228523302	-0.011319445740605213	-0.4034251931681908	-1.0306434853518505	-0.18892270145896864	-0.16115750964981237	-240.86236559139786	-3.2675983473226236

S10S11.txt	-1.84904953647345	-0.06535783957980577	-0.06361161500186147	-0.3126782735489255	-0.1634782920245978	-0.10825267060927897	-146.50537634408602	-1.875701870495607

S10S12.txt	-1.87090487238979	-0.6539355421554018	-0.3742306313551027	-1.0723562549831083	-0.3070396221428956	-0.26329849036364883	-226.09677419354838	-1.8791457598595604

S10S13.txt	-1.86556272803817	-0.7245433698314963	-0.12152619853906715	-0.4064954358025026	-0.24250629023214962	-0.29267752732730196	-204.68172043010753	-2.334650448464792

S10S14.txt	-1.12996206162672	-1.0303677457127458	-0.03277635892089939	0.002547022982320679	-0.1787945781755728	-0.17463848720800887	-93.60860215053764	-0.5001699099458814

S10S15.txt	-1.10064754856614	-0.9756326311924066	-0.013280564267320327	0.025921612812133787	-0.16171751885965985	-0.10433815350389322	-89.69462365591397	-0.12396853709077038

S10S16.txt	-1.50350004605324	-0.802338188863333	-0.12801581657147892	-0.5192545140401408	-0.3214281310758012	-0.28911290322580646	-236.27217741935485	-3.223974047313056

S10S17.txt	-1.0473859227785	-1.1498982488042846	0.0015904907638086552	0.09130335071008716	-0.14006265014626815	-0.12056451612903227	-103.01814516129032	-0.9245595119070716

S10S18.txt	-1.01033210332103	-1.0283837076256677	-0.07393967817516248	-0.316062843811319	-0.20386126013240277	-0.23648498331479423	-64.45591397849462	-0.5945593110380992

S10S19.txt	-0.885463567031149	-0.896817345137656	-0.3049642402915651	-0.8709330528438051	-0.20013073598522738	-0.1975806451612903	-100.52217741935483	-0.5280502922662184

S10S2.txt	-1.75643907464644	-0.5971480346068565	-0.047668782272999116	-0.409009493677326	-0.20036089776020366	-0.010925713402872881	-187.78024193548387	-2.3376813240352377

S10S20.txt	-0.248363602839495	-1.1004867881049107	0.01096775788280055	0.14021517717281795	-0.06478372809588284	-0.016242073746072047	-59.11827956989247	0.5562568828930753

S10S21.txt	-0.977761327534623	-1.33449995281561	-0.017610057208202273	0.04620441139832798	-0.12369974780541275	-0.1604004449388209	-46.159139784946234	0.15155148294334128

S10S22.txt	-1.30106190344658	-0.8869695306954312	-0.2703910262614758	-0.8090255529049689	-0.21194256584111715	-0.16395995550611792	-189.09462365591398	-1.6208809163927307

S10S23.txt	-1.1460757156048	-1.60426690522287	-0.2579321079208569	-0.6655376129354273	-0.18398980000558116	-0.2711902113459399	-111.4989247311828	-1.0102917253802384

S10S24.txt	-1.15862897265336	-1.2321262214187902	-0.01938734343619633	0.014762727822809019	-0.12224883671015763	-0.11290322580645162	-41.79838709677419	1.0018194400501765

S10S25.txt	-0.974004986610029	-0.9297313833495561	-0.006541891700938857	-0.09148392372817177	-0.14325349355758346	-0.11946607341490545	-70.06236559139785	-0.6014099413901117

S10S26.txt	-1.57761566164928	1.5561939563119176	-0.05314960010222436	-0.49105258804477003	-0.26551654922969914	-0.23205047964884182	-168.8655303030303	-2.1088414396432675

S10S27.txt	-1.60244082840237	1.1168044393904548	-0.06984074863399037	-0.5022451538239482	-0.20475148820289285	-0.20339253661127565	-176.3598484848485	-2.3678286946646536

S10S28.txt	-1.78698279869828	0.5962336794576365	-0.0569951270388519	-0.36864727053413426	-0.19673663136737102	-0.016881352044105968	-244.55614973262033	-3.8106183101815465

S10S29.txt	-1.79975784669833	-1.896101248651809	-0.18272929055752665	-0.7566192840916595	-0.28658463183445654	-0.12895584947583658	-232.8508064516129	-3.420042920747188

S10S3.txt	-1.23554366872637	1.2969429749327972	0.03475137280736734	-0.09867479857088057	-0.16491423022292612	-0.21423804226918797	-147.94623655913978	-1.189717768109003

S10S30.txt	-0.222590444628556	1.095403515323752	-0.10096065121682624	-0.5225330283474154	-0.3561048828714361	-0.19174657133770087	-249.41344537815127	-4.603570086433994

S10S4.txt	-1.93136338133533	-0.37344106560014134	-0.1542227199184443	-0.7011128539232916	-0.291029478078502	-0.16301965877134061	-204.50806451612902	-2.871803889722828

S10S5.txt	-1.73361214374226	-0.6948317627450034	-0.08552278041377875	-0.4353579316842262	-0.2092877046897083	-0.2635313669971949	-99.84677419354838	-0.9375833014120287

S10S6.txt	-0.192763219248345	-0.14941871784098434	-0.5524282051995765	-1.5364663767042677	-0.2579367747068249	-0.06343201162606925	-177.2774193548387	-3.3494862887201218

S10S7.txt	-1.49827128480583	-2.5893819993000093	-0.054800757137124595	-0.36138168678144117	-0.1841593002077878	-0.19875363642835028	-94.5247311827957	-0.2175489787418727

S10S8.txt	-1.90484639088617	-0.38332612315018844	-0.10619450567004007	-0.48992933966280094	-0.24719004288253388	-0.14545484227117783	-154.79435483870967	-1.3168205777072928

S10S9.txt	-0.0841556507168125	0.8091313748863652	0.04150011841775303	-0.12559082233690644	-0.10560617892547747	-0.18067892719936077	-172.43951612903226	-2.3145501376772635

S11.txt	1.21157436216553	-0.9028340470351698	-0.04772170547019605	-0.12045215647880769	0.043727642334366726	-0.04976339548132386	-6.902116402116402	0.9899683681768938

S11S1.txt	-0.498964803312629	-0.908816923115265	0.005486890679781586	-0.15143111282993427	-0.0075621157247823916	0.03914055052392109	-101.95566502463055	-0.9734273448021787

S11S10.txt	-1.19038889411175	2.140764758536493	-0.01736027799072684	-0.25675604090656445	-0.12467349126700733	-0.06960817715801831	-124.43596059113301	-1.3314654175561802

S11S11.txt	-1.30940339046549	1.865147492381098	-0.003676089803036353	-0.1110112176375736	-0.2208555033332883	-0.18171866447728516	-166.6576354679803	-1.9712077214203323

S11S12.txt	-0.395939405368031	-2.405925072587645	-0.04987356774657367	-0.33159075273039806	-0.19663504247731683	-0.019704433497536946	-203.15024630541873	-3.5118950982576975

S11S13.txt	-0.356307864958384	-2.2266484463532557	-0.04528768175422554	-0.2471825063744243	-0.11070372394422892	0.05530881057428706	-171.00459770114944	-2.726572509762464

S11S14.txt	-0.469628229363579	1.7524723131691644	-0.2823493308984944	-0.7648048413213546	0.0029129943775583894	0.18681318681318682	-97.07936507936508	-0.3633029398846689

S11S15.txt	-0.51395545531435	1.521303948182597	0.010981262794539814	-0.2360498386823815	-0.05631275008300351	0.011295985477355722	-193.06349206349208	-1.1059670076290922

S11S16.txt	-1.28726528571875	-2.530797720517005	-0.059567310929045963	-0.3616720473702465	-0.2527966567683328	-0.22362312031867304	-183.32019704433498	-1.587276860802664

S11S17.txt	-0.472682223058587	-2.5003941447282525	-0.007593659081660986	-0.28498881881476434	-0.14979908346698495	-0.02409638915560544	-210.08128078817734	-1.6154757154105523

S11S18.txt	-1.26690764560448	-2.6302848534725056	0.02853147791437674	-0.08356735488463185	-0.15912214147751258	-0.14950714180637012	-150.80295566502463	-1.4878683359266875

S11S19.txt	-0.577746478873239	1.5152668336905148	-0.15123668607767596	-0.6406667971873867	-0.15539855244246348	-0.02030743102155677	-184.82758620689654	-1.5904192790759597

S11S2.txt	-1.27175418713008	-2.5723777785440864	-0.0633176980768336	-0.37396091465542447	-0.16202222878237474	-0.01038009476297553	-167.8042328042328	-0.8034310372690228

S11S20.txt	-0.540515045750401	-0.8022100132888468	-0.37218405519037545	-1.1373358657234067	-0.1459261993960431	-0.09529629145204313	-169.61904761904762	-2.353308892136233

S11S21.txt	-0.495908962663406	0.9184678424634547	0.009004063145602148	-0.14649004623028017	-0.05615661501431071	0.007125246480742034	-228.60098522167488	-1.6873225041967916

S11S22.txt	-0.506593820648078	-0.9358235167542358	-0.04935995766849155	-0.30209733676549855	0.06073467420257046	0.08244955744589336	-61.66096866096866	0.5075213816026966

S11S23.txt	-1.27924387048475	-0.8971352818449341	-0.07172353348386168	-0.34221178567134664	-0.17715848942203347	0.0677423333134425	-153.01379310344828	-1.8608095621259308

S11S24.txt	-1.26619718309859	-0.728744348129259	-0.08280664979821689	-0.37930472970586715	-0.0838843187229753	0.03946290358564818	-178.20443349753694	-1.4344996923695104

S11S25.txt	-1.25305853566723	1.4565160008302036	-0.08930398869821007	-0.4762007711887293	-0.1615281242615544	-0.018235586246297505	-165.00689655172414	-0.7441881415463997

S11S26.txt	-0.398419864559819	1.1484835825215076	-0.014965892424021965	-0.27503926413600244	-0.0068678526110117835	0.01038009476297553	-116.8068783068783	0.11940898603384961

S11S27.txt	-1.31673232039017	-2.608812856597062	-0.09118513392106459	-0.44635377545071203	-0.2680197609837859	-0.24698798884495576	-170.11822660098522	-1.589606985999447

S11S28.txt	-1.34304722638681	1.6893316932927234	-0.061323200638142394	-0.29378821771212493	-0.22209280857942437	-0.2004381461579907	-203.55418719211823	-1.85954675151108

S11S29.txt	-0.453219126506024	-2.411016927542962	-0.005614545357441381	-0.07855816495526302	-0.12372602765115323	-0.08712942004338232	-143.16137566137567	-1.9023658189827457

S11S3.txt	-0.394543744120414	0.6049000664388223	0.04345990666956226	0.02251090927734145	0.090589500311769	0.22466422466422467	-119.83862433862434	-1.1444434694631704

S11S30.txt	-0.273702031602709	1.4660968386569695	-0.06160742834359903	-0.2765553879855864	-0.057200137819309785	0.07936507936507936	-170.6206896551724	-0.4162965169835788

S11S4.txt	-0.491242937853107	-2.5344602831440057	0.0030419699688288837	-0.18162803733561794	-0.0663655471060435	-0.003284072249589491	-164.40886699507388	-1.7828510979167607

S11S5.txt	-1.63700366094058	1.2013752907311577	-0.004107965229714572	-0.2123479967618903	-0.2228505165631288	-0.23600527943971386	-249.67241379310346	-2.2150796634496763

S11S6.txt	-0.422234805587014	2.588124147812808	-0.06354416102666496	-0.33024560625278443	-0.11128097143816802	0.0629447181171319	-141.26108374384236	-1.0354788584318753

S11S7.txt	0.0819677277578954	-0.8934041117856036	-0.3592594595157798	-0.9154643362158874	-0.23591025581763048	-0.027472527472527472	-195.84126984126985	-3.20652848448299

S11S8.txt	-0.324853966459393	1.3271987675694163	0.011642295554034482	-0.08714522673307001	0.012385626451952979	0.15356434311107917	-159.54232804232805	-1.52317302477164

S11S9.txt	-0.32635417649093	0.5835863095317191	0.09592401308532436	0.09219733652348994	0.12832183855051485	0.246031746031746	-97.12433862433862	0.04162945555804972

S12.txt	-0.19784604519774	-0.8232060342792956	-0.03839841738542027	0.05648910287977993	-0.06618236803854124	-0.16910866910866912	-104.43121693121694	-1.651329265552665

S12S1.txt	-0.0446732149603324	0.21664124977950824	0.48178284627939394	1.2443680645927906	0.1969005427045202	0.1856771625098969	-155.39162561576356	-1.5866562108776503

S12S10.txt	-0.44279541611873	1.0449176728521992	0.3207349006206254	0.9771982186805619	0.18966252741097875	0.2665352896187083	-83.14252873563218	-0.43855698084861583

S12S11.txt	1.16206296472077	0.6269278897348933	0.400038661573278	1.0531113033483548	0.2616192830321243	0.3908045977011494	107.98275862068965	2.2385950042497984

S12S12.txt	1.77402719174871	-0.443739278831923	0.030848321244768107	-0.1088979993945055	0.01766415383019819	0.0004081938682426702	-121.54637096774194	-1.650968230773014

S12S14.txt	0.00759778632398456	-1.893383952190356	0.04826976517585843	0.36130416456459846	0.14427486233572104	0.1805641102500122	-80.02988505747126	-0.294708862268248

S12S15.txt	1.08801498127341	-2.6350146762067914	-0.04634658744788271	-0.18106820294684906	0.02779589390374463	0.20380465138906845	-129.5010752688172	-0.8256693612462567

S12S16.txt	1.3187255362455	2.544015182037646	0.30063372311546754	0.9247873878413695	0.2823181724285687	0.3081201334816463	-45.36344086021506	0.9305901515249004

S12S17.txt	-0.310699782793465	0.8083223232331653	0.35938882195818944	1.0145584815142386	0.24347516785073575	0.26084576677829935	-45.87931034482759	0.8348671312949149

S12S18.txt	-0.522589792060491	0.4629693343787198	0.49496089748809724	1.345670067428546	0.22519941613273378	0.17624521072796934	-125.04679802955665	-0.6605488501605633

S12S19.txt	-1.3397976391231	-1.5260224055080873	0.06497723072671796	0.20115346639806686	0.05787541707032995	0.1463054187192118	-94.84367816091954	0.09844682525699341

S12S2.txt	-0.038627010849233	-1.5495098491757655	0.06917500819812217	0.23028998913953064	0.28840888194761954	0.2378541147222897	-28.623152709359605	1.414463971154155

S12S20.txt	-0.395356566327984	2.3454379636879024	0.09657268471013533	0.08127198593152596	0.16628138289902042	0.14424524563710783	-54.20935960591133	0.05719747012962375

S12S21.txt	-0.364377400918205	-1.357249406399801	0.1606415688381934	0.5392135277278252	0.16503359501745885	0.16609169094600698	-57.52873563218391	0.3574713208039566

S12S22.txt	-0.480818414322251	-0.529594635509667	0.0623217915369739	0.0473384506142458	0.09263905041415874	0.05216942102106911	-98.25615763546799	-0.7790475527456

S12S23.txt	-0.576414645744175	0.7801096137197316	0.011506943221904542	-0.21194601114004696	-0.06179750968036789	-0.1647509578544061	-100.25615763546799	-0.9991135212408855

S12S24.txt	-0.321239105721864	-0.6959192688596272	-0.027973755772833425	-0.19028779528465556	-0.04454741329148863	-0.16643847494098893	-117.91625615763547	-1.887863889189395

S12S25.txt	-0.42301489422256	0.19454337478310985	0.48101003265491005	1.319685147481799	0.15717421766395168	0.1394077697155519	-118.32758620689656	-1.0648088592112828

S12S26.txt	-1.25782723500566	0.28820231755849157	0.4266073343975403	1.1558619428329457	0.10827777873102362	0.09174314076816441	-156.4039408866995	-1.4862256943395755

S12S27.txt	-0.463488460083239	0.6102826754483452	0.039468003345443314	-0.11255235105497219	-0.06787678015272094	-0.18423053422819277	-192.64778325123152	-2.643753220152539

S12S28.txt	-0.587162034411042	0.6224315843596249	0.32679248040401987	0.9393692781874594	0.07685555564043098	0.12782263702567237	-135.06650246305418	-1.5321361722633056

S12S29.txt	1.29718194941317	2.5032678637966614	0.13404684591244725	0.5501758005127588	0.30691158823996495	0.35158822358860664	29.049261083743843	1.46107706395338

S12S3.txt	-0.12450630054542	0.9022709222528538	0.27408833860026105	0.8156701455386299	0.08523277747024824	-0.037935706655527805	-77.0551724137931	-0.025148073713491027

S12S30.txt	-0.487588485134497	0.6789834090525294	0.11346414177544029	0.1471056323311658	-0.08436975119749343	-0.147231108471542	-261.1231527093596	-3.397780011994744

S12S4.txt	-0.536186696900983	0.672416970649087	0.03530779065435752	0.2729833347282139	0.1445179997119277	0.17848344495748927	-8.485221674876847	1.287354900970119

S12S5.txt	-0.126295947219604	0.7995353656467659	0.38674937425012	1.1705231613777995	0.4087478714109147	0.29572841236424857	77.71674876847291	3.375809173208882

S12S6.txt	-0.115496663847383	-1.9435306363825575	0.12537828029592646	0.4356378601269967	0.28812312441932914	0.21267278151808872	22.623152709359605	2.0433147220593035

S12S7.txt	-0.148858190019735	-1.2407405236710307	0.13228352273432561	0.4744919222634262	0.24383297017869698	0.23157051062411607	-12.75615763546798	0.9379900987577641

S12S8.txt	-0.185045317220544	0.21434633243173737	0.4606581301839627	1.455295563179086	0.24820928898329075	0.18896348397024906	-43.066502463054185	0.017845031404194342

S12S9.txt	-0.233494363929147	0.15476576524654295	0.07112239997006484	-0.0031078863586047056	0.16426632738339952	0.07996715553523584	-77.9088669950739	-0.6541161400624542

S13.txt	0.235250503124669	-0.7905461790371522	-0.07616712308962173	-0.12915553439695077	-0.10626359307888329	-0.264692416455876	-92.17989417989418	-1.0555729904273792

S13S1.txt	-0.433921987191927	-0.8002547027556894	-0.3864586679147062	-1.1374940838009262	-0.22453542804820892	-0.23110627781057944	-191.73152709359607	-1.7061063966930938

S13S10.txt	-1.39586583463339	1.2497991026868447	0.08862858649859687	0.09423062081632072	-0.048756607807335386	-0.09691237246930597	-171.74603174603175	-2.1445557307338743

S13S11.txt	1.44780376497433	1.645402778014231	-0.07007412806103017	-0.0939397424610241	0.14303660310241054	0.19539001906777467	4.0396825396825395	1.1638597209219759

S13S12.txt	-1.47909769555339	1.2098995806758381	0.02646982972094114	-0.0764701965724025	-0.21557007820148844	-0.18526466156592877	-209.55820105820106	-2.736896017892594

S13S13.txt	-1.46953648819357	1.2359226576883477	-0.018714387891164308	-0.24731970797277147	-0.15830058351056922	-0.17776423597784968	-182.75925925925927	-1.5630196074951002

S13S14.txt	-1.66352231838958	1.0407154660778193	0.008039359673901847	-0.08595179125105079	-0.1608477045183285	-0.13921635431603663	-181.6231527093596	-1.8361561330804765

S13S15.txt	0.0864671271424916	-1.234960689259885	-0.31497361854309924	-0.9499381040324775	-0.07725124643740584	-0.09829059829059829	-117.3862433862434	-0.6132200521088654

S13S16.txt	-1.81409281095474	-0.7770639488894999	-0.28331423008538803	-0.7848031449871402	-0.09760226127508675	-0.01861228975962681	-68.14039408866995	0.1431315616499213

S13S17.txt	-0.109924257137308	-0.8756616350407705	-0.07422822838364565	-0.35642355654050933	-0.07041585948558891	-0.10351145520710715	-91.65343915343915	-0.9096112378205443

S13S18.txt	-1.22509195065586	1.1776487033681946	-0.030284672192199102	-0.22103914027611926	-0.16957794049342365	-0.1549199412345408	-179.66995073891624	-1.288029795650098

S13S19.txt	-0.034581581964081	-1.4663833303980613	-0.05855361673261533	-0.06955363585847762	0.05265243816225246	0.052503052503052504	-62.11904761904762	0.706384468679981

S13S2.txt	-1.47278215989872	-1.0701097528415862	-0.3631666985234473	-1.0181780079966694	-0.3617038902751567	-0.39633228782264157	-142.9384236453202	-3.187134926939538

S13S20.txt	0.00135357246446877	-0.8922930309070515	-0.3523034813588401	-0.9930464568550493	-0.00044544736261706297	0.05309976784364121	-74.72660098522168	-0.07719392551907571

S13S21.txt	-1.46184582399376	-0.7186420917194738	-0.025856667588851245	-0.23334176192583556	-0.09319657762163366	-0.13820536283606658	-162.74867724867724	-1.4428039269439978

S13S22.txt	0.0169063598593799	-1.4665905712219782	0.003752589128612982	0.15251039704421043	0.21982730477346993	0.15323565323565325	91.74338624338624	3.530245853114328

S13S23.txt	-1.2518630609522	-1.0295062432677842	-0.08595428852046588	-0.43791535777156004	-0.15664355003707872	-0.07631257631257632	-94.97883597883597	-0.567760795917419

S13S24.txt	-0.0803637534202479	-0.965711809964325	-0.04080612826387589	-0.14331101323482182	0.029851970557223446	-0.038772706908761535	-124.58465608465609	-0.9150777857145251

S13S25.txt	-1.40900708531496	-1.0364908064213214	-0.39481743340009157	-1.1470295064879685	-0.4126411474411142	-0.3351405039860082	-167.73333333333332	-3.244009492304498

S13S26.txt	1.1773721719105	-0.7063936571462033	-0.3741822339472076	-1.0519412573174862	-0.18219931139170348	-0.20177975528364847	-101.70537634408602	-0.8296680218798488

S13S27.txt	1.29452694498926	-1.0080373930130138	-0.36737871731327276	-1.038345448021896	-0.14586787519099567	-0.18665183537263624	-104.2258064516129	-0.128956283608384

S13S28.txt	-0.485973199652945	0.5533889002291708	0.08839495821502857	0.10892432994120566	0.03243107482662104	-0.04274156667107571	-118.32010582010582	-0.6783746010717603

S13S29.txt	-0.180587744507277	0.3366325703262861	0.029462584613328124	-0.0783672100269307	0.05495208192513152	-0.0285078127761157	-95.50752688172042	-0.409277349984275

S13S3.txt	-1.28681041181041	-0.8613835840360974	-0.34880343339923126	-0.9957695645109792	-0.218533549138071	-0.2249897379766653	-179.60098522167488	-1.9521879190689688

S13S30.txt	-1.48473059716009	-1.2027714118614516	-0.0769635758367925	-0.3309984840913715	-0.25046423426883346	-0.3345543345543345	-113.81216931216932	-1.3912069457544254

S13S4.txt	1.41991280447351	-0.7963156869331918	-0.11579825048426348	-0.15944165849462716	-0.05988356450408483	-0.09251402851108623	-24.288177339901477	0.3077782998421009

S13S5.txt	-0.0497277156778446	-0.7387064072271314	-0.10961477626391586	-0.19194024143084332	-0.10020750360831229	-0.12180101386814605	-44.29802955665025	0.5246580650790722

S13S6.txt	-1.32536752800984	-2.622145380403049	-0.30863562014072854	-0.8867007130975549	-0.2530872319350644	-0.2775420855332586	-124.0615763546798	-0.7929539754160978

S13S7.txt	-0.00964937887191464	0.9420818329799011	0.052136058860671075	0.0007898851894562187	0.08725868101481703	0.048259019389175685	-155.0	-2.252319163858592

S13S8.txt	-0.074141569154038	0.24167250787016595	0.36366661049257176	1.007174643835481	0.053280822676318326	-0.05036266640840197	-85.0615763546798	-0.9891116492490154

S13S9.txt	-1.23911773298276	-2.533941084141955	-0.02241385448496136	-0.1976824448923763	-0.10319138620991442	-0.06349206349206347	-93.6984126984127	-0.38991503817075623

S14.txt	0.13515687851971	-1.3289394615675123	-0.10929712070400344	-0.10453436510138192	-0.011281237536618714	0.02472904928826523	-6.888888888888889	1.4145121576541266

S14S1.txt	-1.04007884362681	1.2174002913208373	0.3670330528770663	1.134836325943993	0.22554478970107267	0.10101234905091384	59.06021505376344	1.53373527281759

S14S10.txt	-0.366723179805972	1.5955290263388728	0.08034320706799941	0.09016636567089242	0.02915358593484724	-0.08301803626850467	-54.77849462365592	0.627551025523814

S14S11.txt	-1.1558049269102	-2.905349321574052	-0.040302556868308095	-0.2352393736286051	-0.23299697698354593	-0.23842364532019697	-107.91494252873564	-0.5616159809491471

S14S12.txt	-1.02451396086561	-2.9240462462543615	-0.009095409161409773	-0.13159425924649193	-0.11395424125913778	-0.12366055026672049	-53.255172413793105	-0.23751173729403716

S14S13.txt	-0.455125786163522	-2.5485272008709443	-0.004120790577099631	-0.1135760883519571	-0.040795865632295945	-0.08655022859208257	-101.17849462365591	-1.0047934757067074

S14S14.txt	-1.37172284644195	-2.6808501067756962	0.03651753672797858	-0.014881320547437182	-0.17797323343358457	-0.24093437152391545	-112.7505376344086	-0.2384406103088729

S14S15.txt	-0.264808691544639	1.0563292960976347	0.32851157151308485	0.9753759799885517	0.08423058154254491	0.0167487684729064	-102.7264367816092	-0.17298123041198682

S14S16.txt	-0.0265645679712612	-2.3422448823630777	0.0027845142282705015	-0.12829806377084574	-0.03193969870134893	-0.24975369458128074	-150.3655172413793	-0.791858830605252

S14S17.txt	1.20113421550095	-1.080121094789367	0.023510454374969514	0.22702201139347067	0.034939301122810566	-0.19337356964019042	-117.2367816091954	-0.3748312035668311

S14S18.txt	-0.0186691895301166	0.5354741318984364	0.4213995759916356	1.2229360192590146	0.19697784706949867	0.07507124877910608	-48.09885057471264	0.23075825592578675

S14S19.txt	-1.31774026218995	-0.4022966602136419	-0.09542793558939389	-0.34301508551095095	-0.1666534438856425	-0.07244949130285766	-199.42298850574713	-2.0279030660650537

S14S2.txt	-0.207304770011665	0.6942952639508078	0.10099078890975752	0.16024272626910574	0.13445608785066718	0.0354679802955665	-47.703448275862065	0.2616700480911199

S14S20.txt	-1.31902349003785	-2.826336771261805	0.036623642554484054	0.011331090314209313	-0.21613097492461586	-0.24315906562847608	-133.69462365591397	-1.9726009215347569

S14S21.txt	1.25800963992061	-0.9887199825080669	0.023975269375532682	-0.04449686328049751	0.02238501816013132	0.14532019704433494	-82.4	-0.3516480495962802

S14S22.txt	-1.11949211138349	-2.704093096451751	-0.07362179187744752	-0.3755927844458361	-0.2235750246537335	-0.2068965517241379	-116.37241379310345	-1.4205441720944685

S14S23.txt	0.191114045844732	-2.822673712221718	-0.07889041848175357	-0.425951352126788	-0.09703909866609879	-0.2379310344827586	-55.68735632183908	-0.0711329954000929

S14S24.txt	-0.488574126534467	1.4892530761727958	-0.04862778186470068	-0.25658546323588394	-0.1653935648736514	-0.2589397776107772	-187.4873563218391	-1.4458064363352965

S14S25.txt	-0.0507557380108229	0.623034025857281	0.038816222810971024	-0.19501764015910195	-0.03994981252937918	0.035416493166514525	-150.67557932263816	-1.7791392006982065

S14S26.txt	-0.264736395359804	-0.5885791944126912	-0.09343306733558804	-0.12001229855213036	-0.06226484384387364	-0.1317544526138032	-75.7448275862069	-0.23795650934637877

S14S27.txt	-1.16302127525848	-2.7430730963032004	0.006549077299123129	-0.11969702438730889	-0.0897671790752585	0.03793103448275861	-40.694252873563215	0.9325879493595552

S14S28.txt	-1.66232786266742	-0.5884832758516413	-0.43013126426335435	-1.1844819155083408	-0.3248458508658008	-0.33349753694581274	-196.85977011494253	-2.415587810337063

S14S29.txt	0.202720207253886	-0.5302689777043941	-0.05757826244786829	-0.31640748831632	-0.05251953194532347	-0.09526698775441984	-151.4858870967742	-1.4782844935126818

S14S3.txt	0.153440403086128	1.2329733940270424	0.0840626480429916	0.08221392888659917	0.0682780105755411	0.050738916256157625	-50.99310344827586	-0.3261168112765607

S14S30.txt	0.138946573532188	-1.0299323290432012	-0.3274344074751805	-0.8750920773961719	-0.16604080461489348	-0.1576354679802955	-174.0735632183908	-2.3766794225292327

S14S5.txt	0.0607085800206748	0.6068556922242004	0.5288942019583411	1.5032960071757075	0.47225381166035774	0.34229372507024647	20.94712643678161	1.456196506766952

S14S6.txt	1.17350177555702	0.4919721215432216	0.38529597647365654	1.0602144774667792	0.3381795460471776	0.2372213344758005	52.71264367816092	1.3017189749166986

S14S8.txt	-0.266078026175716	-2.679499928220139	-0.045781773350100946	-0.2034742060772799	-0.10729765571249861	-0.0817733990147783	-134.35862068965517	-0.4582824018499643

S14S9.txt	-0.00327531349429167	0.7659585677924265	0.07051876277331298	-0.046705582457696515	0.05777797526277659	0.11238174577253454	-200.60416666666666	-1.921811963829496

S15.txt	1.25040355125101	-1.646981890108737	-0.08902720309129114	-0.16603589922203732	-0.016190558375660292	-0.012210012210012208	-2.3492063492063493	0.8902219665235928

S15S1.txt	-1.34742504573218	2.1700652655454586	-0.0496347753747583	-0.351139426762738	-0.24784213785065493	-0.2532677634345411	-193.04597701149424	-2.0564198270355933

S15S10.txt	-0.222118554456677	1.096386487650751	0.280988300815684	0.871070778196175	0.1248159735390838	0.07586206896551723	-91.36781609195403	0.504875851234718

S15S11.txt	1.00417601595612	0.8319037977879783	0.43041491666834064	1.3358873601749925	0.24100686362118814	0.17637640237245394	29.84367816091954	2.5592859689272562

S15S12.txt	0.08274796291093	-1.480138490465276	0.05650873113737179	0.21046771250453478	0.062131583975124735	-0.11676314905662454	-134.79080459770114	-0.3466379116353898

S15S13.txt	-0.992967388598457	-2.498958136019759	-0.2638523504297502	-0.6951784183650671	-0.08322468029368442	-0.13596059113300488	-125.86206896551724	0.6781342256254552

S15S14.txt	-1.43394906241254	0.9015589984326767	0.0070282315999901646	0.11056164559374732	-0.0814450506882908	-0.13103448275862067	4.381609195402299	0.356066742164479

S15S15.txt	-0.31478358628443	-2.3601578233414715	0.03344401338599984	-0.12316801940417083	-0.04960648788225989	-0.14581280788177337	-183.0	-2.1997112198344895

S15S16.txt	0.0826472055888223	0.7831294572830305	0.04690177197036888	-0.05137753553038682	0.09407372619195788	0.08040262416113535	-70.9763440860215	0.1310200060044655

S15S17.txt	-1.19403590944575	-0.4673280449747011	-0.48613832345923297	-1.2957425610526894	-0.30556436132652764	-0.1960544030481599	-249.9287356321839	-2.9283285697836967

S15S18.txt	-0.0402492737325462	-0.6286419389924738	-0.10779341286270783	-0.47504900750533463	-0.13316906927609948	-0.08335394745946924	-188.95172413793102	-1.841927972390576

S15S19.txt	-1.32774986041318	2.208807063216917	-0.008473403054652884	-0.16772957421130136	-0.23634735386069847	-0.21225942950346213	-144.50537634408602	-1.417121251403361

S15S2.txt	1.26044576892035	0.352310217415813	0.416563076421681	1.1840021719169083	0.2422822051740212	0.2744269134559416	-19.043010752688172	2.238230363055117

S15S20.txt	0.0533901745838408	-2.4485932839876154	-0.06396880605206001	-0.3200464178282538	-0.030932603907402375	0.03010040926822016	-51.17634408602151	0.31814580215942423

S15S21.txt	-0.0571762505843852	-2.2925819808131536	-0.060757961457546084	-0.37596654976871025	-0.10529013763971085	-0.059631946252842044	-159.60645161290321	-0.9733132794716243

S15S22.txt	-0.37936626746507	-2.448146169918362	-0.08339210887773588	-0.4012599144451803	-0.15136030829317984	0.0024642684116618248	-105.72873563218391	-0.6382233551128443

S15S23.txt	-1.58225675591337	-0.2679515359016764	-0.3728264055663574	-1.114841918855481	-0.1409314873036641	-0.10260406091094006	-106.77204301075268	-0.9565745664812879

S15S24.txt	-1.33375088923943	-2.6902341211911818	0.01077322169555478	-0.14408963708206723	-0.17456131383690565	-0.14800802712749486	-159.20430107526883	-1.8194937626513614

S15S25.txt	-0.0509649615889077	1.062245712965062	-0.043861767506134436	-0.2625499411350803	-0.021492399707156662	-0.033004926108374376	-151.11724137931034	-0.6275582867626781

S15S26.txt	1.47618601455386	-1.3344649319605186	0.11048055835035359	0.42818576940631004	0.27453055882927613	0.2877201647640031	14.218390804597702	1.3802490310943323

S15S27.txt	1.67623066104079	0.3592063862175427	0.47314308839264174	1.4242421195660766	0.3944397704326872	0.3255089574041563	74.96989247311828	2.304133890997864

S15S28.txt	0.238077391548768	1.053123957462139	0.07978289200702929	0.30306579272185474	-0.004994498885529127	0.041847530130061775	-12.144086021505377	0.4622552662991268

S15S29.txt	-0.261971393034826	-2.0714182869473614	-0.43675911561951875	-1.2871574426299022	-0.23890854687656585	-0.18666723568821886	-275.60459770114943	-3.0180707528661177

S15S3.txt	0.0540498442367601	1.1892459446353771	0.07400124692875584	0.01941385557466646	0.08633224061497771	-0.015350389321468297	-42.686021505376345	-0.32979565201298133

S15S30.txt	-1.29372570794003	-2.69264928585455	0.09783856963921114	0.09612268804626456	-0.07151195123994183	-0.01357214381521089	-97.45161290322581	-1.1274628318910667

S15S4.txt	-0.0903453004238345	1.9697798865368918	0.025857864838252836	-0.04450322531827777	0.03833162086337876	-0.00689655172413793	-106.03448275862068	-0.14594853438714409

S15S5.txt	1.04911854482028	0.6137572959113236	0.45158713680518964	1.3242573917518055	0.3915550676142778	0.3034482758620689	-5.55632183908046	0.9206963801794852

S15S6.txt	-0.20213228894691	0.6371450238203755	0.09324327834280136	0.1263960748117316	0.056154428566784584	0.03547234908049353	-106.71034482758621	0.03897106634321091

S15S7.txt	1.13866666666667	0.7403077194159416	0.47601947207047596	1.3251616219009228	0.21110259296867853	0.22933859023569084	-108.8551724137931	0.25411545783437495

S15S8.txt	-0.418030742368971	1.4738175542648986	-0.12028320815854882	-0.5452246095500428	-0.16015388910328474	-0.02737830015802429	-268.08045977011494	-2.0180984126937838

S15S9.txt	-1.30613041171146	-2.389547420113449	-0.0885227019333189	-0.3237515833893538	-0.2948964548193616	-0.25579106113049743	-220.02758620689656	-1.4768504247101775

S16.txt	1.33397293476065	-1.3972207962796328	-0.19121551446043217	-0.40528404750622427	-0.13032416487306844	-0.06471306471306472	-43.264550264550266	0.11443672741464937

S16S1.txt	-0.0205415499533147	2.408095202122626	0.09166634424045253	0.46137561717970044	0.12820220625426354	0.11089207852478211	-89.1080459770115	-0.33646072779257336

S16S10.txt	-1.41579504420371	1.2737345301393317	-0.016618630718191085	-0.30389651939281104	-0.146501995654235	0.02335207376493772	-178.68560606060606	-3.561102561998775

S16S11.txt	0.0574283313101129	0.9416015807980846	0.07846697541977812	0.2714644028729702	0.07033868085872029	0.20534533890295842	-31.081720430107527	1.7227971791141354

S16S12.txt	0.0355543113101904	-0.7803298180427214	-0.2771849679552881	-0.8918075925345665	-0.08439752401445773	-0.13605256463784074	-59.635467980295566	0.11218901685915357

S16S13.txt	-1.62892696858425	-0.8615800542394976	-0.43059697740086045	-1.3182003262782833	-0.33885767459291743	-0.19812343550986455	-214.90537634408602	-3.104914190209036

S16S14.txt	-1.4694833474324	-0.6653357230512675	0.03725721062040971	0.23772749982546598	-0.0706364887481617	-0.03162938112452184	-157.7698924731183	-2.232360409329775

S16S16.txt	0.0271328671328672	1.0684571488501562	0.0042798143202621985	0.1250265268885663	-0.020926316661017477	-0.01577326239019879	-97.45057471264367	-0.3602287927795483

S16S17.txt	-0.00301766219934319	-0.46813463507926245	-0.11382597296289815	-0.6648937736666403	-0.22431943431949308	-0.005730806060694777	-201.41963015647227	-2.457598266462382

S16S18.txt	-0.0588675014016072	0.9124959080223547	-0.030072299001209668	0.10794518429026323	-0.029539609373805356	0.06239215593859679	-37.44597701149425	-0.5742692739320608

S16S19.txt	-0.0838613492359299	-0.21795148959276245	-0.4723882551101864	-1.2524459195147353	-0.22775594750773837	-0.08866995073891623	-134.13333333333333	-0.8289522916987252

S16S2.txt	-0.10295549483338	0.600417300224486	0.32701501109973097	0.9570901395389024	0.036008677082368906	0.03723987414957204	-72.85714285714286	0.034219623635397795

S16S20.txt	-0.0889822595704948	-1.0113814890144077	-0.026890185591574717	0.0967573304472038	-0.07568879595809569	0.043869386022740375	-129.2735632183908	-0.6313186519281553

S16S21.txt	0.0148876404494382	-1.2319153208680034	-0.018442194414326485	0.12695074674809415	-0.06742221602431978	-0.013351135177000463	-73.84516129032258	0.2934856851887573

S16S22.txt	0.0551724137931034	-2.556030402520444	-0.013422410013767955	0.07780661462098737	-0.04384676409642187	0.11602414178411424	-159.76091954022988	-1.2113374154731065

S16S23.txt	0.091036283928738	-1.4093897542277793	-0.029526454524605644	0.08931521551262112	-0.03305836111315241	0.14729064039408865	-126.93793103448276	-1.4080509594294341

S16S24.txt	0.0610267399608684	-2.5515153848683965	-0.02401978875378888	0.0657379739591204	-0.022969762604775262	0.11602414178411424	-133.48045977011495	-0.9079904174615544

S16S25.txt	-0.0111669458403126	2.435475706343375	0.03611287362912313	0.2912693884804647	-0.019657020513262534	0.12834092965928565	-179.09425287356322	-0.7300419501656339

S16S26.txt	-0.0149489322191272	-1.3655215619633843	-0.053470950796866396	-0.030512457262089954	-0.08885027366732948	0.0566502463054187	-146.84827586206896	-1.0699441890891508

S16S27.txt	0.0914280366835111	2.6975440550209977	-0.05746923950660021	-0.01805408009476872	0.0018916868746912952	0.09523809523809523	-14.182266009852217	0.24026917242092866

S16S28.txt	0.0779667317163832	2.6275786019343816	-0.03644438298521013	0.1270457588059632	-0.06243982561926989	0.06232294664836711	-149.8919540229885	-0.5863193584164914

S16S29.txt	0.0414454689391822	2.519223368167967	-0.0306602371780611	0.047960089782367266	-0.04538858647552392	0.15149649086460776	-191.60689655172413	-1.209203738004395

S16S3.txt	1.35119944737503	0.9302229211924267	0.012955458011761067	0.250080274040713	0.04741490336619138	0.0009876573316836975	-103.69885057471264	-0.5778348039736535

S16S30.txt	-0.041422321511682	-2.220663478836537	-0.382679978951182	-1.0879014535035598	-0.1358895935381648	0.08449316482367557	-224.783908045977	-2.833640699175945

S16S4.txt	0.0587367363596408	0.7214382439862619	0.38279681111533703	1.0222477993072179	0.08821587258981645	0.06790800580216079	-61.87192118226601	0.14042792632661996

S16S5.txt	-0.129136476271133	0.7193630023494106	0.31869251929550846	0.9371362622927576	0.05693699815507441	0.11056376573617953	-30.805418719211822	-0.2680831071757886

S16S6.txt	0.0533867511413398	-0.99830746617093	0.02431560205109856	0.13298622288950712	0.08872688178967902	0.16839557505207042	-48.32873563218391	0.13521289869136

S16S7.txt	-1.66196553531243	-0.7737414979550581	-0.034728713483412055	-0.30515524769664026	-0.15807275278417177	0.015146373762022675	-219.7405303030303	-5.905626437074096

S16S8.txt	-1.47778394890308	-2.335414551827643	-0.055115401974266814	-0.2865143003375296	-0.09617483103933729	-0.031861262999086225	-190.63709677419354	-1.6253865453772427

S16S9.txt	-1.58342596023218	1.184540752844724	-0.08769117035838886	-0.3242636128671069	-0.15870223968905067	-0.0122924564922971	-233.76325757575756	-3.7281431718298585

S17.txt	0.263793797825211	-1.163226473833146	-0.349981948453985	-1.0312340924144192	-0.010236613528367055	0.04029304029304029	-77.25132275132275	0.6074483639942386

S17S1.txt	0.0649108060147567	0.7591048631785825	0.13622611355612196	0.2458852343381711	0.08202721436655264	-0.1618425926797517	-117.15862068965517	-1.049763101128934

S17S10.txt	-0.211703317182259	1.6146761268121281	-0.2841516476645357	-0.8717223835607766	-0.3051953688644343	-0.3852216748768472	-174.50114942528737	-1.123041457809905

S17S11.txt	-1.29222470238095	1.9639563460971972	-0.05572873148026239	-0.23854643506531426	-0.30769519988443106	-0.3502463054187191	-146.93793103448274	-1.196294884329172

S17S12.txt	-0.215083798882682	1.3584910418900047	-0.30269714177990625	-0.8981410357852044	-0.24716025910585285	-0.38029556650246293	-137.83218390804598	-1.7001566668835402

S17S13.txt	-0.20854716805076	0.777789839209075	-0.06511780370913278	-0.3360693476339625	-0.1326980424011291	-0.26614098845947703	-117.02528735632184	-0.8829777379725038

S17S14.txt	-0.237683584309351	1.3599512636333426	-0.10061995429043599	-0.5000968871494409	-0.2391796520797087	-0.34708708232232904	-135.8919540229885	-1.5056762494010043

S17S15.txt	-0.280301619810091	1.3812225409464154	-0.14168628272804984	-0.472627485310642	-0.19840915848323912	-0.3201970443349753	-67.9103448275862	-0.0205961182228027

S17S16.txt	0.095695117405889	0.3823740054050523	0.41274694000989126	1.188626921443439	0.25132552033776123	0.044094100593113486	-81.0183908045977	-0.7431411160790645

S17S17.txt	1.66551659828422	0.8075064014491116	0.40233913007635635	1.0917881375219394	0.3037262764036459	0.15371351268213865	3.2735632183908048	1.1722589930822904

S17S18.txt	0.361507603321205	0.9082908574562063	0.3549044185244652	0.9885001767941184	0.21191583974855044	0.06651065452592536	34.7816091954023	1.1137050005276043

S17S19.txt	-0.041934582051999	0.9796580601409787	0.058368990068339954	0.04077145211293831	0.1374884138949512	-0.029313955142907848	-73.52643678160919	-0.7108165253962262

S17S2.txt	-0.128774505249466	0.3609277112419294	-0.029076429357958178	-0.17919279668800037	-0.07510312568905864	-0.20732538937577275	-149.79569892473117	-1.515859858955946

S17S20.txt	-0.0778264516730356	0.9677796096526863	0.30664705613770304	0.8554549308689257	0.08063862993827153	-0.05273534400956305	-99.42758620689655	-0.8754651078407943

S17S21.txt	0.0261541325390915	0.37968225633301045	0.3484252608943038	1.0127077182328574	0.1293186468788859	0.008621751512619956	-115.79540229885058	-1.3938751300987358

S17S22.txt	0.066561601928247	-0.6901383277016128	0.3136184135633028	0.8553105454609964	0.17974343622577582	0.040891735745568925	-45.88735632183908	0.11532953473547908

S17S23.txt	-0.0174461766889384	0.6381874395998531	-0.046897077761021366	-0.2564471477147104	-0.0878577791888038	-0.15773081201334815	-202.33978494623656	-1.9356140495520702

S17S24.txt	-0.141289182401637	-0.9583015311274095	0.003234804328412777	-0.10274731490897387	0.010958833557054445	-0.1191537487126711	-110.9505376344086	-0.9122302534385177

S17S25.txt	0.0313257505127726	0.7081331447482908	0.06874376601243246	0.16411033971942313	0.1112802309327976	-0.026930783883348696	-109.08387096774193	-0.9196625176302471

S17S26.txt	1.3382403339876	0.7202032544124449	0.28956915176219755	0.7802342683413462	0.12902996755938273	0.03136818687430478	21.718279569892474	0.6566847962922304

S17S27.txt	0.0147140994598622	0.512409399675667	0.3556152088275951	0.9833197361161113	0.1272307658432969	0.011335634693644393	-94.46206896551725	-0.29003817918276414

S17S28.txt	1.38664421997755	-1.0844657204617485	-0.061476226955184704	-0.00707944026758367	-0.024437878684974188	-0.13917970298943644	-75.86436781609196	0.018239359811880074

S17S29.txt	0.165405809283646	0.6496007357592406	0.3097493951388257	0.8389707760450318	0.11063079327496583	-0.023401896962825595	-95.09885057471264	-1.0933656034434487

S17S30.txt	-0.223866790009251	-0.6851261127577841	0.03000335598995818	-0.17015069193130494	0.03013882399155158	-0.052931727572747445	-3.501075268817204	0.5902939145457874

S17S31.txt	0.113623621752943	0.9882364028544787	0.32279140743986	0.9631086805124482	0.1618613425396132	-0.019460524842770756	-36.46436781609195	0.12057781359684253

S17S32.txt	-0.0189997205923442	0.6805816494024242	0.3643081742373123	1.0935629132793565	0.128856302774985	0.019221293610962233	-93.17471264367816	0.029840001353498558

S17S4.txt	-0.0263157894736842	0.9803866419978963	0.08833445257563599	-0.018260642841439356	5.489095342514974e-05	-0.1139356232300778	-181.88817204301074	-1.7752032794339763

S17S5.txt	-1.54234467455621	-0.2539918824814512	-0.22624878871887835	-0.8436741352562321	-0.4217259251332676	-0.2276045206407491	-335.4279569892473	-6.708061297841684

S17S6.txt	0.194628368926606	0.8028660326541736	-0.031097496746885	-0.2961882970829216	-0.1905419800290062	-0.20177156123966028	-214.8266129032258	-1.9466265685545878

S17S7.txt	-0.0448492694655077	-0.33618645485655063	-0.0993682402137025	-0.4200938649361501	-0.15906355278653556	-0.07248058020764028	-205.5448275862069	-2.0337549505497377

S17S8.txt	-0.158682913217375	-2.0572405057321963	-0.1656613794790569	-0.6489862560645174	-0.3438085164175644	-0.31274399933026076	-335.5720430107527	-6.037607182845875

S17S9.txt	-0.07179343424905	1.8040394715174601	0.070425600172668	0.1265933951110052	-0.037939355844780025	-0.3098522167487684	-140.06436781609196	-0.37778291343957476

S18.txt	-0.315953087466441	-0.7120459828433592	-0.41639410848379604	-1.2302926788476845	-0.388263534545134	-0.41764616575736835	-227.1957671957672	-2.611161569361939

S19.txt	0.216608594657375	-1.2954216743320415	-0.3476615343274891	-0.9364010463436017	-0.05470771222206561	0.019536019536019536	-105.39682539682539	-0.6877719272007585

S2.txt	0.28475136716266	-1.1119099666650432	-0.2921214952741009	-0.8263514102039189	-0.03919478511185828	-0.09140667761357417	-90.20197044334975	-0.6418355881573777

S20.txt	0.16975487357653	-1.270689108412375	-0.12843378413658382	-0.27792791231485475	0.026403643179187156	0.056776556776556776	-91.92592592592592	-0.01719991054849974

S21.txt	0.199827072725526	-1.2776399900882394	-0.1829357350438847	-0.3851966044553222	-2.1626862024507615e-05	0.04980842911877395	-68.36945812807882	-0.01342225947902391

S22.txt	-0.087392945943457	1.4327337142573568	-0.06506045807298744	-0.4388184676910847	-0.1469963972922459	-0.03364915830090178	-210.6685606060606	-2.8425750517840433

S23.txt	1.48527295404394	-0.8119066482573583	-0.41939092593726235	-1.238536261737232	-0.10311456531893343	0.028571428571428564	-113.91494252873564	-0.4723354556499934

S24.txt	1.73335351089588	0.25793194854167334	0.008331794891214495	-0.038527539855282567	0.11213943318912377	0.05848247066806788	-99.8	-1.1919598237893876

S2S1.txt	0.219372815717389	-2.0439930928504424	-0.005962220794674483	0.19795975579122072	0.1023728567116357	0.3098998887652948	4.496774193548387	2.2275633259773646

S2S10.txt	0.314820035710929	-1.729928749576159	-0.09001414130830493	-0.12600549623263413	-0.040333537192318275	0.13592880978865407	-58.980645161290326	-0.42631009912947004

S2S11.txt	1.18551259021147	-2.0854822618856934	-0.0917837858175739	-0.14933107802697554	0.013084289478923946	0.24093437152391545	-9.845161290322581	1.0068575581570232

S2S12.txt	1.41247522883835	-1.4718592881620338	0.00040473566628213	0.258956283447596	0.0661288448571372	0.16269754560932145	-46.61720430107527	-0.5279975123801094

S2S13.txt	1.41133884919143	-1.5365769772642008	-0.08574256141978398	0.02724084250050529	0.11394997928292913	0.160845383759733	-19.10537634408602	1.5340644988010457

S2S15.txt	0.184360248835537	-1.7746678963234843	-0.11519610056118712	-0.21916801627917837	-0.04307163551715606	0.1581757508342603	-48.36344086021506	0.3415205339466974

S2S16.txt	0.198779342723005	-1.419809680014864	-0.12971507140197888	-0.285617543117277	-0.10037599242944648	0.0625615763546798	-63.308045977011496	-0.8160605583161817

S2S17.txt	0.314460093896714	-1.1263962978202533	-0.09769812948387335	-0.09198394246010588	-0.057252327054611606	0.08387096774193549	-93.57849462365591	0.10165135867767901

S2S18.txt	0.355213803450863	2.611635177404283	-0.03162071916356235	0.08904035500290175	0.08179043636609291	0.13004926108374382	-71.70114942528735	0.02097938134367566

S2S19.txt	0.267614983404457	2.595484009145474	-0.08006431420803475	-0.1161949740158511	-0.05604402620116731	0.04894871539912125	-87.12043010752689	-0.9975745089677592

S2S2.txt	0.261348653230363	-2.0705688361297727	-0.0011911599393593375	0.2660675363167806	0.054030788579395035	0.2912124582869855	-9.258064516129032	0.45832979158221526

S2S20.txt	0.178370115601414	-0.9875472927879463	-0.14197023325417735	-0.17253662629025157	-0.18464863130767098	-0.0019706860600274185	-51.99770114942529	-0.36343414226358023

S2S21.txt	0.325082044069386	-2.6692360485440787	-0.08360315782077432	-0.07919521572908361	0.04764091735408532	0.1906562847608454	-46.89677419354839	0.5175533977413344

S2S22.txt	0.311614597992307	-1.7633753474221066	-0.09091813455449083	-0.1644816832742837	-0.0037800774668391296	0.1881773399014778	-26.48735632183908	0.12391822519450311

S2S23.txt	1.39599513427529	-1.548168731374199	0.0033299289660184694	0.17189066089589278	0.19162607686561522	0.18549082540008077	54.15862068965517	0.6904986196512809

S2S24.txt	1.36630139552309	-1.5011794948066943	-0.040649670703906626	0.18584201314432913	0.15639674349394184	0.11988504286347859	-4.266009852216749	1.0912119232463748

S2S25.txt	1.25011045887774	2.8158401276770357	0.02049690016281444	0.20752712213138114	0.20216141522705586	0.23546798029556643	-33.98620689655172	-0.08775595491256112

S2S26.txt	1.47538345010415	2.274144094585524	0.06753596962335079	0.3154983071394375	0.3535815943732972	0.36420971434254473	-25.189655172413794	0.1956827112585575

S2S27.txt	1.08776729559748	2.6721673435842863	-0.0032315656459633857	0.1294907719828251	0.19279334415256935	0.30295566502463045	-45.793103448275865	-0.1614691785429733

S2S28.txt	1.28311540648096	2.549586777724202	0.04358532968022799	0.16856965573748606	0.18097292156457317	0.21565407772304324	10.322660098522167	1.495952908075909

S2S29.txt	0.243366619115549	1.2376208458382312	-0.09747075803963767	-0.4035152150028618	-0.2664148684824098	-0.14695812971674183	-288.2752688172043	-2.541885200404374

S2S3.txt	0.314180234759561	-1.9883147624923794	-0.029871792734031205	0.0856051313688404	0.07982960945477681	0.35884315906562847	39.5010752688172	2.6128634082462554

S2S30.txt	-1.56223298205639	0.6786797674151923	-0.05008488723094173	-0.18856784674340465	-0.23363057312991753	-0.1797012064917594	-330.3977011494253	-4.492275759196134

S2S4.txt	0.247972080739483	-2.0553509989409404	-0.013841610576275754	0.1563911330705221	0.13392132431542614	0.3300492610837438	23.839080459770116	2.3680728397834523

S2S5.txt	0.237419598940598	1.1114521655028253	0.0500717890061875	0.34372887329178126	0.18569985459336816	0.33181426535711656	6.124137931034483	1.5369985638382846

S2S6.txt	0.419474585950885	2.4081612444684937	0.07068712927156426	0.2703609799150141	0.16506491814744403	0.2778325123152709	2.659770114942529	0.5985990374096077

S2S7.txt	0.172784750401057	-1.7384216520702913	-0.05339661139059301	-0.0663888330951814	-0.0063768719860655045	0.22358175750834258	-43.48602150537634	0.5483950106419379

S2S8.txt	0.461299142075988	-1.4290321888349893	-0.10840246674625958	-0.20402278570819343	0.03205396046973396	0.27208008898776415	-0.5397849462365591	1.5113862000872922

S2S9.txt	0.321302624598196	2.5953305589282323	-0.05809028987939083	-0.04059909869784617	0.08898052684554913	0.2565072302558398	-57.86236559139785	-0.004317215068734361

S3.txt	0.239577329490874	-1.1140268981523538	-0.3536638865852675	-1.062894142947832	-0.1375210043646951	-0.11439518336070059	-122.5911330049261	-0.34430347317853466

S3S1.txt	1.22519478081292	2.6922054456237188	0.02987529786602483	0.22622158491621125	0.21310991527927706	0.338423645320197	-67.71494252873563	-0.21643670230210824

S3S10.txt	1.06303670850241	2.3177477578515013	0.10563537185663885	0.55444630210942	0.2841945033492738	0.2570138247689644	-40.056650246305416	0.7803653900684382

S3S11.txt	1.04994893399719	0.8603796150419127	0.5274209915101958	1.5202598841893629	0.4365579891845066	0.5082147531000419	24.93103448275862	1.3502781253528167

S3S12.txt	1.35192283122525	2.432547609345286	0.39562968619306854	1.2266629489217908	0.3652881068081876	0.42036124794745483	19.679802955665025	1.255817462925455

S3S13.txt	1.56810758885687	-1.392573363224493	0.07987406423522783	0.317763557061854	0.3196655155118768	0.37306692562310806	24.3128078817734	2.019534874909131

S3S14.txt	-1.06762728146013	2.4603183539618967	0.029398271300235895	0.16686331025822188	0.13883900549294417	0.1116584564860427	-7.0344827586206895	1.1614566915987514

S3S15.txt	1.48506821868142	0.6638266309802732	0.01055453784581667	0.28423556238340486	0.2951317053338581	0.33981944754308163	7.766009852216749	0.5495771649977945

S3S16.txt	1.09768291510432	0.8288206455198922	0.35778331773800454	0.9778047760206385	0.19528572004650915	0.2380952380952381	-37.4064039408867	0.09591783506555324

S3S17.txt	1.36597608542746	0.9562801057889903	0.4192351486231749	1.1704836740974323	0.2722641177688539	0.29666119321291734	-23.224137931034484	1.1844682103253634

S3S18.txt	1.35602856874354	-1.8627001452409901	0.0400184662364137	0.3278313195375685	0.18615151404318314	0.09195402298850575	-73.04679802955665	-0.48527311454206445

S3S19.txt	1.31964369432724	2.463816929727556	-0.004135637601152903	0.034750662189903525	0.15662006367038955	0.09032434736289482	-6.4088669950738915	0.9747375372640761

S3S2.txt	1.21144043798376	2.385024767986252	0.07366984567394466	0.3239102588194473	0.22908409773225996	0.3086587041517944	-103.55402298850575	-0.4619982011236565

S3S20.txt	1.27490763353998	-1.5050001616327489	-0.030065872697655205	0.12336809722658593	0.03814326498976004	0.064595593871646	39.435960591133004	0.979660253217856

S3S22.txt	-0.203584905660377	-1.505950917812696	-0.06791350350802139	-0.10774070876843178	0.026348549734815638	-0.002190580832327767	-23.79310344827586	0.6008097987753619

S3S23.txt	1.43126177024482	-1.5212263143785854	0.01863193036692487	0.2235860503542012	0.17453206108363925	0.07882852133489004	-40.13793103448276	-0.17511353821650827

S3S24.txt	1.37274096385542	-1.8554289887918203	-0.0046413759715026315	0.12204474903733109	0.16629905352406948	0.09360886908518191	-40.01477832512315	0.29753587301574475

S3S25.txt	1.41795112781955	-1.5134075450957751	-0.03958080172250017	0.07412859417062578	0.06879054319786293	0.04050910124154071	-83.78817733990148	-0.6084257955270874

S3S26.txt	1.19026324135744	-1.8970638427516757	0.02935533885714256	0.2594756244671531	0.09984626830685622	0.10591133004926105	-79.40689655172413	0.31208551113487526

S3S27.txt	1.21935320549332	0.8874438214343158	0.0585934015620356	0.2457329003393891	0.1995976300557675	0.22885344154552498	0.011494252873563218	1.6735534028635397

S3S28.txt	-1.64368574931623	1.030290285950947	-0.06641290294510233	-0.4580294226035523	-0.15148454083413138	-0.07020934533773927	-207.65927419354838	-4.179867528027682

S3S29.txt	1.1836927733636	-1.613226216375471	0.012998494670667604	0.19528760268906792	0.19423588453054005	0.31724137931034474	29.14712643678161	1.7485882063761766

S3S3.txt	0.298693790819037	-1.5016449982647004	0.002476963746057742	0.14389053126349105	0.08059658368975994	0.14387780678080989	-95.82988505747126	-0.6872569463253845

S3S30.txt	1.25004737540269	-1.6257694234350082	0.05627254900211956	0.24650414385859287	0.20882139124678287	0.3113683974843321	-28.050574712643677	-0.024080582226090597

S3S4.txt	1.0949065361937	2.488167124220481	0.056616677468326715	0.3310996012257621	0.2763134977583825	0.40128094897308303	-58.285057471264366	0.6190456060060127

S3S5.txt	1.13812590768454	2.4620937386595814	0.09952633379299611	0.36876598135761934	0.2685005936373853	0.34285714285714275	-31.673563218390804	0.15904082229485772

S3S6.txt	1.18847795163585	2.5243360197132922	0.11232308654387008	0.44078408777348904	0.35889206077229524	0.4101862608533744	-2.376847290640394	1.0393290063443468

S3S7.txt	0.352330151600225	-2.859618655145149	-0.3029962868931215	-0.8598150817121996	-0.018866246145002954	0.0914349276974416	-113.44516129032257	-1.0698535736315418

S3S9.txt	1.26248774160893	2.3661526636073775	0.08154231298352588	0.3580127945984817	0.29797960546911534	0.3760262725779967	-2.8645320197044337	1.1996885748765558

S4.txt	1.451507585942	-1.06241365894066	-0.077973759945169	-0.17580796976004492	-0.02015750814101923	-0.07198576774679195	-83.8128078817734	-0.02984668382032507

S4S1.txt	-1.6333301644643	-1.1543886280910518	-0.012996781995719298	0.05364454189605994	-0.01953870591618374	0.13054187192118222	-103.79310344827586	-0.8557731837567766

S4S10.txt	-1.68516057585825	-0.7980046967601858	-0.42009339661048817	-1.1014449377624065	-0.17822056457411506	-0.1726478342705009	-202.13103448275862	-2.1647234897502665

S4S11.txt	1.61488673139159	1.0632249415998403	-0.2937320921949952	-0.8060882513836954	-0.04495177866415252	0.038916256157635463	-76.00459770114942	0.23691106562154332

S4S12.txt	1.713986679353	-0.7321067808325282	-0.33845150754947323	-0.9886967104396119	-0.08514228571512386	-0.08252247876364814	-92.73103448275862	0.07221933972851917

S4S13.txt	1.61296138153525	1.0774043611524555	0.010698712743343358	0.07278605552791295	0.09819748302082396	-0.0002463357575034273	-78.64137931034483	-0.007300785742166672

S4S14.txt	-1.84584603658537	-0.4715744796129626	-0.3883018420444635	-1.018351498515548	-0.167022239039005	-0.2616668972088711	-153.93349753694582	-0.7913248186167967

S4S15.txt	-1.68102955195424	-1.3794437753418767	-0.10619304805974365	-0.16584980823918122	-0.1154631484027381	-0.05369458128078817	-65.11724137931034	0.347427572912943

S4S16.txt	1.73248528574141	-0.18556811208827906	-0.4837700830158606	-1.2986631565730749	-0.21787951789955642	-0.19769710120667713	-208.6256157635468	-1.4278217911852225

S4S17.txt	-0.0444949351509987	-0.6153999469259293	-0.427243377856804	-1.1955484087305084	-0.09043461038083653	-0.24113863644457678	-158.09113300492612	-0.9215728853909753

S4S18.txt	0.0558568845751261	0.883119585176015	-0.06667087832202029	-0.025769646227309262	-0.06947046993467798	-0.07290640394088668	-122.82758620689656	-0.7698451069562062

S4S19.txt	-1.79391569711997	-0.48077568302473483	-0.4631014993689946	-1.3142522336872786	-0.3075808968007654	-0.3460259436849859	-196.48045977011495	-1.443083197045354

S4S2.txt	-1.3043539722929	-0.4324169911832817	-0.4106267336246475	-1.1241649687635884	-0.1721660057610379	-0.1733338617104889	-166.7816091954023	-2.4243052984892253

S4S20.txt	-0.180726924916308	-0.6640447088790988	-0.5508018827807803	-1.515385495679157	-0.31323235921847553	-0.20209492437442197	-200.92183908045976	-1.9392823557368912

S4S21.txt	-1.61444880257661	-0.9414874214849666	-0.37546701251272196	-1.079795650459376	-0.30288367451223375	-0.30596606458675424	-111.8743842364532	-0.3729032573044309

S4S22.txt	0.189455554492393	-1.2542728439564343	-0.4650596927872987	-1.2064880711572405	-0.2090161626029873	-0.2894445150665271	-208.783908045977	-2.1394405711649727

S4S23.txt	-0.513588516746411	-0.832308463050347	-0.06657018212745058	-0.2508865729164689	-0.09437216798235559	-0.026286969987933204	-79.17487684729063	-0.04853950974787649

S4S24.txt	0.240179680779891	-1.3394616685473533	-0.039552027504894116	-0.03477133257874587	0.014848807025374049	0.13701332368839747	-28.02528735632184	0.2564313430919275

S4S25.txt	-1.51304098595586	-1.3060321853627153	-0.04579008698706638	-0.27526075485658036	-0.2794306011864619	-0.2818828680897646	-138.18965517241378	-1.231941368358865

S4S27.txt	-0.0933472327520849	-0.507084288407215	-0.44355523990022333	-1.1372652438825606	-0.23962365110707745	-0.4125376557529698	-199.94827586206895	-1.2163985681484781

S4S28.txt	-0.0889898703019976	-0.596918230728466	-0.35430734793769525	-0.9661922488627063	-0.15472340555869785	-0.26799891505119944	-169.86206896551724	-1.4968512409674781

S4S3.txt	1.52979630506869	0.8778994659316102	-0.2424931604140043	-0.6918253415412222	0.04669947579155215	0.07833477088608988	-126.15862068965517	-1.1653800160805885

S4S30.txt	-0.0612032212221696	-0.7112822638172607	-0.4157920531237551	-1.0837208312855404	-0.17610757881294395	-0.22146182050706875	-185.6600985221675	-1.9143727772428665

S4S4.txt	0.00266387593949191	-0.9886872824670294	-0.34363959824167484	-0.9744936085934723	0.0035327307018367844	0.05369458128078817	-117.27126436781609	-0.8184037764691068

S4S5.txt	-1.71751734625986	-0.9312424815747536	-0.3632532511672595	-1.0066578212701898	-0.1268427086944177	-0.05912058180082255	-100.61609195402299	0.08244777491587582

S4S6.txt	0.121085197524988	1.176096839180541	-0.01714639189416506	0.08993785197214221	0.037403551889331546	0.04778913695566489	-81.02758620689656	-0.13598217190450484

S4S7.txt	-0.0731660784126682	-0.6343511916084781	-0.07492038441888613	-0.1071573769198435	-0.06342766758534343	-0.08477083336116677	-116.17471264367816	-0.5456938752636121

S4S8.txt	1.68911571115139	-0.8736680010715646	-0.027785236520423445	0.05634488935342885	0.06615916511593986	0.2124199370852493	-71.74712643678161	-0.8356512947193555

S4S9.txt	1.62093126950761	-0.6759612817801954	-0.023848324256899617	-0.00431568291901363	0.10527112367163464	0.17637640237245394	-92.3287356321839	-0.8253621885415652

S5.txt	-0.00221186641002269	-0.6177028413997606	-0.4729264082551899	-1.2923571317604896	-0.2694447729320078	-0.22170521625437822	-174.55418719211823	-1.793037683029869

S5S1.txt	-1.43228622947708	-2.601180693047754	-0.09922376361474816	-0.3810051576141459	-0.37092817150065116	-0.478021978021978	-194.25925925925927	-1.1559930454039289

S5S10.txt	-1.31393466044385	-1.4983518997428136	-0.06513632191591678	-0.062177687729747244	-0.07693950562260099	-0.16061069451014268	-147.97883597883597	-2.2515590369153418

S5S11.txt	-1.38789522087971	-2.8370725919678614	0.0016958377397317814	-0.15230802308389874	-0.17304366509817504	-0.059218559218559216	-140.98677248677248	-1.213154978890231

S5S12.txt	-0.0818120997801778	-1.4404898427713881	0.02945827273071691	0.1706875876158454	-0.023170816290456808	0.009158907143801938	-14.301587301587302	0.8544709402181232

S5S13.txt	-1.13471100554236	0.6618229103281398	0.13534791635033203	0.23393513784830866	-0.049207876535687416	0.03722457951925362	-171.7487684729064	-1.6110016054152618

S5S14.txt	0.0046600095102235	-0.9866689318455271	-0.11488010708744029	-0.041127859987165394	-0.0128599950500762	0.11509693310711101	69.12962962962963	1.9878028413014428

S5S15.txt	-1.19038796516231	0.6212022316290899	0.1264035426436888	0.21572032157765347	-0.0332044965414182	0.03421376794049047	-157.12807881773398	-0.9633818538536689

S5S16.txt	0.0744640485676343	1.1757473362228357	0.1177012323569531	0.20090827155913926	0.059842031334254676	0.18669950738916252	-84.29655172413793	0.030568251491364988

S5S17.txt	-1.24647174229479	1.0998827763026056	-0.019061171028507518	-0.15437271162866884	-0.10755837702845436	0.00930487137383689	-187.22660098522167	-1.0386242022881138

S5S18.txt	0.0400429822066307	1.0114662238002259	0.047071709886677277	-0.050089993189596005	-0.003047718931075919	0.06841817186644773	-178.7192118226601	-0.5642323377043746

S5S19.txt	-0.199560775327031	-1.1722810844423375	-0.03858390495826619	0.09366143148928696	-0.13313878178396651	0.0	-121.14285714285714	-0.6847865117005485

S5S2.txt	-0.297761335609941	-2.586699645800814	-0.038428320767845914	-0.3086656023274369	-0.14329255866542043	-0.2129173508483853	-107.85467980295566	-1.1071567629895578

S5S20.txt	-1.2023945267959	1.1420704578967464	0.290149923184855	0.774094274798621	-0.03870294407840665	0.0629447181171319	-178.43103448275863	-1.1669624111148678

S5S21.txt	0.148994950938363	-1.3707827850626315	0.01832844226030242	0.15686574921815233	-0.016047696312687466	0.10929629191603646	-49.5026455026455	-0.07125373086955862

S5S22.txt	0.234184451219512	-1.4459036288191012	0.02257983445876935	0.2714081385199184	0.08649639259348266	0.07020757020757021	10.915343915343914	0.63074017419294

S5S23.txt	0.0733238231098431	-1.3869794978867482	0.34700060084223283	1.0204387099712375	0.06033635648825993	0.1577326239019879	-121.70574712643678	-2.0240582462618906

S5S24.txt	-0.283799201369082	1.0179117335182297	0.35201608764098785	1.0046859963600305	-0.03368964246717238	0.033940057796966544	-89.39901477832512	-0.4232459411958361

S5S25.txt	-0.966298903049902	0.9243730266537264	0.15588301353734188	0.32963188734662935	-0.01564398079446725	0.09157509157509157	-131.5793650793651	-0.7981113589657949

S5S26.txt	-0.109888024293035	0.880758281651769	0.338122124086192	0.938791393762793	0.07825972054671221	0.1623931623931624	-117.08994708994709	-0.3159427982253257

S5S27.txt	-1.17929027950014	0.7582922527527864	0.36152031338249085	0.971306824837574	-0.011350058877105565	0.043345543345543344	-98.65079365079364	0.3010067137258082

S5S28.txt	-1.39981940880144	1.341147957729017	0.04003296903719178	-0.09475677703539553	-0.10806134290043092	-0.007662835249042145	-174.82758620689654	-1.5920432949206125

S5S29.txt	-1.1872322193659	-2.978224015002302	0.08208161287801603	0.10551280247425632	-0.09134039184181023	0.021367521367521368	-79.83597883597884	0.007618547095135788

S5S3.txt	-1.43676302776721	1.4945182598763211	-0.08286656865339459	-0.4009342431229683	-0.2411539515724037	-0.30158730158730157	-164.6058201058201	-1.0292923060227577

S5S30.txt	-1.13669235893044	-1.0037131491702365	0.056001726075096125	0.032838575200733855	-0.07180867731945424	0.07631257631257632	-64.25661375661376	-0.35684267114270624

S5S31.txt	-1.17052608269273	-2.5583700671569694	0.05210938451848249	-0.07963975969165604	-0.005511805425122016	0.07608100711548987	-59.618226600985224	0.3339584543353909

S5S32.txt	-1.254823559279	-1.3222977349181002	-0.2542080939916326	-0.6917308787363476	-0.07031871809641009	0.12515262515262515	-40.04761904761905	0.8777939074871648

S5S4.txt	-1.63514280310195	-2.2027559081812016	-0.5112214166572351	-1.496741706522896	-0.47569999990652306	-0.4481758562367082	-304.989417989418	-4.487950010486905

S5S5.txt	-1.55815939278937	-1.0989038125528445	-0.334534891323503	-0.867206317715901	-0.32811585286187533	-0.3626373626373626	-266.03439153439155	-3.5157964763799447

S5S6.txt	-0.390491554374644	-2.7030562271576217	0.0039503863840368025	-0.057314606425997006	-0.1641564097302261	-0.2667887667887668	-253.1137566137566	-2.2374772212592924

S5S7.txt	-1.36234357224118	-2.5505746508185436	-0.1793467295977208	-0.6277304786167861	-0.3496581197185	-0.34615384615384615	-121.53968253968254	-0.2246328383622354

S5S8.txt	-0.0858557015039025	1.296917508772337	0.11101517060482571	0.25292876351830007	0.06746451401396111	0.10561660561660562	7.1878306878306875	1.4685757473751466

S5S9.txt	-0.151110687386786	1.1388224965246088	0.30457354741812737	0.8225330048242099	0.10704907551467904	0.21018062397372742	-69.46551724137932	-0.719771345814313

S6.txt	0.228274333398527	-0.9171200839841949	-0.29088034023702736	-0.7385963020229773	-0.015230255747759904	-0.08319649698960044	-112.22906403940887	-0.9503014060805024

S6S1.txt	0.458910609223762	2.42091654767262	0.061587973707023735	0.3742215732660163	0.21078335277276422	0.2936507936507936	-3.433862433862434	0.5468407571581845

S6S10.txt	-0.0755649042292125	0.7523011569897737	0.09134806349001909	0.3545022251127105	0.03900141685622419	0.028192144782964144	-58.6871921182266	-0.5154542679158921

S6S11.txt	-1.46988835725678	1.4270351338312148	0.051851027457814614	0.01907390478615434	-0.12544619286678704	-0.17853233783471303	-99.02709359605912	-0.560306504537457

S6S12.txt	0.348139028317075	2.9135390864493442	-0.04238240555694958	0.02446031934982862	0.02762332495729574	0.12271062271062269	-53.439153439153436	0.12067400858376229

S6S13.txt	-1.09884892086331	1.6962295027475112	0.02335850188653449	-0.0811223490474422	-0.10506338554545808	-0.1258894362342638	-91.2512315270936	-1.2547146574083268

S6S14.txt	0.312795759984857	2.440483347822007	0.08954706657849806	0.4265695859707903	0.16638717565196007	0.17155067155067155	63.58994708994709	2.1943521299540487

S6S15.txt	-1.52820707310136	-0.7635640016293659	-0.08322073360048451	-0.31905700953236454	-0.06094157625794028	-0.00438176194713621	-48.62807881773399	0.970506215512074

S6S16.txt	-0.0603423680456491	0.8552761094367008	0.40473307483674126	1.1755657414382166	0.07776492210628505	0.061336263305177476	-112.77586206896552	-0.6916852294006671

S6S17.txt	-1.4248480267095	1.0700754057538633	0.057836475031591825	0.22643233512963673	-0.03359494275923129	-0.05091008669544981	-124.96059113300493	-0.41312144352407837

S6S18.txt	0.0178990052588228	0.8681096772283888	0.09714910808610966	0.3811728815232634	0.0774193478564559	0.04654984268696505	-120.3128078817734	-0.4641511731579856

S6S2.txt	-0.405570977314061	0.9286440493085866	0.028809247861513787	-0.04827322739915646	0.01939816938719642	-0.07814407814407814	-108.48412698412699	-1.3073045516593162

S6S20.txt	-1.33298459197261	2.688187776416012	0.10650104158913132	0.42375381899328973	0.21118126765628872	0.24175824175824176	-39.93386243386244	0.3812848596578237

S6S21.txt	0.477277048868606	-1.3584044355426705	-0.19915891372367353	-0.5128598162807676	-0.2348414444468528	-0.18925518925518922	-90.96825396825396	0.29074258343313236

S6S22.txt	-1.27642430562139	2.822625316756448	-0.054950977002965445	0.007572639947000304	0.057188082387960006	0.005494505494505494	34.51322751322751	1.19833232883749

S6S23.txt	0.209110122709063	2.739160916519354	0.07975324384979512	0.30304266327123525	0.1885180459051668	0.18745229954314632	15.677248677248677	0.7803935965911158

S6S24.txt	1.19843449168324	2.5600864774207994	0.052519084130005056	0.3828498662961502	0.28514084642660775	0.1740192357322368	-8.47883597883598	0.91511040327314

S6S25.txt	0.111976939402579	2.8785336513162667	0.06463505816774054	0.2640882849724513	0.13834685362122945	0.12026862026862026	-50.267195767195766	-0.3980040842061963

S6S26.txt	0.307772610800038	2.67404420188653	0.010123099847970024	0.21299485030794196	0.1445556905828435	0.07387057387057387	-15.10846560846561	0.4056706451322789

S6S27.txt	0.181045189643642	2.6239095388486247	0.017996521391267034	0.1813960352023395	0.123853598104284	0.14957264957264954	-72.63756613756614	-0.26640668424580477

S6S28.txt	-1.452145531343	-1.3120301710811906	-0.02513039019321095	-0.22335387072021234	-0.1478631875676256	-0.19291819291819293	-137.58465608465607	-0.661855882045891

S6S29.txt	0.372192209269264	2.529394755759772	5.519408678311688e-05	0.1718053331191246	0.018564662227609337	-0.021978021978021976	-66.10317460317461	0.2443758941163036

S6S3.txt	-0.385964912280702	0.48043273872658765	0.4407589355785674	1.1900420786569763	0.19866308720989867	0.13614163614163613	-45.87301587301587	0.28304016247645086

S6S30.txt	0.470087920489297	-1.3754459777815353	-0.002540960895226707	0.07463095592044078	0.07294856877752973	0.15506715506715504	43.84126984126984	1.3558330029802226

S6S4.txt	0.339273833285809	2.6812123801403915	-0.024273143806374436	0.11423462416102703	0.05703011450046831	0.07203907203907202	-44.10846560846561	-0.13643488222568706

S6S5.txt	-0.251027626421948	0.883707973833001	0.07326939707842352	0.28764244572131603	0.16681666528667688	0.09462759462759461	-12.925925925925926	0.758980048594986

S6S6.txt	-0.243599468992983	2.7279149944250065	0.021401792514153695	0.19403966563176356	0.07295710447089471	-0.009157509157509158	-104.43650793650794	0.08633522499714873

S6S7.txt	0.208550244518063	2.642879594474527	0.048228988960368646	0.30348178102537937	0.13455443502426315	0.06166056166056166	-83.73809523809524	0.017948398276998668

S6S8.txt	-0.0818607316840195	1.0767460152652824	0.17350328526656336	0.6439924499866283	0.3082814099110006	0.2277167277167277	62.060846560846564	1.8420806924402762

S6S9.txt	0.260095238095238	-1.474276210130201	0.027832286695762654	0.2574046542262842	0.09505292476673233	0.09110901485347093	-152.55418719211823	-1.1768381948451103

S7.txt	0.126639660493827	-0.9222957174492692	-0.4379100199079143	-1.2824139842656743	-0.13498284234574645	-0.12906403940886696	-167.53103448275863	-3.580114326883197

S7S1.txt	0.106301698554019	-2.0942497722251856	-0.1048118761031521	-0.2407841277494151	-0.04327773618113463	0.19474969474969472	33.08465608465608	1.0952451544297555

S7S10.txt	-0.466622416081927	-1.509250873051657	-0.04391777450686521	-0.08645617580478837	-0.025799067331608437	-0.03968253968253968	-77.26455026455027	-0.35237957293220357

S7S11.txt	1.33805360197681	1.2529817043976568	0.05901558885110392	0.25842173960671777	0.09094428703611634	0.0870096178661184	-97.28835978835978	-0.14008652919155706

S7S12.txt	1.51333649738965	2.844309106103565	0.283959305743929	0.8457500729423701	0.22937065195933415	0.17338217338217338	-9.862433862433862	1.3124205125261366

S7S13.txt	1.38123526638378	2.818846181413605	-0.021134656702156168	0.0475401228986142	0.1050274372483204	0.1043956043956044	10.706349206349206	0.49789905533236406

S7S14.txt	1.70189831155204	-1.8405990575020335	0.032468213769692666	0.17654628093031843	0.045309989186465296	-0.04212454212454213	-67.33862433862434	0.2618661784512188

S7S15.txt	1.48032015065913	2.815424440086768	-0.01116039039245817	0.1584739544950497	0.007720296479641783	0.021978021978021976	-111.92063492063492	-0.6576231450919006

S7S16.txt	-1.53607358436332	-0.9005605439264992	-0.3066655113406528	-0.8750192234892464	-0.18981053152911467	-0.21523431787934552	-178.44973544973544	-1.1079799020205707

S7S17.txt	1.57972665148064	1.3449535889543758	-0.05735743333250662	-0.08777620915994921	-0.11378143321263251	-0.09218559218559218	-145.8862433862434	-1.2190423165356006

S7S18.txt	-1.3873757232825	1.7324077546486465	-0.08772563151176188	-0.39906020575727247	-0.2659653631631222	-0.2805528971120218	-191.5024630541872	-1.9420473030073389

S7S19.txt	-1.13286246062804	-1.5773695959188525	-0.3265067526387204	-0.9246870183224091	-0.22168163090686793	-0.16910866910866912	-83.24338624338624	0.6048320234590139

S7S2.txt	1.4735039482447	-1.2137617984335667	-0.30487816985544314	-0.9099318375234837	-0.0440947073676797	-0.06159321336723172	-119.3743842364532	-0.5153157191622726

S7S20.txt	-1.36607940763437	1.7813384666163334	0.0015805358153542781	-0.06145848142764482	-0.19469106615607762	-0.23097974822112752	-98.69950738916256	-0.7338610128960633

S7S21.txt	-1.78166635391255	-0.22597522930569658	-0.04854999006110883	-0.2900186975720369	-0.12530264318903936	-0.18829677417900886	-212.05418719211823	-3.2119703011913705

S7S22.txt	-1.14120281509917	-1.0891931198196976	-0.0378920219402514	-0.29576859743232276	-0.08101168856310413	-0.04654984268696505	-125.17487684729063	-1.0979153982174308

S7S23.txt	0.358207519953842	-0.7550470940870718	-0.46608454628839646	-1.2649687728635293	-0.23665043623460133	-0.259010433177348	-265.69312169312167	-2.8808759445827183

S7S24.txt	-1.76117827672232	-0.4727651197894918	-0.4001013183847237	-1.2409136862484935	-0.2462383109590199	-0.2734364333803998	-131.39408866995075	-1.0844598500680565

S7S25.txt	0.21078431372549	2.8095806035345956	-0.05585227333078857	-0.044483640748892495	-0.09358785666260983	-0.09304871373836891	-191.31034482758622	-1.3616619392287526

S7S26.txt	-1.41460134486071	-0.8312354442680258	-0.1712754322740016	-0.6268233094440065	-0.22077925206308674	-0.23538391359570981	-207.31746031746033	-1.9570870934159383

S7S27.txt	1.67587652439024	-1.1570676029372957	-0.06007965758846004	-0.05266065135844433	-0.0123353498215963	-0.045787545787545784	-107.62169312169313	-0.3947977955294041

S7S28.txt	1.49689148455162	-1.6727271315113204	-0.05496230459907703	-0.11794626539530342	-0.03473926266677682	-0.03907203907203907	-39.81216931216931	0.7402006168254177

S7S29.txt	-1.53852089829601	-0.7193111210301015	-0.07559999672069061	-0.31255970352111867	-0.02535675812050591	-0.12524824181043587	-89.6931216931217	0.37845463696495796

S7S3.txt	1.35484481453444	1.197989260899968	-0.016965409335673975	0.04491348138630391	0.05914496916415611	0.1456137963547274	-101.55665024630542	-1.4324037334462834

S7S30.txt	-0.341298784388996	0.8783371753137339	-0.06375895298036421	-0.3087312124630972	-0.09496804954582652	-0.07997557997557997	-180.74603174603175	-2.066779230559249

S7S4.txt	1.2356055592323	1.3678176435300133	-0.053145566950953016	0.0019261320444121655	0.06392147251247277	0.17569786535303775	-120.02216748768473	-1.170687905378118

S7S5.txt	-1.44752997601918	-0.6986453605686047	-0.11105255907081149	-0.4664562356458275	-0.241311456427769	-0.22777253713367734	-170.60098522167488	-2.301484910638212

S7S6.txt	0.272543741588156	0.7985868039565753	-0.016446347668464256	0.06711793891455908	-0.010567649510880732	0.06024922677312289	-132.35714285714286	-1.075363464235291

S7S7.txt	-1.37898863818211	1.5867638601076803	-0.06444974262952996	-0.2740357327172497	-0.21793412381688682	-0.22836805177016972	-173.21182266009853	-2.125499013813335

S7S8.txt	0.256393065798295	1.024127000361284	-0.013695432911663918	0.05892997654959076	-0.060962581947210534	-0.020810517907113787	-92.15270935960591	-0.7601434567520648

S7S9.txt	1.23460882742944	-1.7309398917461805	-0.09319221317978635	-0.11482592170425365	-0.027505390550828027	0.052545155993431854	-114.69704433497537	-0.9280586036322518

S8.txt	1.47648024727132	-0.8954041650657314	-0.10279905627343747	-0.2187844948030634	-0.017517368525142463	-0.0641025641025641	-49.02116402116402	1.3167822938275684

S8S1.txt	-1.3077321042235	-0.9965297682531145	-0.06368057530804436	-0.3194872677675975	-0.19390431198574412	-0.09281025905719296	-169.6851851851852	-1.5578468568339912

S8S10.txt	-0.274459854703274	1.5515691950094563	0.018862417301236667	-0.0192105433972104	-0.0501414858398192	0.04381161664655534	-147.85960591133005	-1.166943636773369

S8S11.txt	-1.45340215861098	1.333473976255695	0.0163364911021206	-0.180040012760444	-0.16245220763669388	-0.17069219047849074	-256.7142857142857	-1.1596341896175701

S8S12.txt	-1.19325441563322	2.6544119720485146	0.04998695094971267	0.013085624430952958	-0.1572074349779179	-0.1447770581675271	-152.4126984126984	-0.6296454301586463

S8S13.txt	-0.466197715041073	-2.593408394604534	0.0005800308322154168	-0.1837028370169661	-0.06500750981546127	0.03907800381355494	-136.5026455026455	-1.1686579166349995

S8S14.txt	-0.376274065685164	-0.8046014345709804	-0.052381149378784436	-0.16167812207116827	-0.12034440115860824	-0.022588522588522588	-138.37037037037038	-1.2285334411561422

S8S15.txt	-1.26100009381743	0.6810543681720616	0.08732143598247372	0.07349706150937907	-0.0823516948135909	-0.1240073536202869	-113.07671957671958	-0.284990903434516

S8S16.txt	-0.27670637171488	1.8581896842041272	0.0020502603619452775	-0.20634834821285153	0.0040461763219708305	0.08368969185211479	-103.9074074074074	-1.0712803615186688

S8S17.txt	-0.234735113973606	1.1646622770636466	-0.09224673857756843	-0.37546082463853103	-0.11325463107750137	0.003841946409483714	-107.47536945812809	-0.566663311033373

S8S18.txt	-1.04803328290469	-1.1209113481541162	-0.2344190786420562	-0.6764638812691556	-0.036915848446046895	0.02222222222222222	-165.46723646723646	-0.6955342508891137

S8S19.txt	-1.33483864897921	-0.8842846254887244	-0.03691081317829881	0.07359455462281927	-0.06286175727293553	-0.08375530391832066	-134.8743842364532	-1.5216646925404265

S8S2.txt	-1.16362352941176	-0.44500631861427575	-0.1778968178224874	-0.7067338240347657	-0.39478745744521887	-0.27838827838827834	-236.47354497354496	-2.761070859106712

S8S20.txt	-1.53561656760072	-0.851075737379154	-0.03786620037473798	0.13619260275951828	-0.013670337543796603	0.1640694810729576	-172.85754985754986	-1.5802570719202418

S8S21.txt	-1.61610522331567	-1.2444033553298226	-0.35419674405377444	-1.0268410111031283	-0.19218584591495705	0.016483516483516484	-121.0026455026455	-0.9108106443709638

S8S22.txt	-1.45355656451003	-0.7051901307139823	-0.1291010724897341	-0.29971604434373156	-0.2029180861625867	-0.22164501589983227	-263.6904761904762	-2.2113223753485767

S8S23.txt	-1.52299121895949	0.6903513035148335	-0.019700696004805923	-0.15942915530658075	-0.1049956702155184	-0.1163892198287221	-158.38359788359787	-0.9531159144931457

S8S24.txt	-1.64064418626618	-0.0001739878138625195	-0.5376528720699212	-1.5763238442671068	-0.35619542693574086	-0.10983405328393271	-254.00459770114944	-2.2511293839308593

S8S25.txt	-1.11932193786004	-2.172758292494412	-0.09148835814451381	-0.4604433003666246	-0.3556081028870647	-0.3534091563864911	-258.82804232804233	-4.29901721654984

S8S26.txt	1.34555659494855	0.4936341028450527	0.05652446820805396	0.03252352190702057	0.11973694168059787	0.07667636266931561	-52.7962962962963	0.46038769530210005

S8S27.txt	-1.29696054370398	0.7070096977778495	-0.017136014056367693	-0.17281912346646977	-0.020647678086784124	0.04246220880890386	-155.39153439153438	-1.3639316567147575

S8S28.txt	-1.4117093373494	-0.7398487716506585	-0.48415386224688833	-1.32365647301603	-0.3649572146564633	-0.21358163115195727	-223.24137931034483	-3.011811398222139

S8S29.txt	-1.40747716357472	0.8939688130184791	-0.08232431583111692	-0.316610006608702	-0.12950721413137062	-0.111501483562949	-202.66931216931218	-2.8963739139828006

S8S3.txt	-1.28724705882353	1.0718557852003525	-0.01084442072642855	-0.25929523605973626	-0.15767209368058255	-0.1562881562881563	-173.98677248677248	-1.666328797936656

S8S30.txt	-1.21119353929946	-0.6077391166827738	-0.12720478193464674	-0.41570515718371936	-0.19846127329171442	-0.22526740796807504	-260.91379310344826	-1.9385430638415955

S8S4.txt	-1.26402111414836	0.8356862192914469	-0.03661676067233527	-0.18075608045270797	-0.08548084877437476	-0.06349206349206347	-148.8042328042328	-1.305318441623474

S8S5.txt	-1.32221176470588	-0.409147549945008	-0.0408096270963664	-0.2412438646784124	-0.20351676061129892	-0.1439715354935839	-200.6206896551724	-3.546140643082515

S8S6.txt	-1.4164466239155	-0.8211914709927397	-0.4367101833528787	-1.1967909765452698	-0.34762010562154944	-0.2973137973137973	-178.96031746031747	-2.690811166378147

S8S7.txt	-1.33392857142857	1.2851243895043198	-0.006937747249653348	-0.1397154165014196	-0.13652282547055067	-0.1001779125297561	-140.6822660098522	-0.5939408435122613

S8S8.txt	-0.431489361702128	-2.2201447447737066	-0.10824254179542189	-0.5022037815316351	-0.08996272599347431	0.09251402851108623	-76.06403940886699	-0.9416760630379404

S8S9.txt	-1.2607839459865	1.076998019608984	0.1155873209600192	0.07441076647855804	-0.09366671764232681	-0.03914055052392109	-138.30541871921181	-0.4355988705314942

S9.txt	0.219556297378121	0.5284223373325254	0.04822158523317434	0.18609781419293653	0.016638292323969482	-0.12127695609449521	-130.0	-0.8331108758824113

S9S1.txt	-0.314104354843716	0.6126107508298348	0.08978671879224462	0.0743834040614666	0.041968815503876794	0.038748758375718624	-159.46572580645162	-1.5637862802937692

S9S10.txt	-1.46408529741863	0.95490181983265	0.04900045725135527	-0.020475823922719627	-0.07426479310049952	-0.2285714285714285	-143.6574712643678	-1.2083456180261285

S9S11.txt	1.50898654370942	1.1874443519553575	0.10008461995260307	0.16830157079458513	0.19278023853212126	0.08866995073891626	-71.7512315270936	0.8151587425853349

S9S12.txt	-0.0705134214555795	0.429937973158892	0.08364540953452598	0.023929298266263888	0.022994765717230293	-0.11973392824567398	-95.51954022988505	-0.148860218748048

S9S13.txt	-0.0785529237601776	0.6671060496187676	0.05481122878829267	0.06216926375075427	-0.01485298477279516	-0.14828313087089515	-155.39112903225808	-1.13631524086421

S9S14.txt	-0.0205688872417307	0.8006863870912416	-0.08877059767243306	-0.4309844393073292	-0.03868542641490637	-0.048166876452635086	-125.2600806451613	-1.2687329841848283

S9S15.txt	-0.0382639016333272	0.8430852309594852	0.012657751196485545	-0.04314672514745255	-0.1271755377563026	-0.17135854704712153	-218.57011494252873	-1.9988022461775232

S9S16.txt	-0.0279267616053265	0.514469786104981	0.09934804914106654	0.00411319588166259	0.003629578237540086	-0.0848552864664069	-216.89247311827958	-1.3744305140797795

S9S17.txt	-0.0244467080285211	0.2708754235825861	0.09749234816920987	0.15204003782582665	0.04779248325504156	0.08232087246413468	-254.61895161290323	-2.6871111864226456

S9S18.txt	-0.313921242373821	1.140606459014406	0.011140096376875436	-0.14033298843626718	-0.05829586666670439	-0.20207000975626965	-144.44367816091955	-0.9619626773837378

S9S19.txt	-0.019895872071402	0.6746122564928769	0.1369627718426244	0.24554049613639095	0.04626522586516923	-0.11551303169799977	-168.19139784946236	-1.4075388190337081

S9S2.txt	-0.472496473906911	0.48746178994816786	0.4107645545295396	1.0922047889911721	0.2863347296896076	0.20157715607393728	7.1080459770114945	2.409594375084481

S9S20.txt	-0.140124431237812	0.7608276569443865	0.09194532990501272	0.1847023953490292	0.031168955762388907	-0.08132085758484021	-137.12183908045978	-1.608564570832232

S9S21.txt	-0.0638317583842876	0.48668327132191297	0.10436357671860158	0.05383742501400113	-0.016921452467334987	-0.034803954044138004	-173.66532258064515	-1.3265115190494914

S9S22.txt	-0.0370404839460214	0.8026220687429029	0.05191559586052824	-0.10722591398870551	0.04736592253779145	-0.1519637760880677	-186.25	-3.579969605627665

S9S23.txt	-0.0754384337014011	0.4742856137143002	0.13746725575435254	0.06469018808962634	0.025180903718451587	-0.06029987386716934	-203.2298387096774	-3.0299145727531993

S9S24.txt	-0.227701702442635	0.9304278312965877	0.01211959136633689	-0.2098759311075601	-0.0667275924862284	-0.254209638719069	-187.75698924731182	-2.3597522808101217

S9S25.txt	0.00130159910747485	-0.4971171293135881	-0.0651902180299141	-0.3772301892602875	-0.034190332486126074	0.06878891178230467	-167.18279569892474	-1.5519066123036576

S9S26.txt	-0.0289573503561846	0.6963296801919036	0.4122968790773486	1.1866589737736302	0.1679283314403225	0.07278799123686279	-92.33118279569892	0.1687032234604125

S9S27.txt	-0.00845410628019316	0.3191145577912718	0.10707576133344665	0.14553767847529475	0.03957730134876601	-0.13854664840723122	-216.0390804597701	-1.7343333761722683

S9S29.txt	-0.0353474599796428	0.6432019143355545	0.016122222562650085	-0.07308109988000688	0.0704985437416451	0.049285368233236496	-135.66436781609195	-1.3821998513234368

S9S3.txt	-0.273497036409822	1.8071094286583054	0.031302481249389225	-0.10091812282148149	-0.033579216110380825	-0.13891625615763545	-16.402298850574713	0.5889514699440463

S9S30.txt	-0.0242862439747868	0.4055666744152413	0.07274594068435242	0.0045335366551851886	0.1036956764830124	0.08964234628514539	-184.5204301075269	-1.238106986956523

S9S4.txt	-1.6272539444027	1.0923548143814692	-0.014424096944169462	-0.20692615737502779	-0.08194724776334612	-0.1347207211881577	-100.36945812807882	-0.12795121713356208

S9S5.txt	-1.3195914925513	1.0301234689884846	0.07031396047292254	0.06123462318852213	-0.07888615145024683	-0.0660423934325369	-174.06666666666666	-1.0424025464452105

S9S6.txt	-1.3782165247497	-0.9131543141358249	0.022475748472969015	-0.11347295427459136	0.03534067318189813	0.08702426858173007	-98.83010752688172	-0.35751280390866075

S9S7.txt	-0.533377209477247	-2.301011940149363	-0.1148764198660569	-0.48801457015828115	-0.07806652660347091	-0.03399014778325122	-69.46436781609195	0.01641920986463594

S9S8.txt	-0.202023040179826	0.30969641610963083	0.03578021185943242	-0.036477382125823854	0.03511605702064095	-0.13952386697432545	-102.73103448275862	-0.37265434397334385

S9S9.txt	-0.110527796006375	0.6862941136900516	0.024730078886714357	-0.24298375197964817	-0.02263517289363512	-0.16923266540485457	-149.42988505747127	-1.6409722348193225

