	SScmap	SSfisher	SSlincs	SSlincs_Norm	SSpearson_corr	SSspearman_corr	SSzhang	SSzhang_Norm
S1.txt	0.0699244332493703	-1.323504814639286	-0.29289423775721013	-0.8192744955606888	-0.0985332367123713	-0.08511142721669036	95.33997155049786	-0.738493689042662

S10.txt	1.46247047951535	-2.676192293909156	-0.3422972275595533	-0.9490653663295785	-0.08591865102191032	-0.0269000579744878	127.83483483483484	0.09149170629257557

S10S1.txt	-1.75260804769001	-1.3058362769263692	-0.04012919080381408	0.33619626916996415	0.05050438763893351	-0.01307986849966703	263.48333333333335	4.664943960192149

S10S10.txt	0.214018341755568	2.3706810287543667	0.4436666852688199	1.2956418223777963	0.19195229372502945	0.2886907872998561	214.35365853658536	3.321567988706002

S10S11.txt	-1.78078471767019	2.5925723109577157	0.3986447490307278	1.0364295004806245	0.16011690680495963	0.16394938810439336	169.4923076923077	1.5550081604620185

S10S12.txt	-0.299767981438515	0.8071401993778666	0.3819607221742649	0.9921753813499108	0.09242523563576141	0.0327811807235991	114.4123112659698	0.3463590978735839

S10S13.txt	-1.51492188230892	2.339310034276036	-0.11659794796649792	0.36052700285238226	-0.04175925953898915	-0.19018124642229123	159.24146341463415	2.9265423672672473

S10S14.txt	-1.86416211714629	0.8256188377519487	0.2550854603342788	0.7276718051228606	-5.238306953948835e-05	-0.18181026290785396	157.02090592334494	0.9118126813531473

S10S15.txt	-1.83478260869565	-0.7700994285661082	0.2589129296863927	0.6711482271131257	0.007732323282606993	-0.1819034665915957	179.06951219512194	2.7508330083527874

S10S16.txt	0.0736851800681587	0.5826100175209401	0.04104641804132522	0.5146775666696229	0.01799940291862586	-0.11887329183950188	171.23170731707316	1.93987327074618

S10S17.txt	-1.85442453353039	-0.9695320197414456	-0.01427196749206247	0.1802983974973929	-0.009564171940610197	-0.17696458380386454	164.61951219512196	1.4205627253134177

S10S18.txt	-1.85221402214022	-0.9925175473677301	-0.007368826342740414	0.31662511957045486	-0.022775562842520948	-0.2093951191754481	144.0487804878049	1.0963762052077908

S10S19.txt	0.110723146191308	-0.9725764298365819	0.005331108711566612	0.2801858393394864	-0.013177356798666648	-0.22253510872478144	158.65853658536585	1.4374818954320758

S10S2.txt	-1.90044019855765	-0.9683838724255264	-0.06746176947747703	0.22950758467270238	-0.09564354554366984	-0.14135278599656328	69.07948717948717	-0.7663487644004647

S10S20.txt	0.0672997142066931	0.7520306880915388	0.40761236271342305	1.0485923634073244	0.09301519551165392	-0.1626466626757642	182.24512195121952	2.049130207708828

S10S21.txt	-1.83214583140557	2.6032663554028743	0.005855369977696173	0.25228381015123874	-0.000845977394739364	-0.2507154654951888	167.05853658536586	0.6584762391114338

S10S22.txt	-1.79302090046957	2.3457368826891383	0.10097965818589716	0.662239542178184	0.07803759447254727	-0.048157089929795296	212.7746806039489	2.548931497355663

S10S23.txt	0.0783010156971375	-0.985703629094702	0.00599588695617001	0.30589168969885216	0.03780243483132231	-0.22458941937859414	183.53780487804877	1.2573667665391794

S10S24.txt	0.0981152993348114	2.6226849468746467	0.013352215584973376	0.372017618811211	0.040406480869011024	-0.1899043005851014	158.6719512195122	0.9122347043725875

S10S25.txt	-1.87644288484625	0.6579114652558518	0.028036778885519698	0.37674948946599707	0.01228173643900967	-0.23026038634924897	174.3170731707317	1.764727610476377

S10S26.txt	-1.37510388770893	0.8260318979691255	0.05249458791533568	0.5914497971893947	0.1077193756956533	-0.02205019999676997	208.42073170731706	2.138497769624091

S10S27.txt	0.343102810650888	-1.538862656119045	0.0652712676480399	0.5306700144335104	0.07541235313642988	-0.10023464266457942	255.32439024390243	4.810877677589964

S10S28.txt	-1.82556950255695	2.5294520985977638	-0.03291569602559599	0.35015714698675504	0.07693121706356565	-0.12866940407811986	265.03076923076924	3.3408794371511474

S10S29.txt	0.358666294123126	2.2966474167522293	0.44897430629858653	1.2546015160069186	0.23096108770960222	0.11079817090885642	297.68658536585366	4.184026715210939

S10S3.txt	-1.40901964400996	1.0259540549726727	-0.008199669794123843	0.33174066239473465	0.05246202061931878	-0.09279850126300214	159.61463414634147	1.6859101338078009

S10S30.txt	1.49369419129154	2.71521794695297	0.3418198124983406	1.104171472798158	0.15893404619100127	0.1614559752594349	111.25052854122622	3.4467423705938804

S10S4.txt	0.21526089395923	2.5371295277884913	0.07596142038976472	0.5136858567713461	0.05807437964485353	-0.0005633805300450326	164.86341463414635	1.9850075772525895

S10S5.txt	-1.76672862453532	2.5968697592016072	0.033258565310371385	0.4163522676516158	0.0348485155692675	-0.1369529988289424	164.90586932447397	1.6496366817754609

S10S6.txt	-1.73906556001119	2.405584165173656	0.43181920518790096	1.0968668629713294	0.1454893328184918	-0.0018771413641904802	212.00853658536585	3.768918952961004

S10S7.txt	-1.68410816817929	-1.5353587117158012	0.0016485273123461597	0.4056092475074079	0.05544797252496226	-0.015409933917717375	252.0890243902439	2.4641529823832107

S10S8.txt	-1.61695769913157	0.4113290679389024	0.6013100623219405	1.6685925070055623	0.19088934166853921	0.1664946218042733	175.55365853658537	2.5651224392464664

S10S9.txt	-1.83531930739155	2.5758262760354547	0.03557248987397163	0.40399275890962555	0.061316765102242	-0.04192405600692949	151.55641025641026	1.763357882566385

S11.txt	1.68211989213856	-0.9011101589279205	-0.43711816953750604	-1.095604114159007	-0.14358519905446926	-0.03900183754109916	110.59601706970128	0.014807554888752314

S11S1.txt	-0.29587803500847	2.7695987622278215	-0.06502806041010598	0.1123198162993369	0.059809551811319334	0.04103293576977787	151.08771929824562	2.097193422830227

S11S10.txt	-1.41797499294914	0.932932023849232	0.3329140279255908	1.0521732402684454	0.07888672283673473	0.000474158368895211	215.2660028449502	1.3764278476120515

S11S11.txt	-1.37588976304205	0.8696302916151437	0.08425077117414005	0.4911306941526531	0.08051171230986179	0.048129927178377684	195.51920341394026	1.4064720714764336

S11S12.txt	-1.46737695643975	2.7024712170082155	0.06737412924557684	0.47625996374033674	0.03300382020109474	-0.10289846500204887	138.574679943101	0.7437010217094634

S11S13.txt	1.40145682014194	2.529722047842016	0.05232505475733851	0.4571195464001636	0.11560136889451153	0.2432309330510117	170.72692307692307	1.2578577113227314

S11S14.txt	-1.70103969754253	2.7382220105470103	-0.1124634721368113	0.006516001240795599	-0.045907989664666055	-0.2418207681365576	153.73968705547654	0.8447580837549248

S11S15.txt	-1.49450239639132	0.9468592706690551	0.32264816823210163	1.016133730600531	0.05047049584705511	-0.13689336344832098	172.45479082321188	1.114237252674695

S11S16.txt	-1.36966913487675	1.0350104289936084	0.015796756095598996	0.3519971433232471	0.040103287089870654	0.0066382171645329524	190.17211948790896	1.4023813588885077

S11S17.txt	-0.467820850583365	0.8510934931266716	0.328108602114941	1.0173566272310532	0.10004569598392868	-0.0418692992618217	206.9118065433855	2.8659543905519254

S11S18.txt	-1.46427565486809	-1.6152620386693046	-0.011281918676841335	0.3632327428967741	0.009955311570121143	-0.07469765445974137	229.04694167852062	2.6725616326558677

S11S19.txt	-0.33981220657277	-1.388521179588459	-0.09548044075406681	0.1631141015964076	0.018108621308734953	-0.048257372726386534	151.22267206477733	0.5013505223395676

S11S2.txt	-1.50075557234605	2.7590217857603623	0.4243664583174701	1.151653383492209	0.054861940002179886	-0.1871962075988614	91.70697012802276	0.4734832241512968

S11S20.txt	-0.449014243939251	2.816160731138284	-0.027347120486340915	0.2090652556396872	0.02842982492710191	-0.05762390486894335	163.97724039829302	1.030769977375621

S11S21.txt	-1.23944324273488	2.648338292917962	0.40310451968374955	1.0477861495325023	0.15311353461214644	0.10099573257467995	204.3562753036437	2.054714103293412

S11S22.txt	1.36077618688772	-2.702722104094249	0.3118314513514969	0.851583839293115	0.06044171900384317	0.038745691813317044	167.1255060728745	1.1410936538589038

S11S23.txt	-0.126876286730301	2.680701157341268	0.030562746246267314	0.3214791580973275	0.002522402491105892	-0.03705614713959789	120.5390243902439	-0.4928496849183542

S11S24.txt	1.42960876369327	2.6602900487259267	0.4557227804520098	1.0770739361703665	0.15877640223082173	0.1712637281407873	209.07564102564103	1.480364478798362

S11S25.txt	-1.60446075663467	-1.3880833128439138	-0.01399522896071137	0.23789439613867824	-0.010278481429462154	-0.18563300142247507	204.23470839260312	2.0749074085385595

S11S26.txt	1.3635252069225	2.5645461190256658	0.020045245047204258	0.2630726750879793	0.10586566728347156	0.09794265762301226	188.05802968960865	1.8626402143533047

S11S27.txt	-0.391296192084037	1.0889578667192628	0.3704220819154456	1.0987502398445308	0.12976344914078317	-0.022311907476763915	209.88762446657182	2.8566059477385486

S11S28.txt	-0.367784857571214	0.9942403133464043	-0.0043574984294277586	0.32289918724383876	0.07758285470124554	-0.06389662746094969	205.1863442389758	1.481450349870397

S11S29.txt	-1.63573042168675	0.7582985081718396	0.024670456932383927	0.452531661163104	-0.005407090703148456	-0.07662200374826295	212.67567567567568	2.6921522988255

S11S3.txt	0.0209078080903105	0.8836089925742883	0.11940768997705922	-0.037965797577210414	0.13413437691841304	0.20516467884888936	170.74628879892038	1.2363073777001996

S11S30.txt	0.079477050413845	0.8477641101340644	0.12917465362879227	0.047136811002236045	0.16639978395778662	0.19295173932748722	152.07692307692307	1.0597995670445153

S11S4.txt	-1.51431261770245	0.9752765355487101	0.3137960977981985	0.8716554853433088	0.044145707597179874	-0.07824041156318906	166.97975708502025	1.5408181741114522

S11S5.txt	-0.460715291467192	-1.1334570125984242	-0.1297090747853742	-0.02683287578254212	-0.050339121643308726	-0.12141333042345265	205.03271692745378	1.6114162300819395

S11S6.txt	-1.49358248395621	2.799967841601354	0.2901641809559806	0.79658020029856	0.043653367667263784	-0.05382973829321045	180.78520625889047	1.4951073850456411

S11S7.txt	0.137889537682342	0.8911858535312998	0.10939690357903914	-0.1112917524156139	0.08430250925221508	0.2138206492230369	105.18353576248313	-0.9567917945070136

S11S8.txt	1.29522328999435	2.7014907186063466	0.30657130039768	0.8137802102167326	0.07263353247393466	0.04891661224300166	140.23211875843455	1.2970340520460695

S11S9.txt	-0.444025275865321	2.592493995024157	0.5168365139791447	1.254144126093474	0.10741759951317624	-0.0020794572020545986	177.55600539811067	1.723321770880743

S12.txt	1.81059322033898	1.4491731044726224	0.040058955899209936	-0.09463666401834686	0.007560458014357743	-0.04077761972498814	31.699857752489333	0.7135090578523505

S12S1.txt	-1.62410275783906	3.2812641538829705	-0.09477333600645098	0.004622733290949255	0.017916586877370654	-0.028121238647554437	142.94871794871796	0.47347327472331946

S12S10.txt	0.343415367274093	0.8855675849680054	0.3597115513397578	0.878595279670956	0.09098736932649104	0.13151969981238276	140.65731707317073	0.3031643314574867

S12S11.txt	-1.33194114855244	1.1613661881655384	0.4807088426242851	1.193460446906799	0.19610133156254586	-0.16537157012128936	128.0080971659919	0.6469175268038176

S12S12.txt	0.245944678856071	0.807061230733194	0.44981929582758984	1.2723982743260138	0.15830868178617097	0.1535968366868973	84.98076923076923	1.203818992033323

S12S14.txt	0.255885939405309	0.9948336670370856	0.009356478500231441	0.2801996220730319	-0.03357716272454005	0.013563439462686462	94.92179487179487	-0.6759451997433396

S12S15.txt	0.31376404494382	1.0289173876806006	0.390354609938514	0.9644726875272502	0.07077713081713974	0.11125703564727957	99.7560975609756	0.05041532549463907

S12S16.txt	0.304744011272898	1.203535708063319	0.14706253854490947	0.008794099790213394	0.07267123492716278	0.12889305816135085	68.36585365853658	-1.1918385647418865

S12S17.txt	0.182925677589952	2.6323575930974092	0.32947933852456857	1.0338704127605793	0.006833538173058491	-0.0757085020242915	140.17948717948718	0.42302288880288524

S12S18.txt	0.212003780718336	2.8021576744692256	-0.23996348058333122	-0.6199491784027003	-0.045196266704713196	-0.036032388663967616	101.46282051282051	-0.22455358234003844

S12S19.txt	0.436387483605022	0.973896183878459	0.2993283723943929	0.7126561481273883	0.027014556395768514	0.10366339896014093	54.823170731707314	-1.8662973707215327

S12S2.txt	-1.0703797231575	1.4219162999664774	0.03517919644160922	-0.3062857082043018	-0.011473574657830873	0.042676588125375836	-18.010796221322536	-2.4524956794607196

S12S20.txt	-1.71208812078625	-1.4505866005704855	-0.03638920265655851	0.3303910172112602	-0.019390338522486127	-0.17044534412955467	106.55897435897435	-0.38692345689663693

S12S21.txt	1.41975077297854	-0.8297367469546428	-0.29913676642663306	-0.792137777249593	-0.0011554657994896477	0.15272045028142592	97.1780487804878	-0.6123586530808973

S12S22.txt	-1.74026712134129	-1.412746164377673	-0.15148890163158074	0.15108203956867883	-0.05811239792150956	-0.1271255060728745	175.93974358974359	1.4866981128794738

S12S23.txt	0.0944959581550167	-1.3467013018725482	0.023587151653980065	0.36946366069462233	0.02639289998723148	-0.08612004115321772	181.4466571834993	2.788113354514494

S12S24.txt	0.218548692686624	-1.05356578397938	-0.4720991842386208	-1.1145403107366523	-0.24721641316424672	-0.30014224751066854	-34.692745376955905	-1.4636609231501165

S12S25.txt	0.324542263542358	2.4609483846133298	0.07594181211826961	0.6515280273161097	0.06640683344896704	-0.0889114038021355	137.50384615384615	1.1772280076291979

S12S26.txt	0.135137683892871	2.555980303251573	-0.014283440204889364	0.3360407990893071	0.012550090634498336	-0.0018779351001501085	166.4170731707317	1.375676080368135

S12S27.txt	-1.50116660360701	-1.4389287214226483	-0.017633096811456472	0.5506633681415684	0.07748516394512145	-0.015445293525543666	232.86099865047234	3.2925124774498715

S12S28.txt	0.273775761013424	2.7521280173837215	0.27162880730242245	0.7362561960716272	0.03767215241099567	0.019230769230769235	170.24615384615385	1.1701867091461613

S12S29.txt	1.37572961777443	0.8878954446543976	0.12771622171521144	0.029664352888374768	0.0671185478862742	0.23593977229389546	50.40121951219512	-1.2293324848342924

S12S3.txt	1.52661275155163	1.2134701441411075	0.12665446562629792	0.07464770714692542	0.14764695026331323	0.21465428371040032	110.05121951219512	-0.506950926297286

S12S30.txt	0.394053798961774	-1.1025243333891144	-0.14839099596100647	0.09701028442889248	-0.0894864516235162	-0.12783889276258278	134.1012145748988	2.711603928903688

S12S4.txt	1.43187830687831	-2.838202926310445	0.16599874419299704	0.0710633277281793	0.07469139435216636	0.06072874493927126	130.35128205128206	0.9976636221762522

S12S5.txt	1.42884071630537	0.9420757635368482	0.13261938746888255	-0.07162631600071823	0.12408235947100416	0.20587044534412957	79.50769230769231	-0.8563211487781017

S12S6.txt	0.170222096920715	1.1230641228343756	0.06628724047398243	-0.2384960723776578	0.08623205482685534	0.24820256346131447	60.753846153846155	-0.848980941336232

S12S7.txt	1.37170691977571	1.1134698953507045	0.061833182970636696	-0.0712084700464255	0.09092196134533984	0.21032388663967613	93.16538461538461	-0.17214211542911798

S12S8.txt	1.28231998992951	-2.6199605244461197	-0.008299596089124311	-0.3093391572175724	0.032560838450355324	0.17533914107116216	130.1051282051282	0.5246045945839606

S12S9.txt	-0.444633892204225	-1.475106394576458	-0.034753095501293074	0.1399434418742997	0.0547909133179503	-0.14893034984265774	171.51282051282053	1.047017132178168

S13.txt	1.70395085266391	-2.6882309919442293	0.028986439584393495	-0.14361476064504292	-0.04644290994073384	-0.09127548601232811	72.46230440967283	0.1359258328686094

S13S1.txt	-0.341354550747138	-2.721800298044987	-0.04548897213902245	0.11449444328574981	0.006996486971774449	-0.13374437179458457	133.70697012802276	1.3457152327701407

S13S10.txt	-0.435647425897036	1.1829112201950194	0.3757500839860321	0.8832775689642219	0.09908975021951731	0.11474632527264104	210.41251778093883	3.7667156428118145

S13S11.txt	0.340654116752234	1.3740482068432542	0.03829817994950285	-0.20851363418026525	-0.021591995431518678	-0.019512195121951223	43.40487804878049	-1.4448887361478695

S13S12.txt	-0.403992210321324	0.8989315848070883	0.3877284609244983	1.0449817588920705	0.10886194631006042	0.019570635632296263	173.4438122332859	1.7787735929980002

S13S13.txt	-1.6207365659314	0.7612593080357828	0.42208133177792917	1.1592714239446613	0.08693345790072181	-0.07019208165105856	158.5547652916074	0.8326373444441019

S13S14.txt	-1.6397938344841	0.6567772150130267	0.04604166618154085	0.4500687430635442	0.061225467445161164	-0.05536127091700094	155.75391180654339	0.87413054672144

S13S15.txt	-1.2068989145927	1.3105452497960088	-0.000926708797464898	-0.45696370927647234	-0.09289141827566863	0.004388566778151283	48.339971550497864	-2.097157109669477

S13S16.txt	0.307816660327121	-0.918912163319251	-0.09069252374540304	0.1323762532895174	-0.11067464254613278	-0.05569537148484517	129.73819163292848	0.5280068168482465

S13S17.txt	-1.27381183586272	-2.614245912015779	0.024172873057430294	-0.21131189219986835	-0.06694648847088179	0.1338391324738631	118.46799431009957	-0.7025805144530376

S13S18.txt	-1.55473098330241	0.7023131512334408	0.5261791230718305	1.3639931223434485	0.09336515660321215	-0.01612234013856987	69.80085348506401	-0.06062248670122492

S13S19.txt	-1.32271139254326	-0.7889606057971367	-0.3697311591717654	-1.0174439844534455	-0.111189834079335	0.07977239164974101	27.742240215924426	-2.3308449064820085

S13S2.txt	-0.328853831921317	0.910491227231234	0.39346790194118475	1.080672044525937	0.1662804451178574	0.034894098664715344	154.3954480796586	2.2050601914046335

S13S20.txt	-1.46087761218768	-2.7988919695553576	-0.30445251520548994	-0.8222388371630917	-0.06286234408428314	-0.022759601706970126	108.6045519203414	-0.9705774624821258

S13S21.txt	-1.59711529090732	-2.770124249422108	-0.01403460508381471	-0.24431461280327982	-0.022325582508117812	0.07795052624001925	130.09581646423752	0.406736011087104

S13S22.txt	0.201054650047939	1.5426694052043015	0.005111303294259906	-0.4281475955137604	-0.08254816010367402	-0.09574351679614837	18.356275303643724	-2.1236651769197827

S13S23.txt	-0.314751537635458	1.182924666177634	0.3177794419874159	0.872822143322074	0.05451297476383626	0.033902323376007584	96.10953058321479	0.5337204750038008

S13S24.txt	-0.0484065668759054	-0.7460715763471235	-0.38155124441100136	-1.1825940198549754	-0.15132629571474956	0.038865782043829816	68.98110661268556	-1.567394667725375

S13S25.txt	-0.242938949820441	0.8167821322851837	0.434610182882035	1.28042779481036	0.18404544732209394	0.16885042539477763	105.67425320056898	0.9583653819142146

S13S26.txt	1.28438054336663	1.1631033141664444	-0.06407422188727496	0.01757147744098453	0.0859841116397481	0.1846527675021939	73.38333333333334	-0.17615871499935118

S13S27.txt	1.36882413374428	-0.9713217074849574	-0.06928719290460192	0.024713704625029254	0.08158050136068332	0.18313295277141098	101.77700348432056	0.08489515292659532

S13S28.txt	0.412995276197821	2.5324094954097305	0.4057029307614767	1.0765947782886285	0.15124996730655074	0.18298736522831302	149.84230769230768	0.8003321922301333

S13S29.txt	1.72568832854362	-1.8602157912315866	-0.011004081467775317	0.25913252133515485	0.01840176976982602	0.14108818011257038	74.52804878048781	-0.499441095641129

S13S3.txt	-1.48280885780886	-1.1933350389200073	0.013739155349042131	0.4129725484907469	0.06030588309350712	-0.0718520295279417	120.0	1.5856541897470513

S13S30.txt	-0.200641898463334	1.2020424541995622	0.344549227493121	0.8969803414002666	0.18013126398066437	0.17377904220009482	140.58463726884779	1.415435129855274

S13S4.txt	0.0316202255710359	-2.871511524489951	-0.028427248072710395	-0.33528167020760413	0.014655591901666407	0.08597469456493512	98.33461538461539	-0.024879619151309835

S13S5.txt	-0.137616181468288	-2.687235162272454	0.023209490440545516	-0.2618145522048814	-0.0034158951277148478	0.004925030215392469	64.13630229419704	-2.6528059054035307

S13S6.txt	-0.346706819506509	0.99320759083798	0.3877996892364876	0.9977435994665637	0.14431214701548017	-0.0047415836889521095	155.95590327169273	1.1495159051837989

S13S7.txt	-1.71908144400117	0.6116914695710414	0.37151766610335446	0.992146671807311	0.04764650008641776	-0.09625985435675537	200.8093883357041	1.1711202167693031

S13S8.txt	1.46940341454057	-1.0123069970759557	-0.254269914377394	-0.29559103332621073	-0.22304260178673993	-0.2287996498522814	145.68016194331983	0.7366480098676491

S13S9.txt	-0.469665985003408	0.911685986155915	0.47782322221482043	1.1847249845437435	0.11981345827522494	-0.02086791616653092	180.99431009957326	1.5788517113427374

S14.txt	1.5124698310539	-0.9137829115572771	-0.37086640992562653	-0.989343272026932	-0.0854138859407499	0.11711711711711713	57.87837837837838	-0.9138484169043437

S14S1.txt	-1.69326074713723	0.9985223715711735	0.03312919560981947	-0.22138839756218232	-0.008407628289479135	-0.18330285421320042	150.38658536585365	0.8318927667969822

S14S10.txt	-1.49740981444853	0.69622105962306	-0.005688380780649205	0.3878101495011005	0.05314568186254784	-0.3536585365853659	173.95975609756098	0.44373655193665107

S14S11.txt	-0.368673114846464	1.1291956026485046	0.33856595625566555	1.0030798117417357	0.02920443478039095	-0.17166979362101317	129.21829268292683	1.0818279067396497

S14S12.txt	-1.49759728634693	1.0861712305468798	0.3214481797526277	0.802025653122485	-0.0063559546740896275	-0.26228893058161357	100.90121951219513	0.47355597987278486

S14S13.txt	-0.290660377358491	1.136514699344053	0.2849830838233286	0.6702146552985788	0.06277730375252573	-0.12139406176870801	66.14512195121951	-0.795018968769666

S14S14.txt	-0.279588014981273	0.9354399312577404	0.014715477892902395	0.39070465789895276	0.0905136509110249	-0.14569163672859625	170.96463414634147	2.3249498017714783

S14S15.txt	-1.70713273500236	0.8521488994697167	-0.33151531850894844	-0.9399574812269722	-0.055040070985697916	-0.0988928521821625	140.61951219512196	-0.07878269975079445

S14S16.txt	-0.344394025335602	1.334818696277838	0.07333609957280335	-0.16327779562136113	0.012113177783027515	-0.14468005509003282	165.12682926829268	0.8987999124241591

S14S17.txt	0.430718336483932	0.6048999283543702	0.4551021222165488	1.1959703698677535	0.11050719249812675	-0.06666669605532886	131.06341463414634	-0.24809753596712292

S14S18.txt	-1.55487228003784	-0.9069902549233542	0.08130505090274584	-0.03362122825604075	-0.02806028180118668	-0.251043670241934	46.59756097560975	-1.4731997199759024

S14S19.txt	1.83240592285202	2.5067795176582464	0.41981869944329586	1.158817661520656	0.19817396982316784	0.1613327254123708	164.90731707317073	1.680696049395185

S14S2.txt	-1.57164475550932	0.8366555867807899	0.42637525341251203	1.1097175810550906	0.05785094491626405	-0.302871088087306	103.56219512195122	-0.2852191896824543

S14S20.txt	-0.293797503987989	1.063484382170111	-0.04790577930171283	0.2533348695117102	0.024859328762082154	-0.20712945590994375	140.05121951219513	0.7831737299646492

S14S21.txt	1.54711274926755	0.7171896624289109	0.4214749846448247	1.038787346669627	0.14620096382331477	0.11933017509257852	138.99024390243903	1.2152166479217794

S14S22.txt	-0.408070903262304	1.0112313598347145	-0.03459786498652126	0.192836935382595	-0.01766373209897346	-0.26397748592870546	106.3780487804878	0.6827544357023927

S14S23.txt	-1.6385246674842	0.6799845526138696	0.37940947463935204	1.0614839062967805	0.0635562312840134	-0.15717024110353253	150.84552845528455	2.221748891576469

S14S24.txt	-0.234372049102927	2.6108185523237553	0.44689836388452087	1.2382708635056274	0.15613116039279248	0.04335585891042087	204.21219512195123	5.0654194435358555

S14S25.txt	0.209740623250606	2.8569989066988137	-0.18390818914164297	-0.0734357553438153	-0.0676914728780875	-0.1212064357072417	81.18048780487806	1.3235594011205352

S14S26.txt	1.55481467509196	0.4279689204996753	0.5327333086179505	1.2652063089687333	0.27596078246048894	0.10919324577861166	59.954878048780486	-0.29987394757593905

S14S27.txt	-1.50268690487414	0.9635268147959781	-0.027702885593598542	0.19985338766815086	0.019649807520840824	-0.2182926829268293	109.12891986062718	0.391921375483965

S14S28.txt	-0.424731182795699	2.550427737561335	0.3870576927058203	1.0715149438367897	0.12139496986991308	-0.07562293197220968	166.17653890824621	3.406363706769851

S14S29.txt	1.54426350851221	0.8628697817418787	0.08520866626963136	-0.1274531159669996	0.058995108341282854	0.034668989547038336	86.64808362369338	-0.7147537336761518

S14S3.txt	-1.58469532357109	1.028791748783329	0.3988150935833078	1.0976720886403353	0.07214135364697832	-0.2654784240150094	182.4939024390244	1.9193758241445218

S14S30.txt	-1.7271096847272	2.855557309409509	0.044231165068363665	0.3742126051917316	-0.006487933550246808	-0.22095404575557087	81.55284552845528	0.7409332711376901

S14S5.txt	0.288224790903111	0.9872264366491774	0.13250294866889314	-0.027055404990371734	0.07302038507747158	0.12649960217065795	60.18815331010453	-0.36760294484816974

S14S6.txt	0.0709908550956916	1.0065766405606118	0.12173685845588733	0.043655917384484544	0.0697829314715595	-0.14641015220668904	168.50365853658536	2.091618910085504

S14S8.txt	-0.417339845951531	0.7454692393395288	0.4433916949589759	1.1060744177254995	0.10530908058810269	-0.24465290806754228	137.28658536585365	0.5956350003061037

S14S9.txt	0.180703724499345	2.411099211273773	0.3684497270322204	1.1087236718523328	0.0844451516857126	-0.045818815331010454	204.81533101045295	4.166804092899033

S15.txt	1.47629136400323	-1.0961723966317989	-0.3513088975869849	-0.9197549805070686	-0.07711157265300103	0.059720702871590134	30.382882882882882	-2.5741924112201486

S15S1.txt	-1.43242489070784	0.8582424878203017	0.31739539002386086	0.9449945293643429	0.09954811903847231	-0.03771106941838649	188.6719512195122	4.093523436165756

S15S10.txt	1.3450830378802	0.5458551051934751	0.257466755174797	0.2162098577719963	0.27377333748782295	0.2623693379790941	179.14634146341464	1.3260541321025303

S15S11.txt	1.45465594614809	0.3350187451489136	0.516744364330159	1.2389063222044678	0.33206851641386015	0.3020905923344948	184.64343786295007	1.324941422710859

S15S12.txt	1.44403858761824	-1.0051681063707076	0.09749527548151851	-0.22061651492619816	0.08633817320473504	0.11581700445859	124.63646922183507	1.367257230717195

S15S13.txt	0.370238984316654	0.6572135297316875	0.23296477967571871	0.1791351141160693	0.3062774943434851	0.25753616003439145	134.0569105691057	-0.1408428510400999

S15S14.txt	-1.57216158223715	0.6302546100770415	0.5164967162892906	1.2007692200013325	0.1582893745895614	-0.02476547842401501	122.2390243902439	1.0366719967737374

S15S15.txt	-1.50449690837549	1.1715001783857826	0.10275897673889575	-0.20721921734005377	-0.051378383270424835	-0.19668847183072813	63.92799070847851	-1.1731928107326073

S15S16.txt	-1.86105913173653	0.5424686147726503	0.10465850604837618	0.685458174122841	0.02269934379429809	-0.22382739212007505	170.88048780487804	0.6568921527191512

S15S17.txt	-1.05096018735363	-2.6249807583531224	-0.003127570782815725	-0.38395238439575563	-0.031016091676405625	-0.07881403779223577	110.29512195121951	-0.19087938383889774

S15S18.txt	-1.82475869178146	0.8306011858022038	0.056284969390508394	-0.08881319083697936	-0.07663840924031698	-0.2639632598393396	85.39756097560975	-0.5368312359578962

S15S19.txt	-1.31165084682673	1.000929458055078	0.3394865840397833	1.0848913456380602	0.03656318057628884	-0.12288930581613511	137.96951219512195	0.9045570952680101

S15S2.txt	-1.7334699199106	-0.5709559140248907	-0.062374370998375034	-0.5203808453610663	-0.03668598745580223	-0.03382738861903311	113.11730545876887	-1.0150686652578094

S15S20.txt	-1.82488522439801	-1.4246129371312333	-0.07015700607578632	0.23840304774436683	-0.09558488688016259	-0.35234521575984995	141.0939024390244	0.44843541079207905

S15S21.txt	-1.88312295465171	0.8570639719645672	-0.10412580703707397	0.010616195365140801	-0.05554174797633482	-0.23733583489681054	140.82073170731707	0.7758582153837617

S15S22.txt	-1.83626497005988	-0.8156595669695491	-0.30883633527621673	-0.7324935616590655	-0.17555279163969062	-0.3707317073170732	102.3390243902439	-0.41637396603372984

S15S23.txt	0.149859576858266	1.5219118473427677	0.19649680625754987	0.13310481512823913	0.14257132899467503	0.02279656646815769	113.8609756097561	0.5901546749421647

S15S24.txt	-0.212860721907767	0.958596011102015	-0.015976421226214732	0.3188341772514262	0.08464886006131343	-0.13358348968105066	149.39878048780488	0.7241690220620537

S15S25.txt	-1.8675285741053	-1.0263226815345787	-0.313349592103701	-0.8286461924720546	-0.08196951819913656	-0.15612685581700037	154.7841463414634	1.7237316239602096

S15S26.txt	-1.10557481495362	-2.5222118344078486	0.04830630551704018	-0.2816278527243134	0.031035752084093766	0.046457067527122475	61.395121951219515	-0.7583879694482994

S15S27.txt	0.123581809657759	0.729717343875789	0.29825212383079386	0.47039750966607063	0.21870873505524913	0.2116421973340072	99.29634146341463	-0.11364675941571288

S15S28.txt	0.17724163777757	0.9257902904169885	0.3140530787505295	0.8143627588360981	0.00813137023157386	-0.10150093808630396	11.053658536585365	-0.8103275571305468

S15S29.txt	-0.351305970149254	2.6549060833802773	0.44650192618091666	1.071990716241648	0.07727727958545005	-0.1406045828142196	198.01277584204414	2.6178239750374743

S15S3.txt	-1.65233644859813	-1.2643397771187388	0.07458148568118256	0.4931967416122375	0.04218063989119361	-0.1841623841816978	200.6295005807201	4.229290243847885

S15S30.txt	-0.242717009069036	0.8107779308087928	0.014788125805703933	0.4272505498757726	0.05377820172561546	-0.0878048780487805	162.1719512195122	1.7797453037487125

S15S4.txt	-1.55188855646971	0.7241067717269813	0.3679224209207471	0.9911716273444531	0.05003675587833712	-0.1521237239310831	184.27409988385597	3.5968755698255213

S15S5.txt	0.186675387777985	0.8936664819167264	0.1571499844720362	-0.03165159407131224	0.16507451889369354	0.16941178078818583	109.1602787456446	0.14966940775064963

S15S6.txt	-1.43957478552779	2.6186739312817564	0.49229622912530624	1.212326856172758	0.16378623375940718	0.15612476278133608	211.68757259001163	1.4166547151069862

S15S7.txt	-0.242790697674419	1.2420138857954486	0.000780526152358213	-0.2941807576605454	0.06352444538432733	0.1565105422718347	166.5876887340302	1.3717959032720104

S15S8.txt	-1.53287812178468	0.6964928743179563	0.40744463372727313	1.0305734968946574	0.14630141258735765	-0.012023524571872547	202.02206736353077	1.7680688893779728

S15S9.txt	-1.48600056185036	2.5419320998925645	0.43587389785669284	1.1733342803378188	0.14983872350667263	0.006533670205121728	195.52729384436702	2.7110052154051

S16.txt	1.53655827105635	-1.0491555922977933	-0.3535956751111411	-0.9221354491889793	-0.07799639895018115	0.0045045045045045045	40.33001422475107	-1.817983544912546

S16S1.txt	0.208309990662932	1.207088562838087	0.003267395415185226	-0.28139023989206263	0.016057312645513543	0.1411146581422888	113.09146341463415	-0.21539717106702394

S16S10.txt	-1.58098825384967	2.5120297855163183	-0.02039391388985315	0.39653176938257484	-0.04364203815817606	-0.18441322683474065	125.74634146341464	1.560760042753892

S16S11.txt	0.217760761975908	1.0171485184553757	0.14099525302741583	0.12145415333905613	0.0023665370611926848	-0.04765701961244489	58.05365853658537	-1.0779762189075164

S16S12.txt	1.35893990294886	-0.8081722706567325	-0.23894679784994438	-0.7439784338034017	0.019932014194445916	0.17631429957052852	65.01974448315912	0.45085919371658945

S16S13.txt	-1.5815731935683	3.039607952558338	-0.08796995610470208	0.015430129947225979	0.0863055798644555	0.07589474186312581	179.43048780487806	3.7048522172517178

S16S14.txt	0.0687930152165512	1.0876544585652312	0.25893823460337473	0.7174554972219217	-0.05490962722764076	0.016325764971248838	41.13414634146341	-0.4050032282115962

S16S16.txt	0.356923076923077	-1.0187229702160718	0.2535201375289514	0.7160651735556316	0.017677077278005757	0.10210838280118634	73.15214866434378	-0.023616610003048037

S16S17.txt	1.95100736664596	0.5075643853843299	0.48220792032830284	1.117334124444638	0.2164823869583889	0.13083623693379795	113.84088269454124	-0.07847756065257325

S16S18.txt	0.207064100168193	-2.733146045719113	0.0010627381553933446	-0.27698399800616574	-0.0273615902047796	0.0878213563970627	41.860975609756096	-1.6655052884854558

S16S19.txt	0.360324263883712	-2.675019960429529	0.26162699011696633	0.723723176231446	0.055861716288387146	0.2099668963744531	106.46689895470384	-0.7624761214177687

S16S2.txt	-1.68856852706848	1.1922443667474756	0.2613780491258338	0.6835445506557083	-0.007789741925600072	-0.1796519538539999	94.1109756097561	0.030168215075784918

S16S20.txt	0.199719887955182	2.7535668159471096	-0.04271663489948713	0.11752313736110509	-0.04804308238169089	0.10093808630393997	68.20487804878049	-0.9644983862469304

S16S21.txt	0.0144194756554307	-2.575971743561204	-0.3847207861205022	-1.086565291847078	-0.17824544416414165	0.05929066037853453	22.226829268292683	-1.6921580504069633

S16S22.txt	0.27138863000932	2.6760947805007533	-0.04646131021330466	0.11819039425257183	-0.03669652090379794	0.16192129104543282	89.2390243902439	-0.7224180348110186

S16S23.txt	0.333830799365731	-1.0613224154904601	-0.017055157448108108	0.27137121713896395	0.023628881047826084	0.2150194664404009	74.47926829268293	-0.6877650572733076

S16S24.txt	0.278486909531352	-2.6932581533749405	-0.26469009229600116	-0.7679636565417886	-0.049915643720080005	0.1170786623549827	55.520731707317076	-1.2829081553610382

S16S25.txt	0.273124883677647	2.7469612141682878	-0.05896878766486294	0.10986703324326696	-0.06805099715443694	0.12420845269070281	63.760975609756095	-1.3721256616991808

S16S26.txt	0.303899721448468	-0.9501549176269328	-0.035835903454318765	0.17056960587457787	-0.04477663959983797	0.13819307688173937	89.17560975609756	-0.6571331018476845

S16S27.txt	0.192494853078795	0.9821170799665112	0.1735120304700567	0.12520041182575947	0.10920944232578829	0.17195121951219514	13.692218350754937	-2.43631161641624

S16S28.txt	0.268376544930769	-1.0082668395941197	-0.07597885502133103	0.13627370195228428	-0.06771952860076161	0.16397748592870548	35.46341463414634	-1.8076615549974762

S16S29.txt	0.274285182080656	-0.7882037971517898	-0.048410115887606214	0.17939161548348553	-0.04664454689691663	0.1377369136654787	68.75487804878048	-0.4674970779626274

S16S3.txt	0.128956292388847	-2.747157175070833	-0.0041621965194207355	-0.3299891804517961	-0.005693971025800784	0.034313477446647096	76.34871794871795	-1.297167192155637

S16S30.txt	0.268919296285954	-0.6462315210110456	-0.4805002419489157	-1.1631592585670445	-0.15435951007157592	0.008444361192025261	82.79878048780488	-0.9652786516617483

S16S4.txt	-1.64571691676608	0.9755564376764825	0.34439008423140327	0.873133188498626	-0.02554792508470234	-0.16275303643724695	108.28461538461538	0.4437631706397778

S16S5.txt	-1.62531497339063	1.1423071825892643	0.29638074384587737	0.8012328720436142	-0.001483584391799929	-0.0651062433288125	136.6390243902439	0.790347309692426

S16S6.txt	0.199478244665984	1.2770509356506217	0.07411745887155041	-0.12382241586096182	0.03297475848523473	0.083892325433763	75.61207897793264	-0.20699845074770437

S16S7.txt	0.350596504207898	-0.9025883822651353	-0.06868465800296483	0.1975030103379522	-0.0009757206524929445	0.04000001763319732	129.52073170731708	0.847908571516307

S16S8.txt	0.320188836434324	-0.7767920095242042	0.018840008344567616	-0.20074127794317365	0.010105825491117802	0.07641041732191409	127.56341463414634	0.7840970187878356

S16S9.txt	0.272415709522045	-1.0579139348184654	-0.027428105563170685	0.2233046553765215	-0.043062462199496415	0.010793562844095262	115.15121951219513	0.20294679954741796

S17.txt	0.116592831252517	-2.893328251481149	0.10964618441919163	0.03154749837375537	-0.02134791707397895	-0.016121384542437174	81.06685633001422	-1.5633351913185631

S17S1.txt	-0.0234426076398618	1.2411059943086655	0.04088196299557638	-0.10998879448358406	0.0259655297595351	0.010320885901364206	98.28292682926829	0.15220276457462292

S17S10.txt	-1.667536339918	-1.0630774072338773	0.013361682306582467	0.32647595287354975	-0.004351282125211759	-0.11915971022011901	179.09871794871796	2.2281415085631537

S17S11.txt	-1.71884300595238	-1.0653463685253945	-0.04106706307190333	0.1998420698381722	-0.0161564511433861	-0.018523204639340467	176.71025641025642	1.5955986252948933

S17S12.txt	-1.51908752327747	2.6017561657721617	-0.020312091710428637	0.28085971500620616	0.040945087467049154	0.01731207344744295	217.98717948717947	3.0658190790636084

S17S13.txt	-1.58785107772698	2.670028229723712	0.2705886250177374	0.844072220806588	0.01576942695246235	-0.0809114027766586	124.18333333333334	1.6262674199827074

S17S14.txt	-1.53997025469418	-1.0882382989931851	-0.03383156257252584	0.2147842906180234	0.04126256499167142	-0.01670125008465124	216.93205128205128	4.9145387792238715

S17S15.txt	-1.57866319121206	2.5702784513170056	0.3107770636601168	0.9023177470075511	0.050869857676007504	0.012148208388302231	135.13076923076923	0.6410191860958893

S17S16.txt	0.074108584917381	-2.7603104232033857	0.15593062699024024	0.02524259579231647	0.142859173801732	0.17489210291038984	129.53170731707317	0.9327292967869304

S17S17.txt	1.62271540469974	2.745981141651058	0.4809293345166338	1.07963386419281	0.22469578197354664	0.2548440135796904	114.69756097560976	0.656004665047001

S17S18.txt	1.57869204216811	-2.7846549680179553	0.13495371598032793	0.035344291384937665	0.16169831779838473	0.26110073154973173	128.8815331010453	0.7435254519134498

S17S19.txt	-0.0923492684745131	2.8892893390413934	0.10921627307848084	0.0579999190528272	0.06878729172785766	0.044467376567517466	120.0439024390244	0.3454198950031785

S17S2.txt	-0.328347115116603	2.9282335193236313	0.4131967810423505	1.0089378069410946	0.11553182270880277	0.034429382279069436	189.30609756097562	2.4077208721442505

S17S20.txt	-1.06323049678442	0.8754711110014759	0.4259832032589772	0.9038148876732914	0.07204340288053548	-0.02735191637630663	130.739837398374	0.9744555136134997

S17S21.txt	1.63393521965748	-2.769119977144124	0.44322868820365574	1.059767431036032	0.13667738699004078	0.16888890492155564	166.00464576074333	2.9091648891317585

S17S22.txt	0.379160100120515	-2.527226761874852	0.012457052293115223	-0.21506511181165106	0.004313827872609574	0.09416786454335047	129.32171893147503	0.9296977189925951

S17S23.txt	1.55809205642168	-0.9696099716345544	-0.0503970595314088	0.3462055344840598	0.04555375283716856	-0.00522761937907502	195.17653890824621	2.8403812860951345

S17S24.txt	1.64514928843828	2.5786757041261024	0.36866897748928107	1.0926425616583064	0.1527444155443735	0.16883003810034547	180.12659698025553	1.9148630401590168

S17S25.txt	1.65905276897259	0.6715579723491398	0.3683960913621095	1.034974480396201	0.16409392827854846	0.1088850174216028	178.99303135888502	3.019011871327942

S17S26.txt	1.7195064959342	0.591684646051829	0.41741906105826565	1.0141385552046698	0.1430374949882553	0.14203556108522025	151.90243902439025	3.3176953854618385

S17S27.txt	1.63224064071522	2.6424546035037153	0.4748972101589576	1.239063033937055	0.1661889282319772	0.13120752943565409	195.31126596980255	1.914424247356668

S17S28.txt	1.34188178077067	2.8517240747442156	0.21233892071389127	0.23480299109385006	0.15662174852349153	0.06027874564459932	116.40534262485482	0.9815548306937281

S17S29.txt	0.340991874474643	0.7246153436316619	0.15302300935145305	0.04689114500744346	0.057167269328800716	-0.07636380701679162	128.8780487804878	0.4947914574972091

S17S30.txt	1.46521739130435	-0.9067313486352452	-0.3013068932680221	-0.7995110318933195	-0.03178720019282287	0.030769230769230774	62.76829268292683	0.333914616422741

S17S31.txt	1.67548121846384	-2.73595504387972	0.4543673139674582	1.0848263442762716	0.1515311482851837	0.062110719166890725	168.13588850174216	1.9118240636893364

S17S32.txt	1.50777684641893	0.7559875843450514	0.4087248809340025	1.1367416917797883	0.10039951417394125	0.05061196049924757	156.1718931475029	1.259443364304398

S17S4.txt	0.443013343217198	-2.683752522247693	0.286152305157379	0.7992718882796259	0.07726263618993107	0.17294707445773194	128.91056910569105	1.2791992072373508

S17S5.txt	1.56194526627219	2.281700386555898	0.14053133380578353	0.7283240538750477	0.1705485615798223	0.011498758667643168	216.63182346109176	4.116166064736957

S17S6.txt	-1.56066399328546	2.8303904323288283	0.04074881085733684	0.39832500080433736	0.09025853316549487	0.1651109340903602	81.44878048780488	1.3970625507088599

S17S7.txt	1.55529868688737	2.378704023613063	0.05247934387104461	0.5429228015498717	0.12184301946546525	0.09207718114923352	237.79907084785134	3.9849520112736267

S17S8.txt	0.295135336247791	-2.9942217996221245	-0.07772076663195363	0.022244169527942115	0.08299947962769116	0.10034843205574916	122.31126596980255	1.7197148979290704

S17S9.txt	-1.50252289291721	-0.8390886951827663	-0.14151977413980232	-0.0656848527427828	-0.12275945566369949	-0.18542510121457492	145.01153846153846	0.7572721274353547

S18.txt	-0.210682492581602	0.8792508087404981	0.29558106200621015	0.7057747742484213	0.0253610211635171	-0.21261261261261263	111.58858858858859	0.6250201542766197

S19.txt	1.28542392566783	-2.811340472488476	-0.037347298531804074	-0.3506588333932906	-0.03815015222146054	0.03796914323230113	85.19028340080972	-0.5508443560543989

S2.txt	1.18714231209462	-0.8831758659745836	-0.34481159421886876	-1.0246536305565865	-0.05810606032358144	0.03245778611632271	94.36829268292684	-1.363056174289269

S20.txt	1.24966222736923	1.4902918165182346	0.008416144643556445	-0.21706473149577749	-0.02104369106900468	0.053069263595579376	79.7948717948718	-2.0693512445885633

S21.txt	1.11551968915789	1.4973379361344765	0.011097381113306964	-0.27348097443105995	-0.01598594100768826	0.10404858299595142	89.34871794871795	-1.8317148232917129

S22.txt	0.0202320655677317	-1.0175533421956033	-0.2464953058260008	-0.6872239845802444	0.04916656124972492	0.19812008751316748	133.14507198228128	0.6777684326320387

S23.txt	0.205123285042694	-1.157292200617214	-0.28255904746878063	-0.7289076906515293	-0.03482128156391194	0.014071294559099438	113.85853658536585	-0.8240482384281742

S24.txt	0.115213882163035	-2.8962148550090783	0.1722584121359971	0.11560264731698816	0.07993076980125735	0.1750834384630804	40.550607287449395	-0.7806048559367871

S2S1.txt	1.2949844148484	1.3143887974741788	0.08962320593382182	-0.06373552095592039	-0.034751085628556264	0.08030018761726081	56.071951219512194	-1.612815502659995

S2S10.txt	1.50455784230805	-0.9999285478870227	0.03757081689136538	-0.20686780363838647	-0.010580169147711108	0.08255159474671671	28.178048780487806	-1.2972875323633113

S2S11.txt	1.5057199584003	1.120193498517303	0.24346841747234585	0.6081920497384115	-0.03262871382601709	0.0726078799249531	67.60609756097561	-1.5991874826557873

S2S12.txt	1.49079928281589	-1.1233164275750256	-0.3168091565814692	-0.8465957509569301	-0.010056256290370862	-0.03461538461538462	102.25256410256411	-0.9276651186466943

S2S13.txt	1.6516547574276	1.2653307139929515	0.11020591478366802	0.03476057238512281	0.08343092682533454	0.10412757973733584	50.415853658536584	-2.4137501721448036

S2S15.txt	1.50820594579387	-1.0448292115901467	-0.3233923430692659	-0.905410297334013	-0.03047396918420315	0.15056991432672054	32.917073170731705	-1.8234879224700027

S2S16.txt	1.38075117370892	-0.9887940697567572	-0.32860408006924313	-0.9409541482038175	-0.03673918667112459	0.22092968737658997	46.11585365853659	-0.8263803163185945

S2S17.txt	1.51023474178404	-0.8979192777207375	-0.33297949140469735	-0.9640312264467494	-0.0566434378642587	0.0768607693460374	54.215384615384615	-0.6658690269891093

S2S18.txt	1.49052888222056	-1.1100114855043355	0.05300692244889105	-0.17546394051784903	0.014605673925362387	0.0827392120075047	13.61951219512195	-3.2238888672740544

S2S19.txt	0.393361782835467	-1.0546582083340335	-0.37471650563174186	-0.9680327023397346	-0.13479002117385575	-0.02486045314428719	28.630487804878047	-2.863936496899598

S2S2.txt	1.31248822753814	-1.0465527206961611	0.05171555220110777	-0.10311607629157843	-0.05404134347375296	0.05046904315196998	72.39878048780488	-0.5326476210766634

S2S20.txt	0.291200917168243	-0.9518535496688484	-0.21726822706344817	-0.2789271803788198	-0.21707101434386689	-0.2506072874493927	90.82564102564102	0.21676085002043555

S2S21.txt	1.34599156118143	-1.0243519759908002	0.029710742144059887	-0.24906292516592565	0.0022883572407189356	0.11988742964352721	38.61951219512195	-1.6702730163917492

S2S22.txt	1.30406229477437	-0.9020336869185086	-0.006245754295910233	-0.37440112419449795	-0.03746929849575238	0.15290806754221392	26.228048780487804	-0.9488939101360745

S2S23.txt	1.58762983063535	-1.0218031027060974	0.07778357908155223	-0.1500158046036395	0.05702574074630255	0.10919324577861166	20.12560975609756	-1.9335186029928846

S2S24.txt	1.66198370328744	1.1527246968415645	0.06677991447036336	-0.23359293817607235	0.08001738096312128	0.1452157598499062	61.697560975609754	-0.656045013131858

S2S25.txt	1.47604620337057	1.2466941125231594	0.10109557048669074	-0.13381449094504616	0.10519727404398323	0.2838915482988074	33.8	-1.0919163521228812

S2S26.txt	0.222495739443287	1.7119754601409802	0.09092286134904182	-0.071820137184474	0.09216902675540714	0.11652125016097781	51.4609756097561	-0.3600156712570177

S2S27.txt	1.4572641509434	1.448688584270432	-0.02357654175280499	-0.4221012938553259	0.024647650314020303	0.16368672695740988	45.167073170731705	-1.5223462334051385

S2S28.txt	0.240572294864506	1.5048139851128246	0.05101142544708295	-0.25765672398008693	0.054108801393346236	0.12590299333013866	48.08780487804878	-0.8816515311826132

S2S29.txt	0.0590228245363765	3.08037996548458	-0.1065334034007277	-0.015751141621222764	0.01183102186952503	0.13805668016194333	63.54358974358974	-0.3690395853449225

S2S3.txt	0.293544112078758	1.1675619266716426	0.2523687355143068	0.6274489258581422	-0.01694697647976858	0.06923076923076925	68.30609756097562	-0.9522538045246073

S2S30.txt	1.38441089907908	-1.6520505570881296	-0.06105138137845009	0.17441063439499854	0.07843529712429452	0.19514170040485834	148.87820512820514	2.1553566964437367

S2S4.txt	1.45566874174684	-1.157839550722659	0.11863306797330286	0.08180614613567522	0.0023860474086229173	0.12157598499061914	45.452439024390245	-1.3224204344179262

S2S5.txt	-1.18634127884979	1.018602258199666	0.4476165864522873	1.22355372430754	0.18811929442943318	-0.0275797373358349	90.45975609756097	-1.3952744354355784

S2S6.txt	-1.63449457452884	2.708451833565342	0.3170409135616725	0.8466653246919005	0.027594105113795894	-0.2657894736842105	161.68846153846152	1.4617537283423285

S2S7.txt	0.285741247522884	1.1866195428207318	-0.26613523621951846	-0.7140624645917879	-0.0783796165697565	0.021013133208255163	37.84756097560975	-2.1694104301312054

S2S8.txt	1.4750636372207	-1.0989427779727978	0.07914957290073348	-0.08529075106411477	-0.01696054458338095	0.06622889305816136	70.61219512195122	-1.542480252024517

S2S9.txt	1.45903941578504	-0.949569879618291	0.028903244185374266	-0.2657844702589835	0.05053370461405446	0.07007833395766994	10.158536585365853	-2.651538170127385

S3.txt	1.16906820365034	-1.0452194350012887	-0.04627400568466997	-0.3692777435152925	-0.03211421900042505	0.05731976177796028	94.56585365853658	-1.5061274907122608

S3S1.txt	0.234478550643011	1.3344115793620643	0.15793289921675382	0.002620021958176455	0.1500030259899522	0.252837978408885	59.073170731707314	-2.1564839857946585

S3S10.txt	0.275313768047561	1.2176698894304676	0.17680406351764621	0.1609700313668876	0.15740474234699864	0.16532958465663272	78.9451219512195	-1.0883305341206373

S3S11.txt	0.123037150517043	1.028000590363698	0.16430936843601762	0.017093795002298906	0.16687794895723054	0.1812552780281877	146.76707317073172	0.8696946891960999

S3S12.txt	1.27922575699502	0.5864863197142879	0.23144738829961042	0.17181393331948613	0.15024707071621302	0.24446529080675425	102.91341463414633	0.1344126080382558

S3S13.txt	1.20876560999039	0.8411638411833213	0.4638718180156589	1.123005807900554	0.19505517591285007	0.07230915125651967	147.95163584637268	1.6156032929148532

S3S14.txt	-0.226801152737752	0.9494189457374822	0.4779350615008137	1.1534187843512855	0.20342037658321788	-0.023827870351856933	171.6927453769559	1.7901785314632774

S3S15.txt	-0.029322901758738	0.7993627206172804	0.10904136835438297	-0.057878319629581454	0.11761725783559275	0.12451913598009784	149.31923076923076	0.593062737376765

S3S16.txt	-1.38105310386822	1.4544367966363025	0.15011588790551858	0.0657711011458173	0.11492125602074736	0.16642958748221906	48.43859649122807	-0.9732777966425394

S3S17.txt	-0.186744676769614	1.7261631932093517	0.09811737916631924	-0.0864128538274414	0.09633749929505532	0.15636284057336688	33.35087719298246	-1.668196920770047

S3S18.txt	0.17173198007706	1.5918751037134358	0.09289550698350285	-0.2583214154702097	0.09233518265245597	0.19456822574057223	83.08170731707317	-0.2447805304513267

S3S19.txt	1.24242850445382	1.6209340739622744	0.1755900861142226	-0.06182178824090423	0.11371352265265883	0.23021717741917275	81.41463414634147	0.3237531132633068

S3S2.txt	0.180404002265433	-2.682443596280566	0.13848414736107656	-0.051525087448969	0.10691943059852044	0.20994371482176363	51.93048780487805	-1.2691282217295317

S3S20.txt	0.223032124741687	1.1222869331196321	0.1338975952914001	-0.15737365792902358	0.13737018279807084	0.23050942966628218	102.05609756097562	-0.38138663424666125

S3S22.txt	0.153301886792453	1.1230637235657621	0.11766561633800643	-0.10098784899767699	0.11517359830208664	0.21449683911751558	100.59390243902439	0.11354200126929864

S3S23.txt	0.178907721280603	1.3942076624629092	0.0912687762500966	-0.25314704312223646	0.050967964989630674	0.1983207469698986	67.03536585365853	-1.0496154398907396

S3S24.txt	0.183226656626506	1.5846989803736709	0.09963237349803344	-0.1675320000247531	0.07317573806661307	0.19400534755617327	83.82926829268293	-0.14890299297666218

S3S25.txt	0.172368421052632	1.242167362405108	0.11714394012278623	-0.11171465525318625	0.07007887981033013	0.2385777287917605	86.88536585365854	-0.22561613103053393

S3S26.txt	1.49571836346337	1.1667231749484022	0.09844229949041783	-0.13148869563273258	0.028999481937189275	0.1518179727437184	36.61829268292683	-1.5075587758078466

S3S27.txt	1.22242263147902	1.3103060150687527	0.11889648477792875	-0.12648440642349756	0.05464413697919747	0.18406116629845837	73.6	-0.030056219880604126

S3S28.txt	1.56823540507404	2.5009508070637505	-0.01504763205411272	0.30512218871265423	0.04215953989018721	0.04917879471558016	144.02317073170732	1.3367865595863209

S3S29.txt	1.4605561861521	1.3421909908969432	0.07001806008194211	-0.18716695029202834	0.04259794487697193	0.17467986322514245	48.56219512195122	-0.924465949435274

S3S3.txt	1.15440142495547	1.1186892743349592	0.05160936456449455	-0.18273068036963663	0.09787828158051062	0.21445658825600197	108.85731707317073	0.2089997224409404

S3S30.txt	1.40013265112753	1.7016100266176404	0.06340069715774935	-0.1503186317474724	0.02411259509856215	0.10769735928166678	19.025609756097563	-2.270972793055141

S3S4.txt	0.323240496800903	1.2821526304207571	0.14972901663991087	-0.12479133761690098	0.13940494861006875	0.23576320584101224	62.173170731707316	-0.6463308266600912

S3S5.txt	0.271680242470165	1.2603505366626273	0.1276368932267831	-0.24246047845087826	0.11821863123407741	0.16923870744261924	81.50121951219512	-1.0759921351296273

S3S6.txt	0.259506875296349	1.240903409602229	0.13623420640017256	0.022137581813131302	0.11071152228373381	0.2387653636551437	73.52926829268293	-0.9393755973631065

S3S7.txt	1.25549316863185	1.0979704378927218	0.12422855988800158	-0.0077984434361560995	0.1611160473989326	0.24635301870527612	122.73170731707317	0.24272421962154744

S3S9.txt	0.331735788175002	1.1007420571033557	0.20251319503296852	0.09709834891401792	0.21863005866829324	0.21465428371040032	139.57439024390243	1.7655401389276348

S4.txt	1.24933743038218	-0.9342567580662797	-0.36168850049708917	-1.1029431925967388	-0.05846399916616486	0.021670810099359776	114.10365853658537	-0.5486458707482519

S4S1.txt	1.33567829641601	1.2302704456077387	0.1552866866854042	0.03325860291465654	0.1687827852576622	0.24100567595348604	91.62926829268292	-0.8187812884320144

S4S10.txt	1.16326530612245	-1.2969644311953292	-0.023511476515406415	0.2012572666110521	0.049362973920484055	0.1060236460776505	236.89146341463416	1.7619127907602756

S4S11.txt	1.56891300209404	0.8587145484900127	0.16415905721122384	0.023417048746658176	0.19391879995998393	0.29438529044065365	144.83658536585367	-0.38713846536917706

S4S12.txt	1.43558515699334	0.8669218891059125	0.43382117590037106	1.040773679910731	0.11934269405146355	-0.008350926807287351	176.6219512195122	0.6006649424855116

S4S13.txt	1.59294050668944	0.8594534515395018	0.3566991758383693	0.9088022150086722	0.15106694315249966	0.17639332267786098	167.20975609756098	1.4420991470630313

S4S14.txt	1.46808307926829	0.8944962447454123	0.2134611770576039	0.15696878759259397	0.08947110971839971	0.018856419177365	110.41585365853659	0.11602456226773798

S4S15.txt	1.27816968541468	0.9962174622541715	0.1659027840288456	0.058902655675338256	0.07193203900651332	0.23010512131677915	86.89878048780488	-1.9895718112053977

S4S16.txt	1.22847921017657	0.8115862014066209	-0.03368020767779145	0.19625282553010548	0.07973988855026506	0.1692242939817718	140.98658536585367	0.02149840705275369

S4S17.txt	0.223639117674903	-2.726264482205049	0.08410399265891433	-0.07738311610407062	0.03177598576353298	0.06400751525959096	104.94756097560976	-0.2960619098193688

S4S18.txt	1.38690646112856	-1.3069436753939834	-0.07847613248667987	0.03561431436152207	0.07162011889499346	0.12701688555347093	140.8280487804878	0.14509750181575085

S4S19.txt	1.34293343505627	2.347679639067024	0.02345445670151028	0.363049052880963	0.08880822259307897	0.08612036221304016	249.9390243902439	7.466188769091909

S4S2.txt	1.39297898407313	0.5083638213191322	0.5202771833094572	1.2552484051180095	0.29142082038218714	0.3818011257035648	124.47682926829269	-0.2772725082090969

S4S20.txt	1.20239120038259	-2.66687811005718	-0.37161432237908987	-1.0235104022667891	-0.022458482074244536	0.16973962465598672	130.8780487804878	1.045236814779904

S4S21.txt	-1.67234286807615	-1.3652533222716015	-0.11261013650208337	0.17394002206488912	-0.11091340644701704	-0.21895961373119363	85.1890243902439	-0.317345104398061

S4S22.txt	0.0965840589417282	2.67504812865015	-0.037691318347389216	0.12561347867317574	0.030183212642030277	-0.014071294559099438	173.9060975609756	1.6896492269510535

S4S23.txt	-1.59377990430622	0.7638040889091684	0.004330637067532256	0.30338871120012234	-0.03141610856607168	-0.23245778611632273	174.3658536585366	3.412177915414001

S4S24.txt	0.298078944853293	-2.836763912207679	0.22375499572903473	0.22447459691712368	0.13414474134215404	0.16116322701688557	68.98048780487805	-0.6822348831726204

S4S25.txt	-1.57619184102417	1.0877992754827253	0.029730753909661484	0.4139106591005874	0.017549294008085962	-0.15084427767354597	191.8109756097561	2.74432020726188

S4S27.txt	1.4450720242608	2.7011051108636686	0.3718389358631831	0.9050889529017616	0.09563726107013477	0.13849402210737227	154.46341463414635	1.4540343033096037

S4S28.txt	1.46891034743917	2.614579429301308	0.3362167669557723	0.9747468995437649	0.08073165006612126	0.12304661642268598	144.0878048780488	0.6989880912798797

S4S3.txt	1.40180009474183	2.6734773162660357	0.04695979419565802	-0.10813192911191638	0.057176159989771824	0.15716631912591364	140.1951219512195	0.584931924225337

S4S30.txt	1.44580767408811	2.674698082860636	0.34570247428115985	0.8752225317528632	0.08904528502952327	0.10051620064959227	165.140243902439	1.4989739758121257

S4S4.txt	1.63514413471601	2.834571462175801	0.31308710763948827	0.8387218722968378	0.12838334050542372	0.23678408957049388	141.8378048780488	-0.19276479848054504

S4S5.txt	0.257047809143617	1.0071854770157256	0.1719299541632093	0.12283940521236003	0.13703862598561975	0.12983723453469237	100.14390243902439	-0.3369921799371452

S4S6.txt	1.44902427415516	0.9960803938104547	0.14529269188531851	-0.04050645432931621	0.10326065965533864	0.22610001037677657	78.3	-1.5371902901981331

S4S7.txt	1.43471334541639	0.9458831041548805	0.18381608517109682	0.025894394395538645	0.2444901152923876	0.25239257340608834	167.67439024390245	1.8218673208556264

S4S8.txt	0.173919679481065	0.8057501222758852	0.2223511992054834	0.2190278710719551	0.20377448753969382	0.14268961974513517	89.39512195121951	0.4012695637862107

S4S9.txt	-0.900191094974202	0.5489521955019192	0.23240378700298292	0.0661121786340968	0.18440435410908274	0.2108374442244346	149.40243902439025	0.04899677255802054

S5.txt	0.115721377194379	-0.9620413272643487	-0.4046924069100304	-1.0643706418026189	-0.08209012545703048	-0.020390018410544244	161.1578947368421	0.5098635923739979

S5S1.txt	1.30175571794628	-2.730848874041021	-0.2983942908460594	-0.8295621548546879	-0.033659267064413315	0.18971664811416752	79.86219512195122	0.35052111136759634

S5S10.txt	-1.6576816839699	-2.778769812535022	0.03222654175786206	-0.14171319775436533	-0.05220385826278358	-0.2834896810506567	43.53170731707317	-0.6607050828660946

S5S11.txt	-1.80306345733042	-1.4051994144094122	-0.20561724086198507	-0.08868381441971351	-0.11793137060060291	-0.16717482076648973	169.9060975609756	1.5154128502052984

S5S12.txt	-1.25719200993979	2.828055505429241	-0.017217681034117027	0.22586808481683152	-0.002043815467853795	-0.125140712945591	143.85853658536584	1.0542015403475438

S5S13.txt	1.40807600950119	-2.627783443799549	0.0060813272150146425	-0.2426724974233037	0.009586137600416832	0.15947467166979365	70.52073170731707	-0.6306588202460954

S5S14.txt	0.0748930099857346	0.8593634901557056	0.21313490709234273	0.2081471021738412	0.08556084999632725	0.0667010648512762	73.8719512195122	-0.11183516006056293

S5S15.txt	1.41672209026128	-2.6800073066305674	0.03149336078854814	-0.14877589229782107	-0.004243986411103373	0.20123839097850033	38.609756097560975	-2.23756095418895

S5S16.txt	1.40741794725858	-2.666137037674655	0.0008982485541120799	-0.23855110810426472	-0.016565579414662426	0.14363448791985267	79.81219512195122	-0.1860538728523781

S5S17.txt	1.52752990317069	-2.561839628998146	-0.304492716364565	-0.8508402812284063	-0.04955359148383874	0.13943232849021353	59.67560975609756	-1.2805308825946649

S5S18.txt	0.378591068550299	-2.718247001139069	-0.006982441021045754	-0.3365808794532255	-0.04160717589143474	0.16736244682795606	53.520731707317076	-1.4527870050323652

S5S19.txt	-1.46892008020624	-1.1043122847450686	-0.36827799970890246	-0.9268563510479588	-0.21098241819177255	-0.07852150672365427	75.83170731707317	-1.9808923723658434

S5S2.txt	1.28188199582622	-2.658475543319617	-0.3189073073226962	-0.7841811486923147	-0.04060129145780671	0.2206378986866792	58.84878048780488	-0.3826944115592729

S5S20.txt	-0.125408589889776	-2.7074395703726557	-0.31521323560730513	-0.8473280919606749	-0.08732169718710917	0.050473778250085394	-4.034146341463415	-3.1889555269869576

S5S21.txt	0.0957416404687055	2.714991525735621	0.3022913267424673	0.8574477171086311	0.05825733791233681	0.211118936139287	95.56219512195122	-0.05874898437751999

S5S22.txt	0.299294969512195	1.1746392421555607	0.07132146585251059	-0.1462817862765045	0.06903293598299297	0.1737988110435053	48.26829268292683	0.589684860344277

S5S23.txt	1.48150261531146	-2.6669361252276715	0.02599690878543151	-0.1622089801743502	0.04033139403028518	0.21017076744596205	101.23414634146341	0.5913961950434669

S5S24.txt	0.150256702795208	-2.7280631965335758	0.007383007542816206	0.29986358779757616	0.003967709128656762	0.15591725707851062	45.72560975609756	-1.0904454965404708

S5S25.txt	0.0911356286855621	0.9230352151923527	0.011500329183069036	0.3186970045282477	0.03734738882338825	-0.07674986061196293	151.4268292682927	0.4214791605536887

S5S26.txt	1.24095653824255	-2.628938720747699	0.00428095936461903	-0.2415991479894164	-0.001210394589258276	0.18592870544090057	99.65853658536585	-0.5186772840644307

S5S27.txt	-0.0111609272154917	-1.1811624239294836	-0.10594618455442589	0.12041666032188103	-0.10379460865251068	-0.14587926279006258	162.0219512195122	0.9586705768707839

S5S28.txt	-0.0339321357285429	-0.8670785474003542	-0.35644569499254086	-0.8981510366810266	-0.13700651862137642	0.00150093808630394	83.6829268292683	-1.1137051652351675

S5S29.txt	-0.0250404646291535	1.0432148847795788	-0.0847594103107813	0.0112428288791811	-0.0427084182187258	-0.08827806191990283	98.11585365853658	0.6392722701797956

S5S3.txt	0.254260174971472	1.3679310789638346	0.056942973250300455	-0.14743789361098975	-0.027629361316882515	0.010506566604127581	61.859756097560975	0.14991969742188196

S5S30.txt	-1.28681130459606	-0.8766265493860853	-0.31223965144025045	-0.8488641098880177	-0.0693875916191731	-0.11211183087147218	119.49756097560976	-0.15077081409567417

S5S31.txt	-1.75903957483155	-1.0554488728968203	-0.10483992582564966	0.05690172653598924	-0.06745133672587039	-0.15684803001876174	111.24512195121952	-0.2594715648025556

S5S32.txt	-1.7465727341965	-0.9394801327555078	-0.19813572363566204	-0.203790243249311	-0.23862478056850872	-0.25520736047009673	99.65	-0.3500433743149086

S5S4.txt	1.35437866464914	-2.6870854190440205	-0.2586627243553995	-0.7086077927852693	-0.01571705808714055	0.15497185741088182	69.1829268292683	-0.5621468212092957

S5S5.txt	1.4196394686907	-2.626746849371051	0.001228626868705729	-0.21747653677311546	-0.022662117695564084	0.20629485458221714	32.99146341463415	-2.3579066364279027

S5S6.txt	1.23651546783071	-2.7019919149084806	-0.29300450420535806	-0.8280177909890605	-0.01593627512388595	0.21407129455909946	64.20365853658537	-0.3085364422244134

S5S7.txt	0.244065225635192	2.815304135135416	-0.06976682982773219	0.06540214351672591	-0.026507018732076774	0.07280232699268822	114.24634146341464	0.3738147193907579

S5S8.txt	-1.5428326670474	1.0926653164268214	-0.022727364816814505	0.2796978510638863	0.027413929655761754	-0.14108818011257038	191.86219512195123	1.5155411484256784

S5S9.txt	-1.67022595099628	-1.010934564257872	-0.06450735266269417	0.22721788209535326	-0.04034462532928843	-0.22889305816135086	182.59146341463415	1.6562377881081936

S6.txt	1.28085272833953	-0.8320549812094786	-0.04762733011454043	-0.4774820895476379	-0.07692803091345714	-0.09697688272062613	99.6927453769559	-1.2610859430583106

S6S1.txt	1.64091858037578	1.5228094671472232	0.09308334136179622	-0.12419481282525335	0.06058075712844034	0.25343655400542847	34.03170731707317	-0.454810031946483

S6S10.txt	1.35232813844536	0.9062604009024221	0.1992380572255097	0.05597232331352786	0.18406068886702912	0.32086029023609725	71.47804878048781	-0.6027149758034687

S6S11.txt	-0.417224880382775	1.2233579806736516	-0.1282046609417547	-0.04348138061130641	0.03685811062101308	0.005870445344129554	124.97051282051282	2.985791174163278

S6S12.txt	1.6712756889857	1.6164486169745724	0.09540695243871378	-0.11898333398298	0.02935709230020958	0.17410881801125708	12.167073170731708	-2.0356374274621225

S6S13.txt	-0.489784172661871	1.0191924864437487	-0.1040066978424107	0.046965217768655476	0.03777606528952833	-0.010020750050790745	134.16153846153847	0.846328805497384

S6S14.txt	1.78184743516941	1.6055459206074971	0.04585015966429304	-0.24566727324420407	0.06894102807706234	0.20228936366673847	-10.542682926829269	-2.0407964601547977

S6S15.txt	1.55874761648915	-2.963137173938157	0.3110437276926715	0.7425135637082626	0.0715025141131039	0.013508442776735461	83.9609756097561	-0.16672506530921538

S6S16.txt	1.58221588207323	1.0752834000254683	0.12484988738439176	-0.04023338164089352	0.15112082566418467	0.34134867219713994	-26.444831591173056	-2.276877372249269

S6S17.txt	1.47236133421525	1.2580711149411392	-0.015897382119623604	-0.33052268911421273	0.028094526759749855	0.14320557491289201	87.99186991869918	-0.1188249337008118

S6S18.txt	1.26496863714123	1.3683484789154319	0.15879613048826388	0.06697816793436173	0.11196416297190628	0.3103463371377537	0.06387921022067364	-1.3719784701055944

S6S2.txt	-1.44653967646214	0.8928273398104367	0.3566857553699659	1.0194455325603506	0.09495594571547071	0.13715269008910566	139.12435897435898	0.8010873278750087

S6S20.txt	1.66349629066007	1.3174018192658101	0.08789056073064141	-0.10004332620287837	0.060578007384423635	0.23593977229389546	104.27682926829269	0.9743716688778619

S6S21.txt	1.49505609431451	1.0873638932978924	0.23854071571593538	0.1609470270591925	0.17060785567280556	0.27862470127748284	66.41707317073171	-0.938588160180838

S6S22.txt	1.56593041994502	1.322029441295764	0.057401735911831286	-0.2163345047351023	0.08448807775552589	0.24400017445506447	-7.619047619047619	-1.0511910791183998

S6S23.txt	1.65988454622883	-2.544186129726218	0.08966805466126465	-0.22968495784690507	0.07884916091141053	0.315780304319746	60.67479674796748	-2.058320445890561

S6S24.txt	1.49644919988637	1.4251602178047942	0.08620441516692146	-0.3693798152907347	0.09040427223503938	0.28563961872122684	32.47735191637631	-1.3815240822756027

S6S25.txt	1.47638506129431	-2.462035246138294	0.005863036448985837	-0.41204631681489695	0.0210293512911923	0.2788144041331646	35.73519163763066	-1.1847385189303934

S6S26.txt	1.55869792160957	1.0906319605959758	0.14693070494110794	0.03848372503279218	0.13560072227273676	0.3498257839721255	-14.009291521486643	-1.2003437999225157

S6S27.txt	1.69504155918601	-1.1097527324129055	0.2826974646722954	0.7056334309454606	0.08017720977802195	0.28989586392707034	20.720731707317075	-2.2980179722660767

S6S28.txt	-0.25650379187866	-1.4994841949206155	0.05263946702808134	0.44723232913561933	0.08906136539810332	0.09019131537248709	160.55897435897435	1.8658715215167634

S6S29.txt	1.65709411430196	-0.8236051624923914	0.028610034049449007	-0.2776598375711958	0.05750283586755729	0.1769313759627383	26.975609756097562	-1.5001410127197827

S6S3.txt	1.52602818521714	2.4914738717063774	0.04121214180599622	0.44206189135535545	0.10278265098344362	0.16842105263157894	175.99487179487178	1.948646546148677

S6S30.txt	1.92670107033639	0.9930338196507995	0.07638478986333039	-0.08819220841230058	0.09165354365358985	0.1809054706117979	119.71219512195123	-0.034541814970580974

S6S4.txt	1.48255869213953	1.4506440556909657	0.06396839383816488	-0.1614248170265169	0.05855170820716802	0.2798031275793171	-13.75609756097561	-1.5739035322442678

S6S5.txt	1.58904502437625	2.369194060302008	0.07887637443153442	0.5358670319536664	0.16000672888272807	0.1876518218623482	244.52692307692308	2.17634229677

S6S6.txt	1.60714963019154	0.8735028124023078	0.33350546308000495	0.9183396267435395	0.12425999936210241	0.23449477351916376	142.32404181184668	1.3523997917472532

S6S7.txt	1.45366777094179	1.4018755078947938	0.04278683223625249	-0.15083103430512457	0.09140712560092401	0.32267619253027846	52.85946573751452	-0.4779824837481256

S6S8.txt	1.4398700926545	-2.7047568245152322	0.0935885746818314	-0.035630559507058956	0.09753833376513907	0.1960600375234522	154.01951219512196	1.0237529001750687

S6S9.txt	1.27466666666667	1.2027897245831374	0.20187508297311324	0.07472912140515797	0.20217381856148106	0.3428410643962256	-40.079268292682926	-2.991954896355969

S7.txt	0.233603395061728	-0.8851985090034412	-0.3130838585328496	-0.9908910528242627	-0.05528335849264283	-0.0036437246963562757	102.5923076923077	-0.6237084328909094

S7S1.txt	0.373650312559197	-0.9703296956460741	-0.36057856841659586	-0.9930356434421683	-0.0982738015056996	-0.002631578947368421	1.985897435897436	-3.9443446020991115

S7S10.txt	1.59965863834629	-1.0352583737353238	-0.06299519324458233	0.06650332648780183	-0.025172183787384013	0.1924283844254747	28.987179487179485	-1.0208215800703533

S7S11.txt	1.61034023949819	-0.9819054985587468	-0.028256483138392408	0.11814050855056096	0.0014319633484376273	0.1404858299595142	61.88974358974359	-0.7692625579154011

S7S12.txt	1.6452776459421	-1.056476330434696	0.05033351955422513	-0.11007325397660667	-0.01852318097237711	0.08532820497794544	32.37307692307692	-2.1093488619178102

S7S13.txt	1.55832154644036	-0.9050483496061654	0.019110619086644687	-0.2569424694943588	-0.012973776769893385	0.09818310655825274	44.02051282051282	-1.2730807947428164

S7S14.txt	1.60469331298292	1.222364249927591	-0.31539099157320394	-0.8349627876007928	-0.08646407972086943	0.11994534151704073	50.89871794871795	-1.1855250364018293

S7S15.txt	1.54661016949153	-0.868044322357197	0.032667076044570476	-0.2509719058726294	-0.006921832221718306	0.06437246963562754	63.33076923076923	-0.5550603639925696

S7S16.txt	1.56235827664399	-0.8856225974509481	-0.1759392604061468	-0.1442057169533011	-0.09922795750514868	-0.006477732793522267	68.43717948717949	-0.16249856556200443

S7S17.txt	1.67264616552771	1.1654139480561128	-0.04797048002809065	0.1210940023629295	-0.007232618173809921	0.18502960699843918	81.4525641025641	-0.8165302654820107

S7S18.txt	-0.347026416461537	0.9547833796812113	-0.02628193626196418	0.2382282036654274	0.06812812278117314	-0.0022267206477732796	126.17179487179487	1.0654514082925801

S7S19.txt	0.38255225732557	-1.3066921094881212	-0.056281050263153554	0.08331233500902102	-0.012562895990049772	0.20506072874493927	50.72692307692308	-1.8282908943056682

S7S2.txt	0.45428598610979	-3.005855354160328	-0.042377505840739016	0.09731215416850403	-0.04888780220137136	0.04129554655870445	38.684615384615384	-1.0776648739703893

S7S20.txt	-0.320715775139368	1.2306012646479243	0.3529565399761121	0.9508006589401652	0.10560918002883388	0.009109311740890687	123.01153846153846	0.9656391726596728

S7S21.txt	1.61497466691687	1.0560578852565534	0.014218442033983564	-0.32248143455835965	0.0012233034692685774	-0.03345093430587103	61.469221835075494	-0.6205706541538589

S7S22.txt	0.345009596928983	-1.2771041875836304	-0.11478837392181501	0.04255281026314328	-0.09740751977725065	-0.2676113360323887	118.85384615384615	0.9276167862140055

S7S23.txt	1.61419367246851	-1.4587701978947685	-0.1286204354077169	-0.05349567501389385	-0.16454212820257852	-0.17874493927125507	115.86794871794872	0.4962819099212185

S7S24.txt	1.34187296104395	3.0760042623564576	-0.04299434426307394	0.1969951402486093	0.02428676854778504	-0.027125506072874495	115.25	2.0913563159707387

S7S25.txt	1.6571455505279	-0.9274047709052393	0.11068104830512498	0.03526665710311955	0.06941431994172671	0.15246001527319297	78.62435897435897	-0.8103946842987909

S7S26.txt	1.42756964457253	-1.6016458325687009	-0.014833905368877187	0.42502322717977453	0.03832172925864433	-0.09028340080971661	217.59615384615384	3.6928500225782135

S7S27.txt	1.64519817073171	0.9521287916507635	-0.08046103900463843	0.0029747944588817132	-0.01862320221429016	0.088162356507462	86.82307692307693	-0.8504544013992386

S7S28.txt	1.51384702336096	1.2895991191078648	0.2742731439417444	0.7100570998121394	-0.015390489772979417	0.10951971267631905	33.67179487179487	-1.2652475820607452

S7S29.txt	-0.369187480970529	-0.9398150819969566	0.38088020008887763	1.0160978457197687	0.08545144072432706	0.09575383381866712	119.40512820512821	-1.0489065484581257

S7S3.txt	0.406226343679031	-1.0183715650161906	0.05263674216526766	-0.11290001746996836	-0.029019086841263822	0.10000000000000002	19.132926829268293	-1.8364315866748315

S7S30.txt	-1.45124760076775	-2.6262168340209304	-0.019093223140131815	-0.440559869127395	-0.09022125422758359	0.06417004048582996	20.78974358974359	-2.8507997744490505

S7S4.txt	1.42913869717311	-0.8936023496080696	-0.01626458974265438	-0.295354802375612	-0.05892465612837618	0.16604127579737338	24.130487804878047	-1.339752454585591

S7S5.txt	0.210167865707434	-1.1998607914262398	-0.07583817094500184	0.1752267544799494	-0.05986852120958586	0.01882686373178867	129.96025641025642	1.1589708027923957

S7S6.txt	1.47462026533359	2.7027384611793215	-0.08516518610805662	0.05971974288076565	0.019586872861723753	0.09716599190283401	89.36538461538461	0.5808160117656261

S7S7.txt	-1.44241745345922	1.2043491370395683	0.3175261151925365	0.8619004403512389	-0.005841882645486962	-0.10225140712945593	75.67439024390244	0.486920539175454

S7S8.txt	1.67321137822048	-2.7565356562673076	-0.03658196761131394	0.19685791904281197	-0.008794187658921211	0.06862348178137652	46.48205128205128	-0.48649795825060715

S7S9.txt	0.369956431142262	-1.0541285473595723	-0.3162832951892364	-0.855401794207582	-0.06234375793418732	0.04838056680161943	-14.301282051282051	-1.3437332225419198

S8.txt	1.18725651180012	-0.9179356734926583	-0.3582715374774426	-1.1417500806940204	-0.06396344237619267	-0.03906882591093117	79.93076923076923	-1.5390808837069627

S8S1.txt	-0.388392437211927	-1.1492415525922959	-0.3573318620568393	-0.91517613707209	0.005311231711559401	-0.022988506379611248	186.69024390243902	2.3062858767974825

S8S10.txt	-0.463722992735164	-1.1687425516455558	-0.035811371643017426	0.17207376014006898	-0.023073681149481502	-0.2792944941459186	140.30975609756098	0.7462465779515275

S8S11.txt	-0.343969967151572	-0.9187145302490871	-0.15989922320039246	0.06662877264850409	-0.08678797182802163	-0.22146715791861404	168.56678281068525	0.9581509789289325

S8S12.txt	-1.49596016535137	-1.4429779308289052	-0.08968257733886587	0.1497992999823356	-0.06000882193565776	-0.21690840213963244	178.99419279907085	2.6036531024085745

S8S13.txt	-1.51987536587669	-1.168578693419098	-0.09963504663551734	0.11480251538469582	-0.06549001607809792	-0.20235470729142446	161.8560975609756	0.8020357846586682

S8S14.txt	-0.430634201585504	-0.9716601387207227	-0.11411346683105233	0.019211429165896687	-0.08408311243736921	-0.29599303135888505	152.5574912891986	0.17339235934801497

S8S15.txt	-1.62848297213622	-1.450777566854974	-0.003010466333432965	0.35568011598609456	0.038178315465747625	-0.08865747294857007	181.6621951219512	3.107959184286106

S8S16.txt	-1.51030440536964	-1.1285724013704455	-0.04247953883978253	0.1939889288239331	-0.052819381981003145	-0.33821184124824877	119.18780487804878	1.3894577675947235

S8S17.txt	1.69833301761697	2.6070351887970395	0.27863337279294936	0.7777288472425155	0.030285696375095757	-0.1740313357879338	141.7341463414634	1.710535251567662

S8S18.txt	-1.58141074130106	-1.1964804207995292	-0.07453822516241551	0.07001811623911541	-0.08111707089089076	-0.22271213496051998	147.54268292682926	-0.1529690416178683

S8S19.txt	-1.48969799604855	-1.0724401500068919	0.3008211662863838	0.7416661195175944	-0.05761632942478062	-0.2696060037523453	65.48170731707317	-1.3302727824212428

S8S2.txt	-0.416	-1.1484568377711002	-0.3422197723362519	-0.8773492667399894	-0.036618383248648995	-0.17649621114102165	110.5876887340302	0.4108819938286668

S8S20.txt	1.56712897443155	-0.5791838021034814	0.042250570170359714	-0.12791902148021828	0.022907165477439463	0.08866396761133602	98.33589743589744	-1.0780859253384487

S8S21.txt	0.391180923542771	-2.6287882018169175	0.018167301621286824	-0.1705250152463028	-0.024437464728599	0.1630393996247655	103.32560975609756	1.1670602247314068

S8S22.txt	-0.383938706015891	2.6963356416775	0.3565868465930371	1.0053805587821492	0.1361500252951085	0.01106941838649156	203.00243902439024	2.3385243536663984

S8S23.txt	-0.423095080728921	2.962950630361373	-0.35703582978414783	-0.872671585190213	-0.11936894536422518	-0.11873070514724791	117.60641025641026	0.023814492851930335

S8S24.txt	0.239822423727213	-0.9306143700558087	-0.022925032380276544	0.24070857682902747	0.0175665784546138	-0.06436479753032587	176.24268292682927	2.9246599725238775

S8S25.txt	-1.75427330248371	2.7082380754210846	0.020698702822220305	0.4144269018409686	0.058526369157732606	0.038275716539128965	131.2780487804878	0.827757292331517

S8S26.txt	-0.40533208606174	-1.1722973944943302	-0.18883682266384083	-0.11318863403297047	-0.13978158040094166	-0.029442508710801403	157.6991869918699	2.242921206100821

S8S27.txt	-1.57919577119124	2.5720594999638133	-0.01689594952555684	0.3878696538850887	0.04244252110345903	-0.03461700834053576	216.4780487804878	1.9394102764615022

S8S28.txt	0.126129518072289	2.590469977830567	0.3579512369112824	1.0360383631378576	0.07450917783743838	0.10395142113506374	146.28205128205127	1.6660312947512423

S8S29.txt	-1.70543365665317	2.436050687668611	0.32820586311770406	0.9488127858563655	0.05951885535810705	-0.08377503644471118	197.9	1.3819139717382514

S8S3.txt	-1.50964705882353	-1.3504410876559931	-0.09077375565685364	0.06495324286704507	-0.03489864205763232	-0.07327141415114627	190.69390243902438	2.1016201476212464

S8S30.txt	0.264062353272608	2.422155539509598	0.10046711690297158	0.5219998973010385	0.08326299919432806	-0.09945580959496418	216.95365853658538	1.7495222768099683

S8S4.txt	-0.350928456970497	-0.9110530636564818	-0.043736191448923045	0.2380054406813874	0.021390201355222065	-0.04953095684803002	168.95975609756098	1.6163985822664204

S8S5.txt	-0.333270588235294	-0.8321691145381006	-0.3017396099931017	-0.737303898609147	-0.024166832526070214	-0.05694450965502765	69.89146341463415	-0.22923548990821016

S8S6.txt	-0.439268200678989	1.0088724114519623	0.39293071979471816	0.9088533509117345	0.08201439031219152	0.034618632294203554	83.40121951219513	-0.26664677793384284

S8S7.txt	-0.470112781954887	-1.0805381267821037	-0.12212137871851453	-0.01821051460921136	-0.0014049265054002988	-0.05441155782523235	158.8439024390244	1.1989676388655546

S8S8.txt	-1.66543735224586	-1.0540446946111621	0.002512551820376102	0.43617001720956194	-0.003448644438825201	-0.2369660883158041	214.7212543554007	3.355319044253012

S8S9.txt	-0.457333083270818	1.0940362286663416	-0.08708307158540299	0.061436864350249254	0.013812953866808798	-0.0566710462220362	158.43658536585366	1.1001912659958781

S9.txt	1.47235551846443	-0.8069846661778453	-0.3484679545075717	-0.9581334188979698	-0.06260183770963527	-0.09678249678249677	121.33783783783784	-0.5117667152402399

S9S1.txt	0.192662259055778	2.4251481832339947	0.07266903902099525	0.5239546832698805	0.04080004532492795	-0.05159041884084672	188.3252032520325	1.3081547131974205

S9S10.txt	1.63664421997755	-0.9189734354909702	-0.39190162541932305	-0.9194483376886702	-0.13100421777780363	-0.043160068314795776	86.47317073170731	-1.0452399002951795

S9S11.txt	-1.57843229509739	0.7716727488909518	0.06176531105709998	-0.07848819779835947	-0.025538500437275125	-0.07018202412927661	123.25975609756098	0.048947793027937336

S9S12.txt	-0.280866222930533	-0.7082326915468558	-0.44504058530985047	-1.1800956648137637	-0.17019046676513527	-0.017832005717481357	67.57073170731708	-0.36524732912256475

S9S13.txt	-0.399148778682457	2.647114963064685	-0.02991689602888939	0.2282653637125837	0.04092918727714898	-0.007317073170731709	184.68536585365854	2.253291139232335

S9S14.txt	1.42209765588808	-1.0792254434409032	-0.09678104831676246	0.12663312272816846	0.05382407698413113	0.17169737374185368	179.24622531939605	1.1738464037896135

S9S15.txt	-0.27821618645623	2.7404526806872607	-0.03845266715556414	0.1683099614037814	0.051043233413007164	0.06328498500931853	175.80066445182723	3.999489157967487

S9S16.txt	-0.0769373034954689	2.655026948379595	0.25613623427583293	0.7316856391705225	0.0884060341515932	0.19128476966491162	139.9219512195122	2.484649199528594

S9S17.txt	1.63459579590703	-1.153281638168322	-0.050854680245314726	0.28211809406955607	0.07337331077663053	0.1135297449150063	187.3329268292683	2.6616157011289987

S9S18.txt	-0.325291181364393	2.6420754387641647	0.057528285420773484	0.4853223911648502	0.09731334126925018	-0.02852317558195199	186.37682926829268	2.6696622677805197

S9S19.txt	-0.452119747117888	2.6343576811622786	-0.07166081236045047	0.13415473547879336	0.017933114776516004	-0.14411709767723113	168.2841463414634	1.0837037812005814

S9S2.txt	0.155994358251058	-0.9102206647001898	-0.31450175492827026	-0.7315156513648755	-0.026589422031344255	-0.015482055316881044	116.6	-0.40995022489209054

S9S20.txt	-0.43996657071223	2.572074559796194	-0.0643668865258899	0.21771526735087832	0.011473878873541218	-0.04691311773347367	169.13658536585365	1.5254197553556743

S9S21.txt	-0.439781360014823	2.5522258848791664	-0.05025746101651013	0.2392892485204688	0.08214208225409102	0.012757973733583493	213.51341463414633	2.040485576124931

S9S22.txt	-1.4940902745463	2.5897043604128323	-0.026837318258633558	0.29019591732614636	0.023890155678964953	-0.05816407905455872	174.7951219512195	1.8856306738927378

S9S23.txt	-1.49438619281804	2.5225967540100367	-0.07824628319280874	0.1431691220964234	0.029690950383325438	-0.004355400696864112	187.3205574912892	2.5086972362759887

S9S24.txt	-0.375370096225018	2.7160143254391187	0.016753538768417453	0.3690313262412708	0.07615636995620288	-0.01557223264540338	171.81585365853658	1.7846002719174154

S9S25.txt	0.200111565637784	-0.7171004640647606	-0.3589912100697251	-0.9269384696832692	0.025152433000952698	0.06313913152845253	206.25365853658536	4.082484924583072

S9S26.txt	-0.253955037468776	2.56598577285474	0.37568793797015687	1.0210215150705846	0.10375331384321651	0.10084900803814616	192.64634146341464	1.780456791388625

S9S27.txt	-0.232813080639168	2.5133443104421915	-0.00470698216753157	0.31428941272203614	0.044502618460679995	0.027954971857410884	189.58170731707318	3.067538687229521

S9S29.txt	-0.0470991024336079	2.688822127288775	0.01628868089322913	0.2691540043054908	0.06851117746996346	0.12843003907369496	140.0	0.00396155338351097

S9S3.txt	-1.76432401919277	-1.0763461844582858	-0.14781008376942606	0.05447555896697798	-0.06324931669200738	-0.24326609905111404	189.95365853658538	1.1902524355342028

S9S30.txt	-0.0676677790137189	2.7697047029886224	0.255535874678024	0.6952551431654065	0.07785999576571792	0.22945590994371484	139.3890243902439	0.32284641026587446

S9S4.txt	-1.56367392937641	-0.9644846098316378	-0.13726901947334227	0.010790515236306919	-0.11958273818550771	-0.26372597929538216	205.74878048780488	2.0870709374001626

S9S5.txt	1.61004403635342	-0.6157207535403241	-0.4560219910514486	-1.0387957636170373	-0.295145938904951	-0.27712369278575233	32.81951219512195	-2.150807635778579

S9S6.txt	0.0397305137082437	2.639138307832295	0.052616358339996366	0.49211115560433893	0.11322275147094218	0.0022518296512067364	204.19878048780487	2.3955171124646277

S9S7.txt	-1.62880782248966	2.734908894821098	-0.19033876272585415	-0.16220953170654162	-0.13052192049440403	-0.3066891841998683	162.30975609756098	1.1383218218271753

S9S8.txt	-0.156691954668915	-1.1392873536904218	-0.13906018429259695	0.07286892900347519	-0.10701288532204567	-0.038656409012382306	113.1109756097561	0.20391141887997652

S9S9.txt	0.0764976094497047	-0.6186497973957733	-0.21371874212671682	-0.22359993554981106	-0.2352795244852872	-0.16557999924402603	45.46219512195122	-1.0524222412315514

