	SScmap	SSfisher	SSlincs	SSlincs_Norm	SSpearson_corr	SSspearman_corr	SSzhang	SSzhang_Norm
S1.txt	-0.127052896725441	-2.653755296807845	0.09766761966882526	-0.11549468656825068	-0.03118512827309413	-0.19011455943306205	-157.21471471471472	-0.3777108703154327

S10.txt	1.46451266956452	-2.796757845046938	0.20315568475345927	0.04058848628852352	0.21703043530477364	0.15462855799590589	-107.26426426426427	0.929457230889692

S10S1.txt	-0.231371087928465	-0.0985812039740058	-0.5226644849458149	-1.254327459320702	-0.07703074395031526	0.09509207076181744	-168.88394062078274	-1.004992475072689

S10S10.txt	-1.44207374134381	-2.3650340733573536	-0.4916533771503879	-1.2888370071128548	-0.25796645832484394	-0.21088967306048223	-283.69500674763833	-5.299514877813367

S10S11.txt	-1.30620844648375	-0.08960368979856431	-0.545523929153156	-1.2564809650722313	-0.25343180267350257	-0.05989270255805086	-151.24831309041835	-1.0211462636697877

S10S12.txt	-0.0478886310904872	-2.4576099227967405	0.11709934709075256	-0.16169006812485054	-0.02176281114103696	-0.05222818851954344	-189.6234817813765	-1.4885392848551249

S10S13.txt	-0.11217139114978	-0.14642164348924444	-0.63538547733924	-1.5377688128963705	-0.11904560147586771	0.021910615382907242	-163.417004048583	-1.313212294475751

S10S14.txt	0.202738965485334	0.39663560145694693	0.5835755127032911	1.2436687466381424	0.2977356335436774	0.21465710978426555	-93.72874493927125	1.1269896058585571

S10S15.txt	0.0965669647445782	0.3419895931083429	0.5655493843006134	1.3562992905357156	0.27044879705755953	0.20590006298021596	-75.78542510121457	0.9474952022116705

S10S16.txt	0.120536673728163	0.7389969847274922	0.21535522276427238	-0.02779872269330419	0.2023572091457762	0.2934544676073048	-170.16734143049933	-1.2095103053480547

S10S17.txt	0.198688342878256	0.28080703717995315	0.5642075329526403	1.3085127207642155	0.28466392617185005	0.19395796963824843	-94.527665317139	1.011264906038936

S10S18.txt	0.199630996309963	0.15914556254611484	0.4448586691706651	1.0441786444285754	0.2610977585241363	0.2999726406679718	-119.17408906882591	-0.01641488246430608

S10S19.txt	0.228429660939079	0.026961684882096562	0.5356694763070258	1.3031739504150135	0.29789363392508966	0.2541593710496686	-127.13225371120107	-0.013862904255856477

S10S2.txt	0.151884112266242	2.757472648771368	0.21686745634430618	0.21697121096322808	0.012225309037585643	-0.07728093804573762	-82.17543859649123	0.4473088037563028

S10S20.txt	-0.0793050817942492	0.15416238241346628	0.5439094000386262	1.272105826478103	0.18885770334181645	0.1313485121703714	-70.1255060728745	2.3106153760349586

S10S21.txt	-0.0157099822131747	0.2625900005559729	0.4374596121718439	1.0074156383947253	0.1971486184521559	0.16561218829737448	-95.67948717948718	0.21550768423787262

S10S22.txt	0.0212892203500803	0.7118722127695865	0.1858020855944248	0.07096745180713682	0.08211096659825284	0.17978760073184552	-193.37516869095816	-1.0006450983500044

S10S23.txt	-0.0740843336411203	0.27643070299749334	0.21078067916583504	0.16059826226144625	0.19144777282046824	0.24432160583298354	-120.81781376518218	0.4580579105065148

S10S24.txt	-0.0788679477703867	0.08269852488385607	0.536488706545523	1.1688532073897908	0.20395042165560365	0.1453669769472232	-76.12955465587045	1.4204065393256629

S10S25.txt	0.132145165758611	2.522028135388986	0.4524047847757097	1.0909843084130384	0.22948556270344728	0.2503967172011381	-141.11605937921726	-0.771928052649955

S10S26.txt	0.194117647058824	0.6101031536651931	0.2774257672878979	0.6814679405467617	0.12542126875883736	0.2704864102265187	-118.58076923076923	-1.5528540903583314

S10S27.txt	0.0996877054569362	-2.8254057540938216	0.022098361578304304	-0.19798181563368056	0.06838397494705602	0.23287371555505038	-99.94331983805668	0.12008069273381768

S10S28.txt	-1.07717340771734	-2.658132942462317	-0.4183503013982199	-0.9963027500516914	-0.249748985902905	-0.2846355893602848	-209.5748987854251	-3.396555583084448

S10S29.txt	-0.222781037533762	-2.4166715428536514	-0.5261468903868237	-1.2093549706747715	-0.21300531066887884	-0.09050120430640352	-220.57085020242914	-2.7277283181963976

S10S3.txt	0.173291524485843	2.673514000238026	-0.044131109438937055	0.2298956540710425	0.1208560372646088	0.3293937423969463	-103.95816464237517	0.08301539595723685

S10S30.txt	0.0500690417011875	-2.684701974077449	0.04300854515676264	-0.28997471623187093	-0.18966776108298233	-0.30900071030094534	-47.947435897435895	-0.5496337432631229

S10S4.txt	0.063348087193234	-2.429585800459662	0.04514660432059797	-0.33486088561253424	-0.11143210700866356	-0.0007668715384017535	-189.43049932523616	-3.1262533946422515

S10S5.txt	0.0315985130111525	-2.3880445998188833	-0.03690841980907553	-0.4335271550522764	0.029876607076235052	0.14317771524621078	-171.15654520917678	-2.1847147893171908

S10S6.txt	-0.370366916389485	-2.706219638988392	-0.5795905385468854	-1.3374454382305918	-0.3499559686006619	-0.09466484282298271	-234.27935222672065	-3.1300690053541347

S10S7.txt	0.0614002593072791	-2.6591971551069937	-0.28587527320055706	-0.8154041187976537	0.053555942106755836	0.2718914201926688	-140.91767881241566	-0.0771394798681635

S10S8.txt	0.238957885890373	-2.5590915186113623	0.004581823488364223	-0.36336926518510015	-0.07652720827765945	-0.0022985989629814995	-123.94466936572199	-0.3674153435046122

S10S9.txt	1.09172717681375	-2.545880574249551	0.12675023644850889	-0.0512702626880005	0.09631453288573703	0.22500684028214157	-133.52226720647772	-0.6349448530412733

S11.txt	0.119097006153634	0.9316806090159356	0.14102905823395834	-0.08330094690471301	0.17822265818354485	-0.00012871669562157214	-125.62462462462463	0.41733680220921127

S11S1.txt	-0.167137210615471	-0.20904410958114822	-0.33895839685777807	-0.36308246113797327	-0.2209561615648411	0.13898008400136935	-108.60053981106613	0.22960850973136004

S11S10.txt	0.130487919526182	-0.46656059515455117	-0.30922460051363587	-0.8502435893771243	0.03690459564114264	0.36813307289811537	-126.78947368421052	-0.22440851908097445

S11S11.txt	0.196403484124754	-0.5377493533116428	-0.25101832411619684	-0.6153214131962623	0.08463067732359598	0.35850295684132755	-85.71794871794872	1.368846037898413

S11S12.txt	0.0445031114463511	-0.3321898039276896	-0.5518974335017663	-1.2830950936776024	-0.11040711796942818	0.24414532866697244	-103.84615384615384	-0.3698189403847224

S11S13.txt	-1.39931627128859	-2.60172012372092	-0.49143134711032055	-1.1840688329869644	-0.31065948094074813	-0.36474135279284586	-180.97300944669365	-1.5479855345247548

S11S14.txt	0.0273681999579922	-0.4249350776747687	-0.47663675660344157	-1.0056739317400911	-0.08901481809083144	0.19732953923607308	-101.39001349527665	0.41399927506578027

S11S15.txt	0.0176675124518372	-0.22903910145423034	-0.5030295111192822	-1.1098311988852083	-0.08683087694633206	0.35149923607275463	-146.4251012145749	-0.7419094300476707

S11S16.txt	0.159340144343425	-0.6404100533112826	-0.1459163260773716	-0.13006122083135702	0.046689890976587725	0.37207266583043763	-122.44669365721997	0.312562149701555

S11S17.txt	0.124294316898758	-0.3447984706817971	-0.42472157190350407	-1.1263879830482368	-0.01447292140531753	0.3292843092599373	-152.42105263157896	-0.4941675811667463

S11S18.txt	0.222983757393672	-0.5267535960618007	-0.3150133741188268	-0.8287667798626737	0.059317906206714704	0.32202276900436055	-101.4089068825911	0.039941873364230294

S11S19.txt	-0.0939906103286385	-0.0969875747228427	-0.5828345376528765	-1.3267358783150343	-0.22772396630329145	0.05832786202577155	-155.02968960863697	-0.13944690246163866

S11S2.txt	0.150925576123914	-0.2725423162762198	-0.4274957225422541	-1.025253124956501	-0.03853889103885541	0.2659370729015584	-122.21457489878543	-0.11104624015337015

S11S20.txt	0.0213187435147628	-0.4843697687557118	-0.36703612271856084	-0.8327563222019405	-0.04074635667544235	0.293280807183992	-128.43589743589743	-0.40329523249208904

S11S21.txt	-0.207467318724725	-0.027209563691897698	-0.6145612969975398	-1.3563335525242934	-0.2505833626697035	-0.035683012472950894	-161.29689608636977	-0.6716536289188434

S11S22.txt	-1.40448379804069	-0.06782431994619031	-0.5294232795870661	-1.1627508678535254	-0.2700954543680189	-0.01072444742687732	-140.85290148448044	-0.5851597225886118

S11S23.txt	0.0713082537900056	-2.742047773104951	-0.0759736267559205	0.06177645643179658	0.06978515030777603	0.14829001390189778	-87.8272604588394	1.1527908400355293

S11S24.txt	-1.47427230046948	-0.01356354663920728	-0.5582312461321464	-1.3104340969712074	-0.2913790931609983	-0.0921628727062106	-153.5438596491228	-0.07239875410306432

S11S25.txt	0.251270468661773	-0.33175323436300475	-0.3276436917670024	-0.8239856839514147	0.06520871019227516	0.36528781133588256	-137.71524966261808	-0.3544080721156412

S11S26.txt	-1.65133559066968	-0.06694323334609925	-0.6002302539059936	-1.3160090821590291	-0.3540697460122524	-0.06434668456126393	-199.85425101214574	-1.2786680561121793

S11S27.txt	0.147720877884074	-0.7345107765637007	-0.3514461442885763	-0.9597855883810711	0.0647198890964017	0.37986320166309023	-118.15114709851552	0.050555680818809366

S11S28.txt	0.190123688155922	-0.6180521055732733	-0.3334343878552722	-0.8615105918975314	0.029386015040069352	0.362850264870651	-144.1821862348178	-0.1250365298818696

S11S29.txt	0.162932981927711	-2.6595828946061655	-0.3999645199362951	-1.0011101367156592	0.0313998050946655	0.315622435493043	-133.01754385964912	-0.3409528390742335

S11S3.txt	-1.5145500156789	-0.006119593996785022	-0.48223245931625996	-0.9802509277078267	-0.3029363060353615	-0.1384329183163246	-153.72334682860998	-0.24253550051147132

S11S30.txt	-1.53856282919488	-0.19116205012087806	-0.5394259479929908	-1.2245001086550018	-0.29969961137859125	-0.1670041042171926	-174.48987854251013	-1.593901578421511

S11S4.txt	0.00197740112994349	-0.4893668355915039	-0.4875732095819535	-1.083866902916172	-0.09381924048767512	0.3436388514036598	-124.62753036437248	-0.033354168581479576

S11S5.txt	-1.25574955411621	-0.2555500993999756	-0.5127947320655475	-1.2794287386998797	-0.14762687588889958	0.06358205965563359	-118.1	-0.5762861784197881

S11S6.txt	-0.00632314080785212	-0.019607091573676627	-0.5053356834733547	-1.1596518887218936	-0.09457808566205574	0.22871525634871018	-147.09041835357624	-0.20264907646183852

S11S7.txt	-1.32573617128147	-2.755448138424275	-0.43895365955666277	-0.9613863887714188	-0.17048283866776964	0.01335376540398776	-181.18623481781376	-0.7424320234771201

S11S8.txt	-0.170529489353684	-0.11193350830739046	-0.5702082147989771	-1.1886965134502419	-0.27842196443519396	0.07222587042590849	-145.1902834008097	-0.2603679720602528

S11S9.txt	-0.209469018202395	-0.06227970974074226	-0.5409478311888548	-1.1424551215393621	-0.19564503369271852	0.11019916896801492	-167.86909581646424	-1.9473857033959312

S12.txt	1.63697033898305	0.504529453467658	0.15748968230723884	0.174550721203946	0.25240560866551703	0.29067731387405726	-33.22063492063492	-0.20431135631992053

S12S1.txt	-1.82829618435965	-2.826302151226632	-0.43054968428523993	-0.8943412786430249	-0.2898975892628625	-0.2669828115976162	-65.0199146514936	3.04700735474952

S12S10.txt	-1.82669547247793	0.28720871084671523	0.3875298575142383	1.0231561423394617	-0.16685858883805385	-0.385892118894423	-146.4580369843528	-0.10848171669178062

S12S11.txt	-1.64727100142383	-0.45127318843236564	-0.13428061003078698	0.04140955239172872	-0.016263080778897154	0.18340249091541397	-69.92176386913229	0.45598986795269075

S12S12.txt	0.187998124706986	0.1583116827406183	0.22639062856654027	-0.05912446573441832	0.1631231124734831	0.06289244996516181	-137.92820512820512	-1.9957635590584506

S12S14.txt	-1.69336835193697	0.32998662911456683	0.408445464377901	1.0109519610194577	-0.1505893405375867	-0.420060466681526	-131.4537695590327	-0.12070469961558865

S12S15.txt	-1.3499063670412	0.508544239121811	0.40911337415584137	0.9707555702447508	-0.1333887703915035	-0.37882380839459323	-124.28449502133712	-0.5922881962839671

S12S16.txt	-1.46838891498356	0.3702648916913572	0.33562540403602426	0.9116190945677767	-0.17577014153026552	-0.3137673447887516	-128.23470839260312	-0.028564980442152683

S12S17.txt	-1.90509018793087	-0.5218300251950313	-0.12597525177864397	0.08151526135696907	-0.28215694508647293	-0.4257261440706216	-123.80938833570413	0.7910656233548011

S12S18.txt	-1.84782608695652	-0.8388415747277296	-0.12434152305670712	0.16744937890962297	-0.2608971482502572	-0.3034973346757982	-70.7724039829303	1.1480251271857003

S12S19.txt	-1.64418212478921	0.30915320104423044	0.3871902530257946	1.0312877984406479	-0.17858474445625097	-0.45551010809777676	-150.53769559032716	-1.0053379002296532

S12S2.txt	-1.62495323606435	-2.6173696396299766	-0.0028129707445838648	-0.2656451344552442	-0.2515536568296306	-0.45465323378190853	-125.69985775248934	0.12306164388302375

S12S20.txt	-0.169784445921565	2.8419142936199075	-0.2674541598723292	-0.25284222991203303	-0.08994501933718445	0.08037937223054342	-117.69985775248934	0.043632635617874324

S12S21.txt	-1.7175114775602	0.28480908916021097	0.41239334616467127	1.022898362121933	-0.13289143033619782	-0.36822762558712074	-130.3854907539118	-0.3125484318510809

S12S22.txt	-1.83679075494932	-1.1621298811265692	-0.19752038101116165	-0.12118469595617987	-0.10813426403419585	-0.1416716073974917	-74.6443812233286	1.243396485073035

S12S23.txt	-1.54636233951498	0.32484526925895635	-0.36038901094675	-0.8394456001967675	0.005804997434515555	0.1638411392663879	-93.1379800853485	-1.2548325633812023

S12S24.txt	0.276335733232285	-0.4555332155334976	-0.4738090674451416	-1.1089815602211772	-0.0716137391756844	0.004506106992431052	-100.5348506401138	-2.3852829602227055

S12S25.txt	-1.89735319229675	-0.8506145252575116	-0.19251923283307054	-0.02772880436692149	-0.14923328205473435	-0.10480142338023656	-35.69701280227596	0.40547598111275573

S12S26.txt	-1.6686156167484	-2.999676209004994	-0.05389081018264576	0.05398805699277315	-0.12580201347079206	-0.2119739196876278	-154.6330014224751	-0.30425809970955

S12S27.txt	-1.28821415058645	-0.6387958059021717	-0.39375389797402094	-0.8787524458507583	-0.19318954420573545	-0.09960595506253166	-71.57085020242916	0.40346327188358005

S12S28.txt	-1.84581206277179	0.5599396552814627	0.2896881845123716	0.7442208354108213	-0.15656429277927075	-0.3384706603513296	-93.5846372688478	0.8237162791765288

S12S29.txt	-1.36913952174732	0.2896147904129326	0.4980291650989644	1.2907581383623332	-0.05473201062256397	-0.37093717105768853	-124.14366998577525	0.136718947767966

S12S3.txt	-1.59084069964266	0.6159316734007052	0.2900588675239246	0.6959299426364983	-0.20591193578824818	-0.47729159590881526	-77.06116642958749	1.2297894845562647

S12S30.txt	-1.49174138744691	-2.684673190125144	-0.415564190461479	-0.9887982575873864	-0.140085520707121	-0.18604651190644006	-179.9068825910931	-2.846750233930866

S12S4.txt	-1.86044973544974	-0.40569392896591344	-0.0555488946644542	0.21246858088733034	-0.23497338261079262	-0.4570243067090633	-60.43385490753912	1.563528573647661

S12S5.txt	-1.62243166823751	2.658734938605987	0.3072602670039273	0.7962361538480152	-0.15706799191517876	-0.32716708400308603	-102.08534850640113	1.340411784627697

S12S6.txt	-0.3214923409454	0.3813049267023616	0.2850771845566722	0.7146066389909859	-0.12287069539852317	-0.36621221359903927	-39.0298719772404	1.3000519016601244

S12S7.txt	-1.6488112019547	-2.7023636503587745	-0.31878482459572144	-0.726498192486641	-0.2701048224672338	-0.44196799362163103	-131.86201991465148	-0.8997945979521905

S12S8.txt	-1.70430513595166	2.6389901270572156	-0.22735574007875214	-0.12110810806739136	-0.29253206260825043	-0.4493183196958106	-141.75106685633003	-0.14269736687966003

S12S9.txt	-1.8159515013735	2.8892583458651218	-0.2066564806450937	-0.06000499455396413	-0.20819178213282324	-0.20995850769954633	-171.88335704125177	-1.047997248045782

S13.txt	1.81379091197966	0.6161835644972229	0.1459920686205931	-0.11881269132688088	0.2999145315198187	0.313489287288991	-35.128571428571426	0.5832195933656305

S13S1.txt	0.0666601979429459	-0.07393148642582159	-0.5201082463674515	-1.3352770405914465	-0.15542643271358206	-0.19857735764920387	-28.576102418207682	0.5639971329140386

S13S10.txt	0.264333073322933	-0.9310755723876392	-0.13109511702293344	0.047635031363795655	0.006992837463692753	0.11850399331835851	-16.71746031746032	2.0188055197445665

S13S11.txt	-0.334189009317361	-2.716801358712656	0.09776089103984553	-0.06898558657317694	-0.11212838439867628	-0.3195125399044631	-130.13174603174602	0.5137553607051383

S13S12.txt	0.140895813047712	0.6107321095021014	-0.11840523248841392	0.061771204812121616	0.005835030087778331	0.18293878873968822	-86.54920634920634	0.1415856489566145

S13S13.txt	-0.0847706734039453	-0.5701390306871518	-0.4202830635296179	-0.8582098972193065	-0.19838566868139695	-0.0009805981672859761	-68.9095238095238	1.6749249004614883

S13S14.txt	1.35666877370417	0.8668036187418351	-0.17953388742252765	-0.07163287073371666	0.06794576636729249	0.2965401345803369	31.98253968253968	3.216966907201608

S13S15.txt	-1.63507290867229	-2.6362824352228107	-0.017228850193424766	0.29983563264767593	-0.2005183837478376	-0.35077397298344065	-155.53333333333333	0.07790699183250709

S13S16.txt	-0.145207303157094	-2.6134837441678407	0.15519780360352203	0.044742232526588765	-0.08863562573047973	-0.3291049222890686	-150.0113798008535	-0.286499553185878

S13S17.txt	-1.85521460477763	-0.26276704436964937	-0.23116673446693525	-0.09994836555568232	-0.3405511711476681	-0.3780641583525409	-165.84603174603174	-0.44420224664974145

S13S18.txt	0.102724343325847	-1.2062930333303146	-0.39045568612788123	-0.8910167586083371	-0.0347499409610971	0.33043843999764505	-75.57142857142857	0.006844098003017524

S13S19.txt	-1.52053878486817	-2.5205080804063544	-0.33858922337824643	-0.8216712201400982	-0.17154120577441787	-0.32711122554067973	-174.0990990990991	-0.9754536990266119

S13S2.txt	1.4801830752751	0.37959874849327513	-0.10778896381747294	0.024050074002068433	0.13066296832947405	0.28941654480183243	-88.02380952380952	-0.012253152297617179

S13S20.txt	-1.72348448225853	-2.404673562042655	-0.45293575658911456	-1.1310907683663167	-0.2769311880826733	-0.4233678901653124	-172.34285714285716	-0.4912678238040059

S13S21.txt	-1.72410096481824	-0.4776771283991629	-0.19971780218165583	-0.14196578816616506	-0.22635871743843877	-0.13521087424303332	-100.89206349206349	-0.027889618097963736

S13S22.txt	-0.142473633748802	2.6806788800322927	0.29630699431903956	0.7346172988610171	-0.16303938975308693	-0.31839193476670086	-145.95555555555555	-0.3336303290954621

S13S23.txt	0.135568192912233	0.5852843412438659	-0.07065616208736905	0.17582028951332396	0.08254491605845413	0.31757372074818685	-65.97460317460317	0.6538174732601254

S13S24.txt	-1.68623853211009	-2.8331258425016888	-0.23853941719241262	-0.2138275759070279	-0.26761391303967696	-0.4386075516817703	-151.22698412698412	0.7191820344489877

S13S25.txt	1.37814228865379	-0.2778239812302465	0.06625474290947925	-0.15494235210654872	0.1328270060701517	0.3037690936361619	-87.50952380952381	-2.104437896229221

S13S26.txt	0.0237139389412753	0.49912202720374366	0.16831528026278383	-0.1331717120951288	0.10254104268608326	-0.14787145840951368	-160.0597439544808	-0.892918790682847

S13S27.txt	-0.0200803212851406	0.6300057967194144	0.12839168302371298	-0.2172354763819767	0.07659027128332013	-0.13423455566926185	-156.8022759601707	-0.6491364530306183

S13S28.txt	0.153764581124072	0.09120073042311516	0.5138453947030756	1.0265882028689426	0.21201176615275372	-0.024653313030769623	-46.61904761904762	1.758021163814453

S13S29.txt	-0.0555298043941782	-2.4458039464210937	0.13086333679587234	-0.11082900931177042	-0.04963331673941033	-0.2539543573174381	-95.5910931174089	0.10986231792074193

S13S3.txt	1.6013986013986	-0.33944896974351635	-0.3617215490535373	-0.8732272196469997	0.08595492638447164	0.10104260606293412	-47.674174174174176	0.1264308861209607

S13S30.txt	0.217832133826104	0.42492469197634486	0.31333995348535293	0.9112580024444559	0.15132982239367254	0.2993416474247425	-65.96507936507936	0.10051988319603711

S13S4.txt	-0.0891858591602692	-2.7878191781301878	-0.021772268880919154	-0.3797932339787849	-0.1525235514222209	-0.32175459621488917	-150.03271692745378	-0.5033902878304773

S13S5.txt	0.0130887551351868	-0.7673587066922424	-0.3151453211258278	-0.7156088506485587	-0.11471272908161961	-0.2194619660347805	-138.27627627627626	-0.3431356836139688

S13S6.txt	1.49387993005634	0.39545713908812125	-0.13822721802826454	0.04097196448396473	0.1264081519439873	0.27456748684007337	-63.55555555555556	0.01824647437783826

S13S7.txt	0.179490610100224	-0.30903052291314226	-0.3974177828345308	-0.8610497865479525	-0.1255146204702657	-0.054633326463075824	-167.73174603174604	-1.3038927783983614

S13S8.txt	-1.21782083253405	-2.5662172680486206	-0.4512732455386235	-1.1288230729055633	-0.14759526024526204	-0.16609798803319054	-238.05855855855856	-2.5284149307341224

S13S9.txt	0.288733080144123	0.4580929588042969	-0.15434877866277338	-0.09454257040375941	0.04369913616359836	0.338842978530862	-91.14761904761905	0.45333807443645574

S14.txt	-0.00643604183427182	-2.6911549076546075	0.2379130796767176	0.27281911298363853	0.07200465003981096	-0.15420260135464342	-117.34534534534535	0.008462563647300756

S14S1.txt	0.0302233902759528	-0.9508222341702571	-0.10939103879097414	0.3595544360239953	-0.0003174449575725491	0.1988616164817598	-57.1778093883357	0.8554520243315124

S14S10.txt	0.342846378449656	-0.21955998982928746	-0.43554011184747055	-1.097298058788153	0.08803903689508097	0.3921987083777838	-188.18492176386914	-1.3362516519623575

S14S11.txt	0.431214198516293	-0.5311958123147081	-0.41519710004045624	-0.9539969768529855	0.10115516414516673	0.3360995874241749	-136.53769559032716	-1.463852863002464

S14S12.txt	1.52068218222934	-0.2845356562085934	-0.46130330369789496	-1.2020773505304132	0.08930607724815956	0.2923706211788437	-89.82361308677098	0.7280268469480705

S14S13.txt	1.66367924528302	-0.3700979847021232	-0.39611327877250946	-0.9635680367894215	0.13354046521683002	0.3219917035076046	-115.21621621621621	-1.0363093899589246

S14S14.txt	0.421816479400749	-0.5590566477987139	-0.3505520154451476	-0.904457781024417	0.1533525494383537	0.4380816890737338	-138.96301564722617	-0.5606844237091796

S14S15.txt	-0.136891828058573	-0.5351004964963736	-0.1671306797020785	0.06859482659056881	-0.1397867893031206	-0.06702254609772755	-170.21337126600284	-0.09559677508340128

S14S16.txt	0.240404613348459	-0.3894029363848252	-0.12325757820488972	0.15618092799942834	-0.00951170375020309	0.13255083312163313	-161.39829302987198	-0.2592004767089115

S14S17.txt	1.7804347826087	-2.423580395268641	0.06784750470385187	-0.18635650987239438	0.19351320851748688	0.42788547114130043	-228.15220483641536	-2.348542924629605

S14S18.txt	1.44058656575213	-0.42069991522370864	-0.19595292850110774	-0.12910694911485887	0.055070562541278276	0.21719028012736805	-92.91749644381224	0.2932808986241777

S14S19.txt	1.34140232848146	0.4312071844224692	0.49149113813011824	1.2146124140707975	0.2961861598410266	0.2156618653383279	-11.120910384068278	3.20629255996899

S14S2.txt	0.361108483874019	-0.11264420004891704	-0.4641653722916417	-1.127117813750472	0.047019429477680424	0.3477384557654292	-148.31863442389758	-0.48190871365027727

S14S20.txt	0.385380501079103	0.5769862532272324	-0.07081082838158077	0.11476154688815321	0.1723305314538822	0.4162418523620029	-81.15504978662874	0.12916651811413535

S14S21.txt	1.47424629052074	2.6722027614365	0.5483501524334258	1.2263347761333168	0.3259491314990621	0.18400616547833146	29.268847795163584	2.2890158063971335

S14S22.txt	1.46954554026023	-0.48012427265585284	-0.41210581472085034	-1.0229616026777804	0.10869226196802699	0.33730511648573	-85.84779516358464	-0.17706182827241992

S14S23.txt	1.807376662579	0.43041273759026044	0.3681765020069091	0.8063927972399392	0.28994071728192816	0.42252519561896273	-21.812233285917497	1.3937256384101748

S14S24.txt	1.47264715140069	-0.620127876070134	-0.046234438968935976	0.2011670258321679	0.16288844185003037	0.284884412197634	-31.03840682788051	1.1768394484765488

S14S25.txt	-1.25575874437602	-0.9993119998031207	-0.18457255199392059	-0.1640010884227987	-0.1883043444996715	-0.15838767153393216	-51.45092460881934	-0.10488241909649927

S14S26.txt	1.55396271495489	0.17977086233815767	0.24680397940824045	0.14774688677625114	0.3193456245331914	0.27067401790401463	-70.27311522048365	0.7622322931532072

S14S27.txt	0.283963420382766	-0.4916239975680089	-0.11958750309859363	0.0786258144470886	0.10607380287707716	0.3025489055049363	-114.36273115220483	-0.3743594911827518

S14S28.txt	1.94199207696661	0.0244541933171728	0.5756042701485707	1.2700364682341816	0.5136485536950147	0.3940723204931067	-33.54196301564723	0.01932946030264723

S14S29.txt	0.317357512953368	2.5832077677018352	0.29511542562562243	0.7466303857775844	0.04390168847618613	-0.04054775038246738	-86.41251778093883	0.34604905186386703

S14S3.txt	0.248370335380255	-0.8549921470616256	-0.121433171212389	0.096050173873784	0.04305031023545855	0.2866121210712066	-79.24608819345661	1.6450952850423517

S14S30.txt	1.89069284500661	0.13322777188982537	0.3534388210518372	0.8340459598345185	0.23399437770601986	0.2597510391697944	-46.005689900426745	0.4942217611191923

S14S5.txt	0.157284716348714	0.18622981297624627	0.5575799035535941	1.3941282363045642	0.1552920150611139	-0.0849045422784377	-43.59032716927454	0.9073298420810098

S14S6.txt	0.016404261336853	-0.520018764206974	-0.11987631639742685	0.2568453195613186	-0.08431725193372291	0.12965600510586942	-79.13513513513513	0.8106925655987849

S14S8.txt	0.38436971632538	-0.2921390874419517	-0.45198658434722927	-1.073365178414364	0.04464200778200553	0.3449134455774247	-144.5419630156472	-0.421230749135606

S14S9.txt	-1.17774658431593	-0.24445704065531298	-0.5925654551363068	-1.372462061879678	-0.2805777370055385	-0.3555239583290514	-81.5114709851552	0.26953653960947926

S15.txt	-0.0938256658595641	-2.6241270547091653	0.18391022507288707	0.059967845013191357	-0.0024073843919431154	-0.2467499055065538	-107.87237237237237	0.567723285667259

S15S1.txt	0.237559296809599	-0.4482558846058434	-0.41788485264645414	-1.0794348802681513	0.0173857749141344	0.30800237323739205	-149.800853485064	-0.3580611858084838

S15S10.txt	-1.76189587609629	-0.29482620530887405	-0.49614167042015705	-1.0612938451610467	-0.4572961697504218	-0.4324837019130124	-164.4352773826458	-0.03462822691759826

S15S11.txt	-1.78730366492147	-2.7297756808609472	-0.5740380988458149	-1.2769181722116882	-0.32465691714200007	-0.19359810450217904	-219.71550497866286	-2.3747050886027172

S15S12.txt	-1.43111360869158	2.787042668900954	-0.08086471167902445	0.11802512940493881	-0.14822941951396434	-0.38354377920257876	-182.80512091038406	-1.7083714558626732

S15S13.txt	-1.73394324122479	-0.8653868445156332	-0.5551463937646045	-1.29748779452327	-0.4440802694215549	-0.47385892449186146	-165.1678520625889	-0.22576999286374638

S15S14.txt	1.56973598283422	2.5520980352559435	0.586764878182067	1.3154931644994972	0.34774496506235264	0.18008298881739743	32.24893314366999	2.3332714539858497

S15S15.txt	0.0380363500093686	-0.11538792183482943	-0.2709910280530316	-0.23165517489355847	-0.15069117550513322	0.00746932243887557	-141.6927453769559	-0.5054808923002686

S15S16.txt	0.343188622754491	-0.32769789425197315	-0.4161023408744743	-0.8523305933181354	0.0509175002825418	0.276483490912029	-122.99857752489332	-0.17739528571602092

S15S17.txt	0.0508665105386418	-0.8006679886367106	-0.21857445004916998	-0.2192229717175893	-0.06438892203999763	-0.014819205794716706	-112.41394025604552	0.9981941047316087

S15S18.txt	-0.0699715740480429	-0.054110294709152906	-0.5561169590035203	-1.4337401904085347	-0.21205491414454997	0.06521996962729153	-179.72546230440966	-1.5003504756024766

S15S19.txt	0.273869346733668	0.5869402231490686	-0.17256413381684577	-0.08774082912998366	0.06570341225238643	0.3025489055049363	-106.4452347083926	0.29879103173811644

S15S2.txt	-1.51285155522444	-0.3813009068948815	-0.23271199967346728	-0.1571032161527781	-0.3153291663836939	-0.2623962335719882	-151.8321479374111	-0.04052049840240605

S15S20.txt	1.37711983509791	-0.47970507544766	-0.2009720028070755	-0.1978883216110378	0.07458171156371493	0.2993657009231875	-84.48933143669986	1.0760957741902986

S15S21.txt	0.127629733520337	-0.14738171607274325	-0.5054928895238728	-1.172538619415286	-0.08672641545388385	0.19633647553615782	-202.29160739687055	-1.1585470064980434

S15S22.txt	0.210142215568862	-0.5653846894225993	-0.1679142500085941	-0.06710638840085664	-0.005845579123294226	0.1624184955100951	-169.49928876244667	-0.8190178504709004

S15S23.txt	1.4005908173667	-2.917776843247995	0.42421428647169057	0.902630786886482	0.27669995533995123	0.17510373567037263	-21.97724039829303	1.708402669544225

S15S24.txt	0.288763106615941	-0.3606077853122522	-0.26664224205439824	-0.6575672854945503	0.11026782902297251	0.3353882655460285	-150.13371266002844	-0.8507880301314173

S15S25.txt	1.36546749109987	2.6105735195466315	0.36538284307281843	0.9891666401114985	0.06868560915871239	-0.025609105504716238	-27.704125177809388	1.4359215364777158

S15S26.txt	-1.2062213060995	2.6182933455514346	-0.06176581854270802	0.2277777570236862	-0.06380759309161675	-0.1508360024834815	-123.29018492176387	-1.137451129445466

S15S27.txt	1.41415846225973	0.47911966451168897	0.4723406451458767	1.0636622865815037	0.2718988716611583	0.15614440717458924	-43.30156472261736	1.0689185099197478

S15S28.txt	0.300550714679826	0.25176720876026604	0.47904688354662683	1.1257906601938228	0.46389040881530264	0.17451096743858394	29.425320056899004	1.2200953158764647

S15S29.txt	0.209048507462687	-0.19690658600886135	-0.16720448699768783	0.00826612978310659	-0.07018401596247009	-0.0768273165141487	-156.3541963015647	0.21549331453363318

S15S3.txt	0.122897196261682	-0.46391640923355576	-0.3975447276472046	-0.909444064049856	0.002096740042229317	0.2775999070863445	-105.66287339971551	0.9270610303594427

S15S30.txt	0.341476957245974	-0.5909970519722407	-0.11402027554256025	0.08743455951383688	0.12046016323619244	0.3519857760361112	-105.06401137980086	0.5912710938114003

S15S4.txt	0.0837696335078534	-0.3480139715390087	-0.4586431134668111	-1.038329683345757	-0.092796550917926	0.18143009732682916	-142.5149359886202	-0.006635200584787761

S15S5.txt	-1.47868518864594	-2.79871090444625	-0.24204011294792288	-0.1802263841139421	-0.17980345874896425	-0.1860106711352841	-150.15220483641536	-0.011599689195968757

S15S6.txt	-1.34534170500228	2.9482942793715976	0.32516060503753297	0.7661462950924902	0.023238420836284038	-0.09057498581730851	-92.51778093883357	2.2904495160220253

S15S7.txt	-1.47874935400517	2.577795440150579	0.3286306373869484	0.9638209671278007	-0.07185372582034451	-0.22957429308806615	-95.89331436699858	0.21442460931688168

S15S8.txt	-0.00402207464222237	-0.08859684022308462	-0.5651837220464392	-1.3039243804843055	-0.2296936982451149	-0.1298470304397895	-180.8819345661451	-0.7703046392566186

S15S9.txt	-0.0548740518775166	-0.1974550313268897	-0.5116261422101146	-1.1915654317761093	-0.22544861592366183	0.03735325533199424	-207.03840682788052	-1.3694739236252416

S16.txt	-0.0297919612199556	2.7983852845376154	0.39190590595865704	0.8854452466826191	0.05395240552685109	-0.21354099803618815	-97.87237237237237	0.10894120841050745

S16S1.txt	-0.104575163398693	0.14922567878892717	0.6047401300256663	1.4693455564313294	0.059943075231266824	-0.22716225068072368	-138.7112375533428	-0.009495250650361246

S16S10.txt	1.51559581621218	-2.7089312585989096	0.18087331921247043	0.036044934727039624	0.20529661836691826	0.23774080702837228	-33.49257759784076	1.0347410783038562

S16S11.txt	0.0920409624303545	0.3427901307965132	0.5250574255157333	1.1563225050223735	0.19737002304080525	-0.10729104995374895	-40.78520625889047	1.606411126092722

S16S12.txt	0.264650989175065	0.3709158872794758	0.2477122190043342	0.13512322020446	0.22715907723947515	-0.0013041674099624008	-70.13086770981508	-0.20324546082235068

S16S13.txt	0.31268242161755	0.3402177135482139	0.20682768597934997	0.11912211369053971	0.1888343006032065	0.15340841838690736	-57.57041251778094	0.20051893440122787

S16S14.txt	0.315662499608359	0.41344479948390034	0.46261938069295383	1.014645496575218	0.17426533345708878	-0.12851215265178328	-61.17638691322902	0.6295074408408456

S16S16.txt	0.324195804195804	0.20042086482414712	0.32455301160163047	0.2824214090785522	0.3187070078269598	-0.13491404955510092	-8.436699857752489	1.673205929009863

S16S17.txt	-1.3440401171563	0.2568504521662455	0.47885458531644076	1.0325973321834867	0.04700901182034395	-0.18669293173727255	-138.39136302294196	0.6793162098394678

S16S18.txt	0.278390332025167	0.11143995927408124	0.5228240306152293	1.1744559513100108	0.3029797475150862	0.009128630769545492	9.277382645803698	3.15655956318745

S16S19.txt	0.131972915890173	0.3906307976022502	0.19004438459113626	0.03970688935453526	0.10945717753186249	-0.11073566917317113	-95.90753911806543	0.30734048538218356

S16S2.txt	1.43898991802506	2.781286312749782	0.45145090185907905	1.0787078525432232	0.36297609610561354	0.3748666297831539	1.7311522048364154	2.0662550575216474

S16S20.txt	0.121755368814192	0.32110641339913915	0.4616748094278136	1.1094404568527332	0.1799950068909366	-0.13443983496967	-57.66998577524893	3.737715853195207

S16S21.txt	-0.0651685393258427	0.2187002625268814	0.565541004293977	1.3548544486531182	0.019897290242925136	-0.293845608611688	-58.97581792318634	1.6635485550884745

S16S22.txt	0.0493631562597081	0.4052668231792753	0.49259243950875675	1.1281749304678055	0.13051649521682238	-0.15696502777763938	-139.87624466571836	0.1475825265231418

S16S23.txt	0.161894101918353	0.7437296272137113	0.2290783467218466	0.18006305670761635	0.14992435311393965	-0.10290456503851282	-106.51351351351352	0.41483081848948966

S16S24.txt	0.0986366036212305	0.34617781198783515	0.5301623195840399	1.3219206686532505	0.12788220771975575	-0.09462824684105207	-141.2859174964438	0.11983200268324022

S16S25.txt	0.0281034803647869	0.3275269682439802	0.546011342671326	1.20849299263747	0.10681285541376698	-0.19824519800806256	-115.95732574679943	0.6109816878945533

S16S26.txt	0.182822655524605	0.5882775571812765	0.45929457135781754	1.005880420604382	0.20575136988319537	-0.08642560819478784	-47.44238975817923	1.6299982481942075

S16S27.txt	0.105277933745087	-2.691680722560244	0.2346790847976011	0.06971284638436526	-0.044319439034957914	-0.3704801448679177	-90.9402560455192	0.7726224446220513

S16S28.txt	0.133444847133166	0.5016145261598086	0.4827564166315661	1.1166088369587963	0.16428563613645247	-0.10919438041594286	-68.09815078236132	0.7480874443568836

S16S29.txt	0.169600447052249	0.24948724568151354	0.5327347832416989	1.1658355801270854	0.19447563942851548	-0.0788475219350249	-74.37837837837837	3.030615460686246

S16S3.txt	0.0884618605040609	0.9591298234485766	0.4378202005868115	0.9664068011917709	0.17846534898352806	-0.08606994725571462	-100.12233285917496	0.15552233904245874

S16S30.txt	0.0768872754351672	0.30521499963456755	0.5323686093841142	1.255089865356191	0.16590552212571752	-0.19397676073037703	-67.12517780938833	1.647857017954744

S16S4.txt	0.229610096063289	2.685606580414713	0.34842382960584295	0.9579127505743903	0.2575192950646048	0.3709543594533486	-22.267425320056898	2.3862493152377704

S16S5.txt	0.110379222734544	2.901322264379072	0.34571241206026154	0.950565941539461	0.13726804095278772	0.33479549731423985	-49.372688477951634	0.5903658295538498

S16S6.txt	-0.0494114724059753	0.33201424177726796	0.5129588375933728	1.2498130400822811	0.04612676532649873	-0.252415674164541	-109.28022759601707	0.7851357618050154

S16S7.txt	0.0830389346157403	0.5081644825209805	0.22923733430587764	0.03958986681215504	0.02910232067587895	-0.2296243810493264	-163.96410256410257	-2.218962003236807

S16S8.txt	-0.0324909747292419	0.2913869137009716	0.4807713068234946	1.0510422672600885	0.06183660263141952	-0.19518558183003976	-90.76671408250355	0.3635327950619042

S16S9.txt	0.121680869457824	0.4603846987172588	0.24438867755648355	0.11397448333924365	0.15778506522014216	-0.12842404928428497	-54.32432432432432	1.003293746628959

S17.txt	-1.30608135320177	-2.649130741727726	0.10869401177640378	-0.09326789380656769	0.003725745094943028	-0.1261423617091407	-148.63363363363362	0.18356364526410765

S17S1.txt	-0.0493135332025777	-0.09359104501417015	-0.3002185213764175	-0.29199011639822314	-0.2192027093483326	-0.013753038141421682	-168.58179231863443	-1.9572412498071805

S17S10.txt	1.38240775251584	2.58369050691062	0.4293191412741606	1.0641953899803904	0.21860593617787877	0.21732171476918916	-15.301564722617353	1.959194119566521

S17S11.txt	1.34505208333333	2.715161602931861	0.42834253511865056	1.0750051125414002	0.21713759331955065	0.23509188072738585	3.1920341394025606	2.021267349556022

S17S12.txt	1.50518311607697	2.766070134663544	0.4261873238130629	1.0497296785432784	0.24406513263832696	0.2200486102627469	21.5049786628734	2.3867189095455923

S17S13.txt	1.44014183073621	-0.6025397307218255	-0.05852350980658641	0.13131282216215778	0.14257258945305534	0.1606592364239981	-17.867709815078236	2.082244971773379

S17S14.txt	1.35201710355085	-0.8379969632426625	-0.16421742899270372	0.029745264845122077	0.0880747217240217	0.18399525914720263	-26.92887624466572	0.6912031383535865

S17S15.txt	1.38078983843274	-0.7148133372222629	-0.013428965448403662	0.28935544769901667	0.14280427491647824	0.17702157932179274	-1.662873399715505	0.7117943225985695

S17S16.txt	-1.67890421170332	-0.6144900309563051	-0.29098111417751615	-0.28375577726363366	-0.37964967724952614	-0.15993834873084353	-114.33570412517781	0.20950836273736592

S17S17.txt	-0.104221061792863	-0.7445789434666588	-0.21896332524797246	-0.06776166661504385	-0.18092610155673694	-0.015530527672863111	-62.29160739687055	1.6331706355516433

S17S18.txt	-1.54977143390242	-0.8453826930779537	-0.23989802519265457	-0.1565706090076851	-0.3035809902530276	-0.10065204575771587	-79.62873399715505	-0.0836376612054998

S17S19.txt	-0.0936538999161308	-0.3141777310977789	-0.3253891607209087	-0.36802727003753694	-0.2451928566411185	0.023712134726589108	-160.47937411095305	-1.0609057602419267

S17S2.txt	0.00995075722382244	-0.04149353746978643	-0.6150253916140563	-1.4601567436072564	-0.2053022519486564	-0.1207311741032664	-208.47908232118758	-2.6613061781150895

S17S20.txt	-0.0374685432006711	-0.19532053451180245	-0.5820903388866507	-1.3127453428374984	-0.2543180919969441	-0.1433313584465	-183.05689900426742	-1.757956415275921

S17S21.txt	-1.63924050632911	-0.1072617701458981	-0.5509448220471641	-1.2911546533505103	-0.2974181259677128	-0.15993834873084353	-149.90753911806544	-1.1151752539563196

S17S22.txt	-1.74840085287846	-0.3129999399255172	-0.5199725211594728	-1.0975909411040135	-0.2854470353225984	-0.36009011145364	-222.87197724039828	-2.5438914932489967

S17S23.txt	-1.68569042316258	-2.601616896407603	-0.561714260134429	-1.3165939371345952	-0.1968186831852982	-0.28395281335090455	-138.1664295874822	-0.6798540143216952

S17S24.txt	0.038787089573063	-0.0016700044796417735	-0.5375196007256905	-1.1819759839676867	-0.17081151526692323	-0.14748073606902068	-130.16500711237552	0.09852469173611142

S17S25.txt	0.131735968674249	2.7901463939293643	-0.43860583524095675	-0.9181113877432945	-0.03719494224197424	0.08939474791924093	-136.6216216216216	-0.673386975754008

S17S26.txt	0.06318347509113	-0.19781248770720714	-0.32312852827077	-0.8087566872887526	-0.037409325901514086	0.012569666873623457	-137.78805120910383	-1.9798638417325216

S17S27.txt	-1.71028124417955	-0.08265950304852093	-0.544085511837119	-1.203963419985467	-0.31947419803649046	-0.20084178113420972	-209.69416785206258	-2.0108849891969416

S17S28.txt	-1.50317994762439	-0.10343860869494871	-0.6337838503520148	-1.5638886247959751	-0.31346558200263963	-0.23984824275944883	-254.97439544807966	-3.279705614678184

S17S29.txt	-0.0967591295414215	-0.04052574805886128	-0.5641932566904719	-1.2402498120396457	-0.2545736161155687	-0.12273940306848001	-167.2873399715505	-1.409863914786785

S17S30.txt	0.00888066604995374	-0.308607799833275	-0.4007617887808007	-0.9944726809649675	-0.11979579788395947	-0.21575174063477173	-101.5114709851552	-1.0037253978684437

S17S31.txt	-1.54494487011773	-0.1862351858120167	-0.5449845693493833	-1.1878853873733286	-0.20061390806056328	-0.11987194688166941	-187.54765291607396	-2.086636415576575

S17S32.txt	-0.134581354195772	-0.009434621779508712	-0.532117423471685	-1.2377506108336487	-0.3120770269393043	-0.1579602752533482	-170.51635846372687	-0.9871427914139834

S17S4.txt	-1.52992957746479	-0.7158212735013189	-0.2231843600183721	-0.25803056429307236	-0.4566128125554537	-0.43177238003486595	-140.77809388335703	-1.0503761171959853

S17S5.txt	-0.148853550295858	-0.5079860530886844	-0.48707770114353155	-1.233722923766499	-0.15979734309544252	0.040718038772815136	-252.8029689608637	-2.663218282064629

S17S6.txt	0.0815629954303833	-2.723903784381987	0.08842645399802157	-0.2129236882215534	-0.05845489916172971	-0.1208685530727782	-158.15641025641025	-4.227985216172671

S17S7.txt	-0.0288514888108009	-0.24192670182788015	-0.5024371545021685	-1.0819570219736092	-0.11966302240551625	-0.028452615622327582	-242.70445344129556	-4.036531732809024

S17S8.txt	-1.66403125290671	2.8870992294878417	-0.357615883630247	-0.759896117542213	-0.21841052209395706	-0.44638093622804	-93.8520625889047	-0.019238438777651065

S17S9.txt	0.0493365726032517	-1.2819321224607303	-0.07814726566868285	0.3442260539128318	0.1544291175207019	0.2907624827747615	-10.42958748221906	3.4286319034620254

S18.txt	0.378126324713862	0.5374800568419992	0.2296669664089808	0.08825370287221057	0.2454568927923877	0.11486202662063119	-72.36984126984127	1.4285886954960187

S19.txt	-0.237901664730933	-2.7373379130081954	0.11275673140479034	-0.08241327575837792	-0.026705594235045187	-0.1578042566054505	-145.54765291607396	0.10376700928997923

S2.txt	-0.213277375047692	-2.793040815953308	0.1252716020152489	-0.01823077972665893	-0.08196548163434003	-0.27006520640291726	-148.6429587482219	0.08245916018803086

S20.txt	-0.271279675738274	-2.829705710165655	0.0971841010433244	-0.14009805082830512	-0.02091422840512433	-0.13195802975346838	-130.574679943101	0.8079108199828061

S21.txt	-1.30646555865117	-2.824490659668128	0.14216719067863617	0.01493329469048249	-0.04344932621055139	-0.156737210542754	-145.96443812233287	-0.22247240446370475

S22.txt	-0.19274334653283	-2.685479522409936	0.12246204745732372	-0.05407185639220241	-0.054135083425851535	-0.20332676856263326	-190.20242914979758	-1.5938421373323668

S23.txt	-1.24052576033771	-2.729819692570127	0.10918843007544257	-0.08217130654672605	-0.10153700792092155	-0.27992175044738443	-176.0782361308677	-0.390298039192688

S24.txt	0.218960182943234	0.5671515821051945	0.2788429588902837	0.21045669988420934	0.2871962506617928	-0.09808843426379663	-104.68618618618619	-0.41735431643520055

S2S1.txt	-0.188123799628475	2.643704203210988	-0.051752189661116596	0.2100899938606552	-0.012156393510329676	-0.26093657563337175	-114.40825035561878	0.15897271845978286

S2S10.txt	-0.0934749240359615	-2.780559713723591	-0.30477634563537204	-0.6975555922488385	-0.19870972825683617	-0.45975104057529115	-144.72546230440966	-0.7059004565905516

S2S11.txt	-1.33173657726934	2.603467654925813	-0.01023381105336113	0.2226449870798779	-0.09917892839826548	-0.399288680932847	-122.61450924608819	0.3546702219414691

S2S12.txt	-0.14754699967496	-2.7079498921503027	-0.33476840988318257	-0.8621165102539253	-0.2268557855644066	-0.47270140577455394	-152.2873399715505	-0.7725338342970457

S2S13.txt	1.14473904141072	-2.875308231018108	-0.3913097565053526	-0.8856832989112537	-0.1994497826253662	-0.3956751223407127	-114.05405405405405	0.09309214041644949

S2S15.txt	-1.24469869851095	0.6254608802617829	0.2792445570128824	0.7452199131972501	-0.10234694828536815	-0.3770229421527668	-138.13513513513513	-0.3907933843218738

S2S16.txt	-1.25302034428795	0.5504998443151488	0.33009548085468216	0.870718028263322	-0.05377157411795985	-0.2757721268702314	-121.98293029871978	-0.08689859436876204

S2S17.txt	-0.281940532081377	0.4598058095754966	0.45561591932008694	1.0874517233792158	-0.0030066506746425636	-0.26721991889033164	-124.62873399715505	-0.7642167668417099

S2S18.txt	-1.27495415520547	2.7342591313140208	0.2366092228669825	0.6615400864683343	-0.1033349226508839	-0.3541617263457434	-107.1678520625889	0.09536602238920452

S2S19.txt	-0.305674095147779	2.699842187942041	-0.021372864470315833	0.23391679482964378	-0.051919975252665604	-0.2822929639200433	-107.68563300142247	-0.3435822603408463

S2S2.txt	-0.11115296875327	0.4485513333749217	0.34782633846533073	1.0277191466498956	0.008842876952444637	-0.28501985941360103	-123.16216216216216	-0.5483479331420937

S2S20.txt	1.59195567020159	2.672103730451129	-0.030023460721360265	0.144911041936134	0.06899532653997344	-0.07113218781464019	-97.15362731152204	-0.23217553142198724

S2S21.txt	-0.230661040787623	0.5862152810705812	-0.048271545876979585	0.15186722448426462	-0.11329906621056039	-0.3837809005498447	-84.21621621621621	0.8260255208858048

S2S22.txt	-1.33714857553867	0.5473906934283763	-0.018494709907200924	0.2101782814126314	-0.12321719331889774	-0.3687018401725517	-129.29018492176388	-0.21906445379866116

S2S23.txt	-1.20451639063036	-2.962598547470125	-0.2241076599640208	-0.5838304399264962	-0.18120334334630125	-0.3904202982732896	-117.37126600284495	-0.4261348274478967

S2S24.txt	-1.19181418001311	-0.5553005998726563	-0.31115232543594673	-0.7966823638377893	-0.1992035236445065	-0.34690853104999864	-118.12660028449503	-0.09476439726877481

S2S25.txt	-0.165162321950809	0.6498008058396691	0.4106641367224354	0.9813287027646609	0.03071042740434876	-0.09409190449936923	-85.63813813813813	-0.6113043411479256

S2S26.txt	1.38268215194934	0.5644509361796286	0.2979051559493314	0.6643393974075321	-0.0032479930322427963	-0.18483717491257756	-75.12162162162163	0.5593660390416463

S2S27.txt	-1.23813417190776	0.504373837535073	0.2984089581026693	0.7475670171874207	-0.08780984886474028	-0.2775131957601095	-87.04354354354355	0.8627164168404756

S2S28.txt	-0.0880234981997348	-0.9072191966050567	-0.11509221961297884	-0.07474702892331528	-0.11204473076097415	-0.2385299364717601	-48.73115220483641	1.0547225671151188

S2S29.txt	0.231669044222539	2.1568904865267453	0.1910499712496642	-0.04716654604733883	0.1365458988434135	0.058194927738675656	-114.58108108108108	-0.7106902418398592

S2S3.txt	-0.213008540535992	0.42555013901062455	0.3557420726690082	0.9943627722388402	0.05266380041873043	-0.22216953327439287	-96.4850640113798	0.9121196372102548

S2S30.txt	0.169783853919428	0.5045769251495884	0.20842858950867243	-0.0595881543822	0.14649490130310316	0.04416119516452599	-122.77927927927928	-0.6372927310305985

S2S4.txt	-0.177985285795133	2.6611710801438004	0.2565005112414345	0.7020811864460472	-0.035365557390712565	-0.28429164396584533	-108.50924608819345	0.21460605849141692

S2S5.txt	-0.154117795434481	0.42084234988907415	0.45870896778980386	1.175507192644047	0.14380450384486443	-0.097978628338788	-81.05855855855856	1.8253147552067779

S2S6.txt	1.57557586141253	-0.4641705154132146	-0.25106214434646273	-0.2005591904127903	-0.009390158532975895	-0.00012872497934881446	-85.009009009009	0.8797227641305393

S2S7.txt	-0.243800656370251	0.4631991516533936	0.2921110299248394	0.8407182889162401	-0.024050329055597716	-0.28441019761220304	-91.56187766714082	1.083796337793751

S2S8.txt	-0.0770665074426741	-2.803694627922692	0.1080211312229159	0.05433555721743133	-0.06762967635532524	-0.37451096884408064	-133.2475106685633	-0.12785955067157811

S2S9.txt	-0.121451383037377	0.5359921514717124	0.2997991656764392	0.7672429014942272	-0.09691979092678085	-0.3507024726062529	-95.58748221906117	0.7453920106722414

S3.txt	-0.146781940441883	-2.7743335258632884	0.17631646967294012	0.10451272781249538	-0.03627847157783615	-0.23366923697109304	-139.08392603129445	-0.12825059553480994

S3S1.txt	-0.227666697956757	0.45668463915553587	0.46158557393669075	1.010087664159455	0.04546971005794612	-0.1856550101962109	-110.1891891891892	-0.43303109627016845

S3S10.txt	-0.186992125654011	-2.8127305766710284	0.09242274812463158	-0.056156883490816545	-0.03105746720577142	-0.11618257343057899	-118.45945945945945	0.638111345068193

S3S11.txt	0.195901953274607	2.6908882942763657	0.361428451354013	0.9030234396007826	0.19319227149720852	0.3855065033866086	-83.18168168168168	1.1286760373175415

S3S12.txt	-1.46458839061369	-2.9319455653688875	0.2974056251948636	0.7330875418659635	0.0964187653724686	0.0854678858927239	-102.76876876876877	0.48821239172661235

S3S13.txt	1.39423631123919	-0.5238388026639177	-0.39314957507165094	-0.8656803718798967	0.041941763144321714	0.3833183195610418	-26.63813813813814	1.1816065893039625

S3S14.txt	0.234197886647454	-0.49564116934028346	-0.4173305432971792	-1.0323389970053725	0.021518550570202938	0.32784142374814423	-100.72372372372372	-0.20343731051566077

S3S15.txt	-1.36570937887606	-0.3463155708945002	-0.4631716478515922	-1.1042704008926019	-0.23658075167351272	-0.09409190449936923	-184.35885885885887	-2.253430261123723

S3S16.txt	-0.0337147069192065	2.6648620095006845	-0.04170795971606445	0.3302858766641197	-0.01979590492221827	0.08985003558547248	-43.13663663663664	1.3831955535960858

S3S17.txt	-1.57097640514099	2.6324300038870025	0.031655605839603224	0.5172029422844182	-0.02106687535104576	-0.014674647645764849	-10.163663663663664	2.240233186881637

S3S18.txt	-0.103373743069261	2.9669295348015576	0.12196360925884986	0.04620837599046984	-0.13711109041723518	-0.224777713494263	-130.9402560455192	-0.5761544781116249

S3S19.txt	-0.0953586497890295	2.9928721886769116	0.1279383939280948	0.07439933147237443	-0.13760490501583167	-0.2752815668426576	-95.34850640113798	-0.032349957742657746

S3S2.txt	-0.209825267971388	0.37925061039070523	0.4860803598867665	1.1621358425861703	0.08252017090893929	-0.13750482925864072	-52.08408408408408	1.339171187637278

S3S20.txt	-0.17283486755589	-2.9458851380253197	-0.41291207336667357	-0.9839492401151038	-0.22814849504043283	-0.23805572188632917	-188.84779516358464	-1.2894070392143127

S3S22.txt	-0.186603773584906	-2.7470634722232474	-0.385670317573393	-0.9570764344155152	-0.24862032341665713	-0.2419679922161344	-187.07539118065435	-1.4879184144547861

S3S23.txt	-0.157627118644068	-2.9619936023631177	-0.2820839725249299	-0.7151994246915827	-0.21836404183687658	-0.32068761339766955	-146.3968705547653	-0.7194202369954016

S3S24.txt	-0.122270331325301	2.960349083882345	-0.289775311457798	-0.6937486395905426	-0.18881455371033254	-0.27302904756186064	-161.0199146514936	-1.9143755031051164

S3S25.txt	-0.0630639097744361	-2.7563647674044245	0.08410908912975266	-0.12679075661824313	-0.16219155743869068	-0.2234736233843279	-154.75675675675674	-1.0509249642547525

S3S26.txt	-1.39231419811819	0.5692981622815244	0.3719730643637327	0.9034587600328037	-0.033553786638886654	-0.15947998587512788	-164.0915915915916	-1.1256158183520502

S3S27.txt	-1.31379870472333	0.5096613887393932	0.3548138143700841	0.7643835309639749	0.02681765974938541	-0.041320718370969435	-120.01051051051051	-0.56798002980345

S3S28.txt	-1.31686315193813	0.6525993590781813	0.15789252472892576	-0.17389881500693594	0.041335927197140715	-0.027648371723815096	-183.47564102564104	-2.077815184946943

S3S29.txt	-1.39484802623282	0.46446760646386775	0.40586290960154037	0.9163557788387666	0.004622933455046857	-0.15857896900577687	-115.44444444444444	-0.24152485378658425

S3S3.txt	-0.182692207535181	0.6325999573790683	0.17916055365817635	-0.028448451079553738	0.021874564169810193	-0.07331396738362432	-185.81934566145094	-1.5295644067129421

S3S30.txt	-1.31318299538879	2.83725816370887	0.08356865781738523	-0.03355463650704349	-0.08862774858876334	-0.18612434186879329	-140.77627627627626	-0.47213611534471334

S3S4.txt	-1.33977334504245	0.4812747509807753	0.4391369105200944	0.9899657626612357	0.016404125472470776	-0.18575014520033925	-110.72222222222223	0.6420876311613276

S3S5.txt	-1.49392772200122	0.3818313342582791	0.3945050021959102	0.9767536173637996	-0.025106186367427508	-0.16348072377299433	-173.57057057057057	-1.118997974360568

S3S6.txt	-1.50700173858069	0.44001180504294335	0.36602517891954134	0.8631025466948232	-0.0338110343993433	-0.11263435693021263	-146.03453453453454	0.534464347759732

S3S7.txt	-0.310443571027513	0.3557053169170598	0.4232614357535307	1.0038620796489768	-0.048871937224444786	-0.17399868784423406	-153.80161943319837	-0.30350505328613436

S3S9.txt	-0.109350120738561	0.9615654779475101	0.21260690949742533	0.1339678660306709	0.16646846553213657	0.1490539335297805	-139.9084084084084	-0.6564431615261231

S4.txt	-0.200787401574803	-2.7690085425701305	0.1750259759671935	0.12150406790113466	-0.06089343814563166	-0.2145820999074979	-135.28449502133714	0.9701367106241494

S4S1.txt	-1.73086795322749	0.4885487803797558	0.4303184091112976	1.1006821104210012	-0.04903937515801973	-0.2342758910987004	-88.13229018492176	2.212614903941133

S4S10.txt	-1.78879924062648	0.9031564490682049	0.09530895920461344	-0.04388188084651423	-0.18264984461030195	-0.24813278182673656	-178.4950213371266	-0.32635969839348367

S4S11.txt	-1.84104321340187	-0.08246054779928252	0.12485045525346086	0.0317856457706126	-0.2744680803243803	-0.4480142295858755	-142.4466571834993	0.5144300746529825

S4S12.txt	-1.7663177925785	0.7601714668226899	0.22387071074845338	0.15367647692758624	-0.142000878470871	-0.3862706746961366	-181.75960170697013	-0.031844788714576557

S4S13.txt	-1.89211500142329	-0.46497159180095793	-0.3487268782247289	-0.8984342222496149	-0.37417326576661675	-0.5754593994204391	-147.80654338549076	0.6512050699823212

S4S14.txt	-1.61728277439024	0.40845058766953535	0.5126874197593043	1.1805980720845328	-0.01854109387005798	-0.23058684216579195	-131.64722617354195	0.10042419775416901

S4S15.txt	-1.71925643469971	0.3068763169278175	0.4211458740297205	1.0929372970580293	-0.0980150691123646	-0.33943920861112303	-118.4452347083926	1.443123297457441

S4S16.txt	-0.397000189861401	0.6381977068678414	0.2870200151674184	0.280312316868338	0.12013925588680087	-0.009839952647691892	-144.18349928876245	-0.23063106484803456

S4S17.txt	-0.361355675470984	-0.4997505061546571	-0.451679910831816	-0.9546761388768672	-0.294612886258083	-0.30847658782282295	-169.47226173541964	-1.0301055208854355

S4S18.txt	-1.57360357788562	-0.4536804685910052	0.19718590721643073	0.12080371446167726	-0.05780031370095881	-0.2406639021061993	-139.81507823613086	0.2670539708087964

S4S19.txt	-0.199885561701316	0.19498660141209528	0.5649192051896799	1.2452750998055169	0.23968056205607197	0.22941490347974963	-138.30867709815078	0.39646048799606415

S4S2.txt	-0.00951842427669403	0.3487209783564213	0.31737531382861267	0.37593437618255376	0.1561967058637732	0.16468077567616135	-168.47368421052633	-0.2747318361865041

S4S20.txt	-1.23880121154153	2.840589362540155	-0.0652182674788927	0.07852630423547602	-0.10093828339007696	-0.03449911109010049	-132.78947368421052	-0.03904616078434478

S4S21.txt	1.45384100258299	-2.6695966489509635	0.1505009506376106	0.01247048994024752	0.2765513235966053	0.4101956163977584	-81.23470839260312	1.0167974098705796

S4S22.txt	1.01653217661255	0.7321566091040395	0.38217935371127865	0.8289049943980371	0.17725268881606948	0.2260818036041981	-83.85633001422475	0.5742915314258317

S4S23.txt	1.37215311004785	2.893041190960788	0.2602344718539013	0.6683668495567615	0.1738529146698637	0.3368109093023213	-117.84495021337126	0.2501186670130214

S4S24.txt	-1.21048775048584	2.8413004651943776	-0.16898006828193546	-0.1754957803295266	-0.07907586690195689	-0.1183165390650182	-80.76671408250355	-0.021178293683926173

S4S25.txt	0.295500143307538	-0.54834742443379	-0.27910593461291083	-0.7334612920848169	0.11399215068425929	0.35058391193262	-113.20056899004267	-0.09534133238732177

S4S27.txt	-0.155041698256255	-0.2409813485771393	-0.42946717823339464	-1.0111763433285144	-0.18947485109425527	-0.070776526875567	-194.28022759601706	-1.109240426053714

S4S28.txt	-0.184038625390514	-0.42222158854195585	-0.47860017788637677	-1.0956657362336337	-0.21757763778737507	-0.051570836165614135	-161.41251778093883	-0.7558744193382547

S4S3.txt	-1.40034738670456	-2.9140067375002414	-0.2973182799903318	-0.39815809376813355	-0.3258567807295365	-0.210551275931335	-151.38122332859174	-0.4699286067969078

S4S30.txt	-0.118806252960682	-0.3931752799729577	-0.36315775724474175	-0.9085132235311779	-0.14490539301475486	0.0005927682317886684	-169.1891891891892	-0.6442545066307668

S4S4.txt	-1.87869850632671	-0.23196053580088677	-0.46153663033851666	-0.9465561424027086	-0.39966367302939926	-0.39466508872489536	-134.7923186344239	0.41647302223366756

S4S5.txt	-1.74574660203403	0.5210302897009607	-0.1932048185778027	-0.07531122591787492	-0.2574176427589169	-0.31333728732349003	-155.9886201991465	-0.2203913555974656

S4S6.txt	-1.80951927653498	0.3983694738136197	-0.05206037561472579	0.224662383543621	-0.19395067467445085	-0.36502667713546194	-102.59032716927453	1.3466814892139907

S4S7.txt	-1.63769913192788	-0.6037930117143498	-0.2598577986858426	-0.6458161360786331	-0.09747080655164717	-0.029875518882148885	-85.74964438122333	0.5753851956346134

S4S8.txt	-1.57585296829788	-0.698926612655849	-0.33537004776753465	-0.7202147596316332	-0.19229785911033295	-0.15234143556968774	-51.69132290184922	0.6620928564820636

S4S9.txt	-1.47859736288936	0.5015353115544905	-0.16079271135108014	-0.06374930735322976	-0.21578510329207157	-0.12175459480939246	-90.84495021337126	1.0983874197660215

S5.txt	-0.134332894336947	-2.5662846489529745	0.06255785641701855	-0.2555656445607001	-0.06123286073440158	-0.19360236894061694	-190.24474474474474	-1.1051634861673563

S5S1.txt	1.60531671464575	-0.4759581500190768	-0.15995928141768595	-0.08479772763224058	0.13612783211364152	0.384588028784488	-30.887624466571836	1.2010110849801596

S5S10.txt	1.16738102041464	0.517753166501909	0.2281925196889194	0.05986170895214438	0.27271831336443797	0.32554831289833663	-66.41820768136557	0.4876584378791577

S5S11.txt	0.116639710779184	2.9999682063508155	0.3094302053413204	0.8029741512920066	0.23168477584231048	0.331831641312413	-76.63063063063063	0.6665979452468267

S5S12.txt	0.243907101213801	-2.9239568105710116	0.10828843169596014	-0.028721635120098843	0.17921875545884175	0.316771787924689	-126.45495495495496	-0.22562688067415693

S5S13.txt	-0.181039852203748	0.2838621156740245	0.38926817641923456	0.8784076194456416	0.003855115068277404	-0.14558387772729692	-91.38406827880512	1.3608022978014445

S5S14.txt	1.34246314788398	0.35354204985562865	0.46228344013838923	0.9848280124417977	0.3154209588155408	0.1726243408095687	-95.35419630156473	-0.6866055367996756

S5S15.txt	-0.146265505410399	0.44705600739807677	0.4261227041235258	1.0462302869429205	0.01616310557154943	-0.15020746993524856	-43.42958748221906	1.8416124331541455

S5S16.txt	-0.164516537026497	0.3068248397645744	0.4681338659193198	1.1711884389327993	0.027505139013246444	-0.18435092008627585	-37.559032716927454	3.1268111948657116

S5S17.txt	-0.129960129105753	0.43452275132589896	0.42080030093779797	1.1229695195965044	0.047998526240287026	-0.1458209850200124	-78.19061166429587	1.929898487254547

S5S18.txt	-0.124953910011272	0.28667955723574107	0.4444856267969828	1.0982215093172647	0.0007587311417500686	-0.1954949628439028	-97.64011379800853	0.9464543013405621

S5S19.txt	-0.0241255291384194	0.6504615732463186	0.24090286308832906	0.1037031529744532	0.19245918264568806	0.049697438290107976	-155.22222222222223	-0.03729581645903303

S5S2.txt	1.69338518940113	-0.3441263801739656	-0.010977163880601715	0.2867394908172876	0.15005233312365135	0.3072910513592456	-41.69132290184922	0.37795514098574495

S5S20.txt	0.0195743063473964	0.12866167230194953	0.5151363186457709	1.2475392434759551	0.1517418777582645	-0.020272673527172456	-108.55192034139402	0.333980856946748

S5S21.txt	0.0652567400209584	0.042191197527844324	0.4990918666145164	1.2244677250617868	0.18212298391727239	0.05238769511797985	-103.51651651651652	-0.34581237514431956

S5S22.txt	0.0394965277777778	-2.7736354075909824	-0.38900691178174285	-0.8697747527637648	-0.048118506518869446	0.08573083624631042	-36.731231231231234	0.733080169047608

S5S23.txt	-0.149786019971469	0.010430433830111524	0.5032363339875814	1.2718755313534935	0.1382131145180588	-0.03912987546895792	-63.331831831831835	0.3396766153740749

S5S24.txt	0.0162578436965203	0.21595661246227424	0.5180327512915782	1.2258117475475239	0.24119461852773127	0.1454498660523765	-62.9954954954955	1.2932486952814484

S5S25.txt	0.277915160738064	0.402903590984354	0.39295901012111273	0.9395390603114206	0.3242896650069883	0.4106062590328151	-30.6021021021021	1.9361476215167461

S5S26.txt	-1.24749583517851	0.26800566098571355	0.5436997049267274	1.2840056463805345	0.13083224397385354	0.05417901638548427	-108.2574679943101	0.3826114599350129

S5S27.txt	0.0875703519984736	0.3279137641395108	0.40745016856420074	0.8929913606709782	0.26672790917090045	0.3310806468851507	-69.33633633633633	1.1988789997733118

S5S28.txt	-0.0774641193802871	0.12480372824391206	0.4350904111105621	1.1273224758807259	0.1160810928305194	0.022525421733775124	-60.23573573573574	0.660084672529573

S5S29.txt	0.210511282490717	2.6749316035860953	0.3811340208770605	1.0961367785992369	0.3010102283149582	0.38203115260482606	-10.465465465465465	2.159470996793582

S5S3.txt	1.5621486834876	-0.5135440556557548	-0.10582346722996111	0.0016647416811171323	0.1976182157224261	0.49684644509926845	-25.39039039039039	1.3879736578368775

S5S30.txt	0.195070891616709	0.279496943150669	0.45783953606677996	1.158830491199243	0.3152194129856939	0.33595057557230323	-23.40840840840841	2.43304981112217

S5S31.txt	0.140647243048306	0.45802848433760507	0.39109012836199286	0.9376455111532631	0.3338664251228745	0.42579482911616057	-55.06006006006006	1.76265149180373

S5S32.txt	0.103008377760853	0.34180182313126634	0.5736760566696002	1.2462251916885092	0.23917513420404196	0.08572531928396704	-92.1981981981982	1.1173674660715496

S5S4.txt	1.62248071790345	2.5796116420707933	0.28527127626112425	0.7565997313977934	0.1236682052801766	0.2061647910160988	-103.67994310099573	0.21223300946312632

S5S5.txt	1.6393632721906	2.459779864095743	0.46193572588554654	1.164245842315897	0.17222522747339672	0.24552460160686637	-98.12091038406828	0.5331717790176234

S5S6.txt	1.58399232407583	-0.40466493359679223	-0.08540075495226526	0.12527475051071352	0.050569038148946394	0.23141671769029612	-71.32290184921764	0.523212390550654

S5S7.txt	1.73483124762988	0.367157419830799	0.47235785988519985	1.0472011260493945	0.36808627721541176	0.5187282833549357	-24.256756756756758	1.9574221152878442

S5S8.txt	1.47315819531696	0.5714568848855531	-0.1480092339588533	-0.13101167071137887	0.15695060270910838	0.39091260460271454	-131.7867867867868	0.062072119699402004

S5S9.txt	0.357517399180093	2.766175301016964	0.37123683801000207	0.9158605056095446	0.31290734588674185	0.5053417470102921	-94.76876876876877	0.5662430297931924

S6.txt	-0.160473303344416	-2.7711372101518057	0.14880491735931456	-0.027614459411853698	-0.029939222871804772	-0.210580514036892	-132.23123123123122	0.5716588339523645

S6S1.txt	-0.0521288036945657	0.46644357890128346	0.2213223869278686	0.10647969839746946	0.04312268818983385	-0.09033787852459305	-94.71834992887625	-0.1381379555719274

S6S10.txt	1.32199806652431	0.6554362192231954	0.439990878608931	0.9692396524216103	0.21089919049144576	0.11393005414978205	-120.33854907539119	-1.8624752348546223

S6S11.txt	0.157788410419989	0.7024824807720413	0.2677705780657171	0.7439694146248128	0.18278503894118298	0.35981031669572167	-51.059743954480794	0.8843813000416609

S6S12.txt	-0.14433184960697	0.5604690083861975	0.3300610354720689	0.7828446783612384	-0.05653831952965557	-0.20723177383331842	-87.46799431009957	-0.2409212572368466

S6S13.txt	0.264044764188649	0.6245707172466383	0.3753225850239977	0.8800783307738824	0.21545399904883208	0.3905157111023747	-65.05832147937411	0.686188088637241

S6S14.txt	1.36276736702631	0.5499858214110006	0.40511660811355754	0.8887878690191235	0.04853915794717692	-0.23283936144658887	-36.03556187766714	1.33854059732546

S6S15.txt	-0.0802439872317562	0.5895333539974302	0.16468341328959377	-0.09485138372963187	0.06399070665850692	0.09555728273059771	-196.82788051209104	-3.0648146492251875

S6S16.txt	0.032524964336662	0.33407228837284886	0.4651724534399416	1.0317413630138246	0.10393572992964151	-0.0736218143881526	-22.84921763869132	1.9736552089824886

S6S17.txt	-0.0762648692347265	0.8045626129387711	0.12769533195663801	-0.0565208683745021	-0.0642530782863705	-0.2556622809389828	-111.9118065433855	0.3136166710145872

S6S18.txt	0.00516378381803206	0.42412624738043236	0.25897679974487275	0.17418888615275058	0.11354969711543583	-0.05999170085827044	-61.67140825035562	0.9127185587659713

S6S2.txt	1.33623687821065	0.40710967716350865	0.26773917453581986	0.3082232402494788	0.36596329959103335	0.393953766846749	-70.83357041251779	0.05232374731089823

S6S20.txt	-0.167205630587788	0.46373566610524325	0.4243103615595526	0.9149363415639528	0.002486950329940063	-0.20308239621079774	-96.17638691322902	-0.07517798603518631

S6S21.txt	1.503391012233	0.48928260468693896	0.234528524347508	0.1700113133122555	0.13659152054920326	-0.12010196239017383	-161.73684210526315	-1.0901822855382692

S6S22.txt	-0.114228836856574	0.37751038905079576	0.4495296650240526	0.9731959139335938	-0.0018083142300065191	-0.27954949811153595	-67.01849217638691	-0.3474989077815749

S6S23.txt	-0.0177596921232769	0.3315450641323812	0.49879679929441145	1.1280797401674094	0.07626546826457972	-0.18483609019376207	-55.09672830725462	1.3971154388467113

S6S24.txt	-0.178350114151648	0.4033626619258634	0.5155844874516233	1.1750116455561708	0.013700096887338198	-0.27067401790401463	-111.94736842105263	-0.0664770988492084

S6S25.txt	-1.18163388133929	0.5365139376681884	0.42530924015714877	0.8568968792134093	-0.03324099499957306	-0.31310018003077456	-103.97866287339971	0.9113402616384809

S6S26.txt	-0.0147733383948625	0.34892820974121963	0.49403314232454454	1.0638063783924239	0.056498392910398085	-0.18411381279356037	-47.16642958748222	1.1755139552103655

S6S27.txt	-0.0503487150090762	0.39981802345704903	0.32311878392393883	0.45411922053304066	0.14105668997433532	-0.11905609001054672	-81.05263157894737	0.1427154175533343

S6S28.txt	1.41499472016895	-0.44212606398145116	-0.30271310966793696	-0.8075420787583687	0.15616672386251385	0.3530527588533308	-65.68136557610242	1.4947463752806425

S6S29.txt	0.0459672068998198	0.7763480147692475	0.16120974647713707	-0.03856917227916978	0.002112073129567557	-0.2502667474611758	-99.79516358463727	-0.2893450329399418

S6S3.txt	0.160003834723421	0.6534689319690031	0.29734264428722024	0.3638271047495757	0.4090253542758905	0.5163011298879301	-13.0	0.9710868146428997

S6S30.txt	-0.0672782874617737	2.8914935121827545	-0.3443243575999035	-0.8060497962106632	-0.20643869373817242	-0.2759928887208039	-166.88335704125177	-1.0747453452435032

S6S4.txt	-0.104837943161296	0.36234150238865825	0.438058047922145	0.9400762460258463	0.013287535982385329	-0.2596324855234367	-70.05120910384068	-0.021720851983445578

S6S5.txt	0.0242806615046364	-2.99825350826616	0.21428032012303383	0.1976602345245959	0.19488597775134825	0.35803201200035567	-145.95590327169273	0.08010840805096876

S6S6.txt	-0.0699791390100513	0.5113996412767517	0.11873840439822927	-0.2333899283490779	-0.06819439474870712	-0.2779062189956244	-131.79516358463727	-0.7377327833259516

S6S7.txt	-0.231897775674397	0.6603556473035063	0.28048143620213417	0.2988498610623972	-0.02740948589531131	-0.304919978432091	-105.57610241820768	-0.043025890424524725

S6S8.txt	-0.236221224567772	-2.606489657954334	0.13693145472332446	-0.07746466642438632	-0.08621370630757283	-0.17345426552499932	-169.48364153627313	-0.2171348928610121

S6S9.txt	1.4915873015873	0.7498254490388411	0.27641683466467104	0.3280398685910202	0.12211597878297745	-0.07658565554709594	-40.51066856330014	0.11718198798801978

S7.txt	-0.177951388888889	-2.8425114488242698	0.12861438023839478	-0.0035433195859709277	-0.062436942727788894	-0.2557202151936315	-139.47368421052633	0.2780440549767732

S7S1.txt	-0.0120287933320704	0.5320209208014985	0.4348035983358792	0.9853904425432023	0.030579018622939214	-0.3157270738845339	-79.54907539118065	0.9232210801199153

S7S10.txt	-0.0583159491750427	0.3599497683980281	0.27339735361304146	0.2863232148768969	0.05137529340497343	-0.18033078459571017	-108.46372688477952	-0.4458894268020421

S7S11.txt	1.36749456165917	0.47576622924396395	0.25169643322821267	0.1487180687644301	0.11707034242217416	-0.1508091768611067	-53.799431009957324	0.9361871822153839

S7S12.txt	-0.00554764541475494	0.6617087903733506	0.22295789382204204	0.16457935993841527	0.03042755913213334	-0.2792103864055867	-106.29729729729729	-0.280013448692059

S7S13.txt	-0.0463932107496464	0.5337622503364525	0.2530573226186468	0.21026802847960913	0.009631819878754888	-0.29792531329698474	-129.95163584637268	-1.5394348333080417

S7S14.txt	0.0370123056376991	0.6248799745655466	0.2257700857437092	0.09011828131744515	0.04859358387722851	-0.28896800406029083	-126.54907539118065	-1.1608904360933294

S7S15.txt	-0.071939736346516	0.6179656079355548	0.22337616390626178	0.09078314253714814	0.001759023313055108	-0.2909996463006789	-111.37126600284495	-0.07075512624204533

S7S16.txt	-0.0815368400881479	0.4909713864941769	0.30544291652511313	0.3636183348578681	0.16495512538938523	0.018380173258600342	-69.87482219061167	0.7076091944491102

S7S17.txt	-0.126138952164009	0.8234240300372231	0.2268350061802112	0.006016375745522162	-0.007134796673871319	-0.2324202553990753	-151.60739687055477	-0.6765263003616244

S7S18.txt	0.171712328037254	2.750483964401835	0.23529169146611417	0.6269723344134913	0.1606914703251294	0.3724955568559991	-46.994310099573255	1.0143146309252151

S7S19.txt	-1.35448018410699	0.4278640017844882	0.16735329397692272	-0.07652342695560888	-0.07805132409029997	-0.24482779105203253	-139.67994310099573	-1.0346231261811836

S7S2.txt	-0.00345669615957889	0.9479384581060738	0.13336062837668045	-0.15054335568589283	-0.051775550042129456	-0.281361157220773	-93.90469416785206	0.10343238527454478

S7S20.txt	0.226828801225584	2.710659570032865	0.2756310142183598	0.7614549582669939	0.18903566722011417	0.3670420891235434	-13.874822190611665	1.1568926521129979

S7S21.txt	0.161287295927941	-2.6553618317232606	0.05565721607006924	-0.2242840678730988	0.025280035063693335	-0.02692852804211379	-84.33076923076923	-0.09856042654715133

S7S22.txt	0.413243761996161	2.7113925495909728	0.12046238987440788	-0.04147343600334008	0.22383217012481457	0.41043272369047384	7.07823613086771	4.221127166379418

S7S23.txt	-0.0559669198961439	0.8613955084041418	0.2889148920230238	0.21092541309814483	0.250112702744851	0.1986959112955616	-57.02133712660029	0.8616291137140601

S7S24.txt	0.026674342736519	2.825388620470452	0.27420574608214815	0.6783586965568018	0.1067019358740306	0.2502667474611758	-35.13940256045519	0.4874308683021649

S7S25.txt	-0.00659879336349922	0.6769999270018845	0.17044072721796993	-0.03944360131428537	-0.04002694498077991	-0.27491263250552084	-173.16216216216216	-1.0304643436667007

S7S26.txt	1.30934998398975	-2.577701452000861	0.14829836757111536	-0.08145496073468861	0.2483804230547667	0.3501096692380882	-54.587482219061165	1.1696321994137946

S7S27.txt	-0.0565718157181571	0.9823249699689761	0.1572402155536563	-0.025084137342255897	-0.010464923891305336	-0.2598695928161522	-110.09815078236132	0.22014782441961603

S7S28.txt	-0.0297140584442769	0.5236640173505873	0.1630830270637612	0.018184098109664426	-0.061274478303866925	-0.3558005815724695	-131.82503556187766	-0.3848988625915008

S7S29.txt	-0.00227828698016741	0.1970932138146396	0.13082881979935618	-0.09186742342476262	0.06439082787590711	-0.01938926802096278	-214.48790896159318	-1.7934730335189075

S7S3.txt	-0.0226469846076205	0.767826006032032	0.2048073039742747	0.16142349880856088	0.027849378318763676	-0.18838174406243877	-82.13513513513513	-0.04371749241701853

S7S30.txt	0.00238856899125617	0.2448754310351073	0.517165715842838	1.1128039201404027	0.12606708982977	-0.024423498768386783	-97.59032716927453	0.8837195597713405

S7S4.txt	-0.052125681510195	0.7346510976099703	0.2692142229136867	0.3657929661678429	0.03381902278454074	-0.267828561736824	-83.47795163584637	0.36809576219616064

S7S5.txt	1.16115107913669	0.6024841245645463	0.2553597641069175	0.2420777760731444	0.137612525355298	-0.008654929175205025	-67.84068278805121	-0.8162093096533314

S7S6.txt	1.37806832019483	0.5334976284640668	0.2745989859503875	0.34425934814883563	0.4314665160657297	0.39502074966396855	-13.460881934566146	0.8171151986169748

S7S7.txt	0.316946711473836	2.6516455688376817	0.3642074434831238	0.9303429495314304	0.22320649926666236	0.37451096884408064	-90.72546230440967	-0.6083741669863074

S7S8.txt	1.21712479647543	-2.7242474040956903	0.1300651398283216	-0.03267865711111084	0.10147847874159	0.15020746993524856	-81.6927453769559	-0.4305577518385635

S7S9.txt	-0.0545242154448443	0.5149200960510121	0.3134284712414356	0.4221212531264681	0.0778204232595071	-0.18365048345743265	-88.33854907539119	-0.6502038574044662

S8.txt	-0.146624166908143	2.804876990578319	0.16962133394867396	0.11780263780485539	-0.03502290552137721	-0.21470065355385562	-147.15647226173542	-0.003507108378828572

S8S1.txt	0.346251528548584	2.7393430314162455	-0.06380777716587926	0.10549822312955853	0.1060041572852406	0.335625372838744	-82.07112375533428	0.4634121944819733

S8S10.txt	0.347485611850174	-0.682998046856896	-0.10706586515076341	0.07482444105198166	0.1414629119823754	0.404149380433514	-89.72546230440967	0.6183298981395076

S8S11.txt	0.199155326137963	-2.879064429979455	0.286641464340455	0.6672297989189823	0.1630684493072944	0.2473029063022324	-71.68847795163585	1.150681205998236

S8S12.txt	0.273957158962796	2.8140042181972653	-0.08865156475892415	0.03209681876386761	0.12694374060859848	0.3455838791327936	-146.80654338549076	-1.0465679925422275

S8S13.txt	0.236143895760552	-2.7508817471274254	-0.08618637271542148	0.1034921808836276	0.0968557599108668	0.3219917035076046	-153.52204836415362	-0.01352764831436615

S8S14.txt	0.210362400906002	-2.688076544899659	-0.35196717185899623	-0.7417356193373156	0.040735907411725766	0.150444577227964	-96.31863442389758	0.15497242681537132

S8S15.txt	1.3286424617694	0.7096886511082603	0.20713562221206822	0.06928990209792851	0.2108820995216958	0.3728733185756137	-95.90753911806543	0.032832084112632914

S8S16.txt	0.336453015692948	2.7523517877769197	-0.0920365036914145	0.060867289922648504	0.12680714646587943	0.4352104357792403	-87.7624466571835	0.5196348754372354

S8S17.txt	0.0774662709688283	-2.925552284332693	-0.38407279632397656	-0.8497975075051809	-0.09494644992814238	0.07125074146099793	-193.90469416785206	-1.27582634810895

S8S18.txt	1.3232791225416	-0.5992435990362539	-0.43451005719196667	-0.9866912544884943	-0.05958791092933102	0.1670420877180467	-134.33285917496443	-0.019622553825893757

S8S19.txt	-0.0695267663938282	-2.776608770037851	0.17259171739188675	0.007890821583494079	0.040574489815352874	-0.061173681520590564	-109.74537695590327	-0.15159752256207423

S8S2.txt	0.396988235294118	2.6473608943875897	0.48570831663854386	1.1311013925888718	0.33269706938748717	0.5275949976666077	-47.31294452347084	1.384270293394901

S8S20.txt	-1.39563480831525	-2.6875005680176973	-0.0014160414668290544	0.19017627040968316	-0.1878222475235637	-0.4273858951196298	-177.26458036984351	-1.209208710006404

S8S21.txt	0.0193245857515351	0.7230134779415333	0.30883195347225323	0.398274885574547	0.2602067269574243	0.10017783117228493	29.453769559032718	2.013621956513902

S8S22.txt	1.38583049564888	-2.5888547931862194	-0.3318363450990214	-0.8121368301703733	0.050799443312691844	0.154603118417361	-166.56614509246089	-1.1830262176972717

S8S23.txt	0.119346615050515	-1.21034045787389	-0.27864169346046364	-0.4097497229205136	-0.17917369018697216	0.07409602897358354	-183.30440967283073	-1.2794963994532258

S8S24.txt	0.04338654324486	-2.4997069964138694	-0.004564677609814272	-0.2669077275624918	0.05100526208289978	0.10960934277365815	-212.9302987197724	-1.7105616348615966

S8S25.txt	1.44640664840873	0.4811880101139158	0.10717378381101089	-0.10549984829743847	0.23227031849097357	0.40618886786647135	-83.29160739687056	0.3237574783311829

S8S26.txt	0.0986903648269412	-2.4644167519212075	-0.45458946479458906	-1.1014195730173717	-0.13324335181895103	-0.03462587478394386	-197.49217638691323	-1.6723153245563396

S8S27.txt	0.0660751368699264	-1.1607773956890792	-0.39385988237688646	-0.8213621449820636	-0.17994798660692113	-0.017071725075513647	-161.49217638691323	-0.4206398151052861

S8S28.txt	-1.00618097389558	0.7688765092888312	0.27333777861303876	0.17548898362645848	0.2048805187078775	0.014107883916570306	-91.80796586059743	0.5013692808586642

S8S29.txt	-0.153603080432349	-2.6770821082903646	0.1776382241026409	0.08321595818706534	0.20395570062363647	0.26544161419496565	-175.3783783783784	-1.3119688826661071

S8S3.txt	0.327152941176471	2.7924744341261576	0.263190070398473	0.6929655510903632	0.2017556523256976	0.4398340279871918	-104.88193456614509	0.10172818567039381

S8S30.txt	0.232604000375622	0.714063550985119	0.18048521829280614	0.13897973816629178	0.1957340262769212	0.1458209850200124	-129.4352773826458	0.5599433773503062

S8S4.txt	0.370722971062306	2.7914541232150722	-0.03528433525999214	0.10074221027780783	0.1728547515467142	0.418850032581873	-80.98577524893314	0.04053795882673212

S8S5.txt	0.266541176470588	2.7401624735579873	-0.008893595013262229	0.2801793468235312	0.2341204376863842	0.45880261140442924	-46.5448079658606	0.9581521933462289

S8S6.txt	1.51075066012825	2.63600913650051	0.48640320048431274	1.1041688492434603	0.35308201298710606	0.5668049832363246	30.48221906116643	2.7745184310446396

S8S7.txt	1.44464285714286	-0.651563200581377	-0.08251201527209764	0.07315373209575354	0.177408461727302	0.45844695046535605	-63.32432432432432	0.6167788689463924

S8S8.txt	1.53758865248227	-2.5960753868495785	0.12532613566379538	-0.0577875353073346	0.2695385586171444	0.38954109131936854	-192.70554765291607	-1.6924057924475606

S8S9.txt	0.394317329332333	-0.6990325179838357	-0.13863946118076054	-0.035730138952905555	0.15459156375172917	0.4464730321832249	-80.57752489331436	0.43476284756110656

S9.txt	1.50239933235969	-2.486397248379257	-0.003906781135429305	-0.2681549664540564	-0.015716739798698115	-0.08096372120332296	-177.1873015873016	-0.45836038783920785

S9S1.txt	-1.23899390590889	0.15696201440680263	0.5323545478843114	1.1954230246648783	0.09076440070555995	0.041380128053118324	-133.20625889046943	0.5663440583117767

S9S10.txt	0.153011597456042	0.15233666203999413	0.49928535578586086	1.1131179802414009	0.17433576871520984	-0.004030823976162945	-75.60739687055477	1.3583367817868643

S9S11.txt	-0.0793262444716287	0.5218682997394181	0.4810357130079632	1.070413732286537	0.09180593139892211	-0.23153527133665383	-84.73541963015647	1.935742764894229

S9S12.txt	-1.347332895847	2.551177647653667	0.33107218102588654	0.8856379447787398	0.08599834646051677	-0.043630327896923955	-50.366998577524896	1.5597581077660914

S9S13.txt	-1.22779422649889	-0.41472605109475574	-0.47454007397260634	-1.1571765111670291	-0.11621491749033054	0.07895672847425063	-102.28449502133712	0.017093520246047884

S9S14.txt	-0.354118410080608	-2.5310018092479227	-0.4146045997990057	-1.1803165594965257	-0.24718241710676053	-0.3274021720880142	-229.42958748221906	-2.0351289175871443

S9S15.txt	-0.143420811158011	2.608063924681833	0.34031408758567616	0.7764971240820449	-0.0051432477057715585	-0.021231190182264333	-116.21187584345479	-0.08351779280784279

S9S16.txt	-0.422785278342889	-0.11834325980462834	-0.5804597454223291	-1.2553397785162979	-0.3505937517954253	-0.31752430637894236	-151.56756756756758	-0.02770017898621528

S9S17.txt	-0.46661727937772	-0.20854210732060185	-0.6192176818344421	-1.3854963063465566	-0.37151231303627624	-0.3710423362978094	-186.9402560455192	-1.450101436400748

S9S18.txt	0.0647069698650397	-0.5413864890798875	-0.4335690245768385	-1.038697225282445	-0.049450655129912174	0.1969176066001956	-114.85490753911806	-0.03153285611764109

S9S19.txt	-1.47071402008181	-0.21122235563506953	-0.5291281457109747	-1.1489386787189375	-0.19723580213035796	-0.007943094305968155	-115.48079658605974	-0.2175991155431377

S9S2.txt	-1.37492556025701	0.03563324884160177	0.5926552224525445	1.4096466460913915	0.08353080286690762	-0.026231468973044354	-68.4068278805121	1.691513542780524

S9S20.txt	-0.258334107159439	-0.29734728050032677	-0.4911491840354658	-1.1071848174790326	-0.10091458084397203	0.05797616940651037	-129.9886201991465	-0.5529951261837615

S9S21.txt	-0.263201778765981	-0.31174456442740894	-0.5119353784699845	-1.0983762015131568	-0.18712256554694373	-0.0377000595417593	-114.66002844950214	-0.15898953470572472

S9S22.txt	-1.39888320148906	-0.20339760115673639	-0.5113890144406188	-1.0583196957116394	-0.13459082775814885	-0.009010077123187759	-156.74964438122333	-0.5041272785730413

S9S23.txt	-1.1871578361325	-0.41132435429747866	-0.4704734141227918	-1.0449727953373245	-0.12747451811018173	0.0377000595417593	-96.26031294452348	0.7580597709958409

S9S24.txt	-0.0354264330948267	-0.7028306760437184	-0.17962403893747636	-0.14794649464360088	-0.0756536989444268	0.1166637028548184	-95.6443812233286	0.6432002860998034

S9S25.txt	-1.61751580513202	-2.5662670033213693	-0.53069993210576	-1.2383998373400198	-0.3993840503330889	-0.47480137888668233	-168.48364153627313	-0.6447538832659528

S9S26.txt	-1.60199833472107	-0.2654207236748373	-0.534830655545607	-1.1202470494713421	-0.3181507250722688	-0.21754594106644126	-128.13940256045518	0.18485410798652566

S9S27.txt	-1.44816053511706	-0.49223197133384483	-0.3489322912631706	-0.32791782845542855	-0.23552163709219778	-0.20924718582139992	-178.60597439544807	-1.9731208874551975

S9S29.txt	-0.368927546960303	-0.1212461381959612	-0.5530511915198668	-1.232958374921881	-0.2655827566486142	-0.20381788000948542	-168.724039829303	-1.0649255906845658

S9S3.txt	1.61953147050522	-2.622851094448935	0.1495672609663931	0.04339577005548845	0.2026589333332853	0.2550088933154851	-133.12233285917497	0.5144636272849646

S9S30.txt	-1.56664812754913	-0.23118587745937796	-0.5278533944654387	-1.078850868108045	-0.3481139016590989	-0.27678624807906504	-178.70839260312945	-1.7148567759510067

S9S4.txt	1.46046205860255	2.6336363057213763	0.41718221122645843	0.9405427886823963	0.2326490045550132	0.2310610567512229	-112.71408250355618	1.0934876161897331

S9S5.txt	1.44542303007589	0.016812186804031654	0.6054618287921063	1.376800335533154	0.31586797263907096	0.2531270382063387	-51.45945945945946	1.428105606805948

S9S6.txt	0.213488870174563	0.39160027804923403	0.5128560241303561	1.1093542066676791	0.0923742354199133	0.025133373027839537	-109.00426742532005	1.2374184720354422

S9S7.txt	0.287629016756508	0.2963874409264152	0.5162678299879453	1.1843288364639548	0.1665920835970451	0.11772377083322953	-138.53058321479375	-0.1956920505783087

S9S8.txt	1.51128594174394	0.19446101713921932	0.17056701595942947	0.06570479997724787	0.2678169499231396	0.21530618331742912	-57.620199146514935	2.2194247410124275

S9S9.txt	1.41867441642449	0.16429303091951952	0.5828750594182304	1.2603605845934596	0.2202665886273789	0.03829282777354797	-103.93598862019914	-0.3306607497156254

