	SScmap	SSfisher	SSlincs	SSlincs_Norm	SSpearson_corr	SSspearman_corr	SSzhang	SSzhang_Norm
drug_1.txt	1.84751899749862	-0.6900619782662892	-0.23319702709736617	-0.8654884200825526	-0.08992540956512342	-0.20835222395650319	-10.644610114666811	-4.681831100048874

drug_10.txt	1.84677012081364	-1.0055146412692078	-0.04500779867110344	-0.10133025368742363	-0.059367441514199974	-0.09246274429607938	-6.557905831470679	-0.8917544807760155

drug_100.txt	1.89613063289106	1.2663866224349225	0.05573544510619036	0.10300113201605071	0.06897702731494304	-0.030001118034123937	-7.0806392992785625	-3.0245180381496586

drug_101.txt	0.0147632103406722	1.163750428712077	0.06712169217063957	0.12765617650984784	0.05790386119211335	-0.04304330417904416	-6.90371440513184	-1.9974911284161643

drug_102.txt	-0.0732470506905453	1.3282389633039777	0.018903194521673272	0.044544695307197235	0.024430982268606856	0.12939397594398974	-0.633697686674299	3.4581607352535984

drug_103.txt	0.0098705493321849	1.1391770562917145	0.050717787496087824	0.08121806435858736	0.0498057439450681	-0.07344170700101575	-5.982004942848317	-0.8871635890419913

drug_104.txt	0.0186074439901979	1.0734919178114268	0.036650149265167936	0.06945735532582725	0.05762136020619075	0.17302965734501827	0.7877164767667957	6.234506435764312

drug_105.txt	0.00952107354586429	1.110258477516692	0.05115272434594417	0.089898933061204	0.03133954358864184	-0.08311261130439765	-5.379499900052699	-1.088307977085773

drug_106.txt	0.0091715977595439	0.9659525067820947	0.07415008504852466	0.14076021565786734	0.08987881342370121	0.17822103301027392	0.3540905704265024	5.793660378727683

drug_107.txt	0.012866056072075	0.9346590131024135	0.02594948726180532	0.055061214707364414	0.03745181761964351	0.0017189225492692003	-4.885796579985099	0.06435378359561253

drug_108.txt	-0.0829438875490786	0.8564827861115756	0.0414263415682172	0.08912522715768179	0.057064677624952945	0.03493903290148507	-4.190626760435407	0.38194387896829163

drug_109.txt	0.0267452373002328	0.9030276926021343	0.04517736897296949	0.09708439566649263	0.08434301968926229	0.03632136209702015	-4.505606134947028	0.40733358325559094

drug_11.txt	1.8576115821988	-1.0877155904500435	-0.04286903412392318	-0.0904560680827764	-0.0732530825133325	-0.10020244605243173	-5.885901070344727	-0.6467794190582136

drug_110.txt	0.219137083847912	1.008041315197984	0.04785680738777942	0.0994012419611976	0.11824559535101092	0.09764152482386154	-1.4654182340220612	1.974935783479953

drug_111.txt	0.163620358935281	0.8825582932326804	0.04026264604644386	0.07939005705387925	0.09838090122559993	0.03171490990804648	-3.53861145941231	1.1547068202765485

drug_112.txt	1.71445149349147	1.002118810351877	0.048467008099739556	0.10684694929879995	0.11321583614996228	0.13883051658150852	-0.6916262334405495	2.1866171610127716

drug_113.txt	0.154833539164937	0.8760884095683368	0.0036347365377627505	-0.0005499948356447737	0.05931996540938461	-0.02145015770920146	-5.817859673990078	-1.204007185663202

drug_114.txt	0.18783403841606	0.9382779209293433	0.06472638909864709	0.13124028201590376	0.12599712465213586	0.0755107620350929	-3.5757464246124773	0.7598085545952767

drug_115.txt	0.211947867672176	0.9003335122340701	0.05626788903126495	0.11425191122400863	0.11752715902495295	0.04686982009173542	-4.069963110359992	0.156165060964727

drug_116.txt	1.72583624563155	0.8873025035325468	0.043220567809123506	0.08929122197762301	0.12339734485037318	0.19516026976617915	0.21371912991331843	5.67808211589094

drug_117.txt	0.208436030165278	0.9659597837902751	0.05193719975107461	0.10229425835702888	0.13683311395259767	0.17571669052338293	0.8253511784695342	4.3932015408892475

drug_118.txt	0.0901200830333446	0.9481931656480377	0.048756225302459294	0.08931643519727234	0.14207974914213434	0.19933564551807292	0.7889113013138527	2.7319716123917788

drug_119.txt	0.126365714586016	0.9698210875481996	0.04976656225108833	0.1091923174707381	0.1152240859554817	0.10711967389945601	-0.7109796652674044	6.8401512403977005

drug_12.txt	1.84775725799405	-0.9630385879757533	-0.05504550327906475	-0.12496100436807078	-0.06097451152349686	-0.010155283242662284	-2.4239401043086373	1.2533660677646687

drug_120.txt	0.0642588748456262	0.860279075176869	0.03632418120496855	0.08825741795357894	0.09752812434803565	0.1376310481775119	-0.46445510548983265	4.4806107082983315

drug_121.txt	0.138846992668891	0.9958266742528288	0.06266519822277494	0.1175520368035396	0.12093071272004487	0.14573548162506816	0.049460284577222915	6.762113393165364

drug_122.txt	0.057169508894553	0.9865960692391705	0.04182571248275194	0.08712180797449509	0.07717688481631056	-0.05477272317628546	-5.5824292645695905	-0.23940551199805077

drug_123.txt	0.0903197834826708	0.9352190391402321	0.04488570874391401	0.08467850733244597	0.09278114623219035	0.017517899544382032	-2.541055625215795	1.847094483412022

drug_124.txt	0.0537246761436792	0.9103737926507611	0.046198177220386244	0.09682937176134426	0.09788195229058591	-0.02929808142495401	-4.477825328463174	0.2694546265077127

drug_125.txt	0.0325872765520099	-0.9794881778428586	0.03499048965050919	0.0812510292207893	0.08466649413696649	-0.0421125450985851	-4.9585854731141765	-0.13422164214454646

drug_126.txt	0.0734950206269543	1.0224546349681995	0.04198848061282126	0.08341355903053	0.06093200938003135	-0.060804470262992454	-5.140834832542841	-1.1663625505145612

drug_127.txt	0.0429408518800746	0.9659172703459082	0.055510856384875296	0.11513686384759553	0.09384109693797482	-0.02912265596340942	-5.24272656235803	-0.005394126781460282

drug_128.txt	0.0821767348976535	1.0768559046906152	0.054195977903085585	0.10198688925842397	0.11172942035946581	0.03785968628095285	-3.154091479038325	1.949568434265655

drug_129.txt	0.0616627690043882	1.148316077906616	0.030692862655625458	0.04925089737203342	0.08013546415826936	-0.032261656444779276	-3.59727143869596	0.6416335519191526

drug_13.txt	1.88127608544394	-0.9815695914434279	-0.053310701478605754	-0.10449760574840028	-0.03916716431742495	-0.027126822017872212	-3.971646768067746	-0.17730004750962258

drug_130.txt	0.0608587119321018	0.9959801243938707	0.04737972120884723	0.0963738773963903	0.09163897601934448	-0.009980637141512472	-2.3038988533318796	2.0887401433874393

drug_131.txt	0.177089628714822	1.0274889062562342	0.06980821446266974	0.12930359409812942	0.09487991939714834	-0.048856111753106626	-4.249391230078686	0.15732502307826843

drug_132.txt	0.0841737393909137	0.9769663371020743	0.04888556135990052	0.08784092336509708	0.0972834618856505	0.0023998110672509357	-2.642506678296898	2.231568541153682

drug_133.txt	0.0552224295136242	1.0128685813773828	0.016391397055751156	0.03136196668696284	0.06172883340698251	-0.00323099149215584	-1.5580375801849933	1.864289402662298

drug_134.txt	0.0608140420947526	1.0800373608134934	-0.005077506521946412	-0.011412871857355511	0.06491300662945387	0.08946407120616337	-1.2203474531610605	3.137870099682068

drug_135.txt	0.0659510733899151	1.0973848189419757	0.05365539779846229	0.11553865812999808	0.09283784895397756	0.01598997748052502	-2.8728852059823002	2.792442163351483

drug_136.txt	0.0716477914706887	1.0561767915308924	0.03661316267383599	0.06971619859194589	0.09528878257780748	0.07742898811955728	-1.3764151629141	5.150563210623298

drug_137.txt	0.0544735528286517	0.8821350696997758	0.05371228917645135	0.10524178549751917	0.10882461244481316	0.0649635739006102	-1.0988978538588745	3.6410377506750113

drug_138.txt	0.0689019102924561	1.0480067445807801	0.05055945171539952	0.10346037734981817	0.11075397013383736	0.10517187597678329	-0.18634265569063585	6.499612089615156

drug_139.txt	0.0684525842814725	1.1484318770115798	0.02653164735364555	0.04712993825000522	0.09928479074024527	0.043161650785046114	-2.1416889276563267	1.9307873179875799

drug_14.txt	0.00981617005386237	-0.8882056772789482	-0.2753639604605622	-0.8700717384986993	-0.09338811766105337	-0.1750791352125943	-8.30208617274528	-2.8443383830219444

drug_140.txt	0.0142846385107832	0.8556117253697715	0.059442538397102895	0.1203850110782056	0.10081447753947	0.12765967073388243	-0.5611768340329645	3.180168553248636

drug_141.txt	0.0826812412959508	1.0936433406220565	0.02157782692075147	0.03312900554015519	0.09543562908909217	0.0669628252528229	-0.6315124752403278	3.6592336889604185

drug_142.txt	0.0840843997162152	-0.9692297151110075	-0.04397687527772237	0.0	-0.08949587395782904	-0.1909783811822946	-5.428564938486979	-1.10670689029911

drug_143.txt	0.0723519983183121	-1.1492070142688875	-0.025336927960414812	0.0	-0.05547039470214348	-0.013829499010479371	-1.6894319358883498	2.590523323124566

drug_144.txt	0.0615259609515977	-1.1153046114981011	-0.006483749570260655	0.0	-0.030619427036886082	-0.024284236142375907	-2.4538425193988624	0.26739699311488585

drug_145.txt	0.0588222928764747	-0.9947214835821344	-0.039731805097234396	0.0	-0.06762563889016704	-0.17540612171646888	-6.368723763833615	-3.23408929050925

drug_146.txt	0.0207793572798696	-1.083711229854915	-0.0015703739303808972	0.0	-0.031316938421111176	-0.056660883978002716	-4.0730069599665635	0.7561714706773697

drug_147.txt	0.0472895919278977	-0.71211840199708	-0.06210859894665885	0.0	-0.09006701710750373	-0.1800699934860067	-6.889703610823384	-4.147214452673966

drug_148.txt	0.0528389914059164	-0.9342299985070872	-0.025254217467565343	0.0	-0.06634765644078029	-0.20067049311637386	-7.446364644096749	-2.9496157891846697

drug_149.txt	0.0679086633208084	-1.1228611044652006	-0.00978593684027057	0.0	-0.05836680203054291	-0.11483714913371262	-4.9130276763161245	-0.08886668337797136

drug_15.txt	0.0218635461441983	-0.8395536820300429	-0.058557240361199456	-0.1382488412082237	-0.1052304908352057	-0.1946711133951587	-8.674130912791437	-3.2624591126614066

drug_150.txt	0.0727014741046325	-1.0252706173421127	-0.005336207766682172	0.0	-0.04999977412884826	-0.1590362861852495	-5.32906740082502	-1.4701456460763336

drug_151.txt	0.0183829518879576	-1.0014939185624874	-0.03970127049616434	0.0	-0.07500968314959983	-0.15315191357990834	-5.7305375347544025	-0.992317934183764

drug_152.txt	0.0580234910791706	1.0478814554466258	-0.014085017801812552	-0.002350367734010317	-0.020634207231261265	0.05229386375372368	0.8766468589289284	3.103717680938125

drug_153.txt	0.0387024726068791	-0.8946251482585827	-0.04950987281748423	0.0	-0.0904146363939067	-0.21936950889141232	-6.343845972123789	-1.1435353803127613

drug_154.txt	0.0332606353627453	1.2416349847796757	-0.018869344292995305	0.0	-0.021898076663888363	0.10649311893646764	2.103858874411674	4.968804188092376

drug_155.txt	0.017234674304333	-0.9541827513613019	-0.03554148044194075	0.0	-0.09230606532724187	-0.193036012398807	-4.694084028421377	-0.4550894885785679

drug_156.txt	0.0758966812938487	-0.7223035340675487	-0.029956874486467333	0.0	-0.07542718944312005	-0.14041999647085046	-5.972446346471861	-2.355011427967425

drug_157.txt	0.0395012744041833	-0.9065065650985001	-0.03501879792249962	0.0	-0.08600635556168841	-0.1552251279484056	-5.857466063348416	-1.070500753978357

drug_158.txt	0.0598207951231048	-0.6494508642519081	-0.04444505942099225	0.0	-0.08293275827663056	-0.14774431896344062	-6.370763597375929	-1.954205602585418

drug_159.txt	0.036213928999526	-0.9664812335064283	-0.005591481103145612	0.0	-0.08499316861688615	-0.20320061896174482	-7.062894110378164	-2.4587280798550055

drug_16.txt	0.049706334806733	-0.8830831755044908	-0.056441028558212605	-0.12691188053948688	-0.07581005198103818	-0.14956360103604702	-7.845967580730161	-2.723503414977824

drug_160.txt	0.0338175236076137	-0.99951200250302	-0.04405125013286593	0.0	-0.07819097997528943	-0.18590232023321684	-5.464309727598176	-0.8798322155735824

drug_161.txt	0.0617678745040334	-1.137927211667495	-0.021665550948556683	0.0	-0.043057847934694755	-0.11612120514261574	-4.993635174180887	-1.0124384532846222

drug_162.txt	0.063016002312321	-1.0050902208129506	-0.028462069840147902	0.0	-0.09372118776883462	-0.21449730996783992	-5.354417670682731	-0.6980794821228448

drug_163.txt	0.0234253882334394	-0.8590391858607996	-0.028210343064658	0.0	-0.0837255187498624	-0.17504757588717904	-6.440826655036435	-1.7315616280934671

drug_164.txt	0.0625666763013375	-0.9282763783060392	-0.05011857334842859	0.0	-0.07698117086549303	-0.15112351539016275	-6.738842246815316	-1.7330597348838697

drug_165.txt	0.0312636308694852	-1.0803607773827815	-0.044589234480983175	0.0	-0.08411548494762894	-0.18163869317673395	-6.547929273655709	-1.5512846127185773

drug_166.txt	0.0571747641695352	-0.9854388608834208	-0.02963831455921287	0.0	-0.07017910232421559	-0.1787701575438229	-5.744443838703229	-1.4318834277049222

drug_167.txt	0.0499433348906893	-1.1468277088365546	-0.003183992090384724	0.0	-0.033842798185308456	-0.14392568348273344	-5.77615439132094	-0.9066651991224751

drug_168.txt	0.10285624195286	-1.1905887901617422	-0.04796602009438258	0.0	-0.03425249148732874	0.07209925101641813	-0.16906085881989497	4.356885528119497

drug_169.txt	0.0311138555324907	-1.0215899458529067	-0.020992326101692077	0.0	-0.05705345142481606	-0.15803364956751115	-5.384211052354213	-0.7604076729296083

drug_17.txt	1.88776635004703	-0.6272834410173729	-0.04868758363883427	-0.12282837995590168	-0.09236014221045193	-0.21777769783085948	-9.32566464954842	-2.43895688439277

drug_170.txt	0.090824289880968	-1.141143618844008	0.0012030913999850068	0.0	-0.026657446034054656	-0.12987829775249232	-5.313371131585164	-0.754894871636687

drug_171.txt	-0.0493276666087732	-0.7282553771467501	0.007856431075811493	0.027957452736087574	-0.05208750885923239	-0.11801548186561812	-5.506628323247742	-1.7254291383116667

drug_172.txt	0.0775414114600457	-1.079869819686276	-0.01103866885115154	-0.03305992548426656	-0.03896894635277068	-0.15471894782870654	-7.677174762398009	-2.903747572774677

drug_173.txt	0.135111122362242	-1.1490565783544542	0.01010672114274569	0.01737165247734107	-0.04674203817597782	-0.14467514348379068	-6.957186210906976	-2.14571590507267

drug_174.txt	0.0681384106980307	-0.8760374994153375	-0.010693246167591486	-0.017697875093736493	-0.060819997563530744	-0.16817068666744028	-6.960261861927347	-1.6329602120953042

drug_175.txt	1.94355948960598	-1.0920566936404135	-0.017939201410817174	-0.03776086684831803	-0.004516209676450863	0.0054890017008325616	-2.4552463246651763	2.0436146242799107

drug_176.txt	0.0556303435304895	-1.077070739568775	-0.008863346755014628	-0.01688218334607644	-0.031520990051884	-0.01823129157361898	-4.376460593505243	-0.5102419525036144

drug_177.txt	0.0132284991425997	0.863396212402695	0.007788584851207564	0.01130632949706617	-0.011339545465036946	0.10942605767424744	1.0202665867088263	5.649305368922128

drug_178.txt	0.00633883364085241	-1.1626379025663818	0.005358531337599282	0.010643745563430174	-0.038806098136272615	-0.08152838635119061	-4.475172181940431	-0.41883395503685866

drug_179.txt	0.0651814640042504	-0.8247131703832331	0.008133496410138996	0.009005124663798991	-0.04645659840327896	-0.13017379373753438	-6.337590179723419	-1.7978561421438173

drug_18.txt	1.88501275685958	-1.0542160864617147	-0.04573871728837167	-0.09853077273455751	-0.050376261087666525	-0.13220830226133826	-8.249868251285685	-4.808240621469593

drug_180.txt	0.132342105156343	-1.0233034034399326	0.005495343946922138	0.010717083350789691	-0.015041779426387908	-0.16949742854509287	-6.919415217430809	-1.7883853953883337

drug_181.txt	0.0653426044074666	1.1939439094100177	0.013763376684995526	0.01898545956066522	-0.030768078264815285	-0.13715980089387345	-5.987865489105745	-2.227929477165386

drug_182.txt	0.0648433532841516	-1.0212709608250776	0.00726689875655992	0.00977561753463796	-0.021141885543953784	-0.16344508619785836	-7.27847589452834	-1.7541688213108897

drug_183.txt	1.89655316981737	-0.7914888922981815	0.017120537191295943	0.03580498851820785	-0.034457973537153325	-0.14965809288739307	-7.224286285413146	-2.6487062116198854

drug_184.txt	-1.7288875629645	-1.2852930419504118	-9.393475356189729e-05	-0.0006366061625087127	-0.046903410349718365	-0.11916755611700072	-6.255442584818914	-2.63801024819359

drug_185.txt	0.0800437234605944	-0.7115174331814778	0.00903040573228761	0.01865469710996187	-0.048051913049080866	-0.18226168423561442	-7.734889785385888	-2.6235831864855332

drug_186.txt	0.0490901538150627	1.1062656005753155	0.02134198577568222	0.038441570779552625	-0.004704492972628852	-0.057133876360962066	-4.58640444129459	-0.21707534282620727

drug_187.txt	-1.84093659468008	-1.0951862277096915	0.0066499476982660455	0.01908168992347753	-0.04573369038950434	-0.18592504036125845	-8.507995784041142	-2.7148136852906286

drug_188.txt	1.88524695840279	-1.1618248515890555	0.007851310956057789	0.022212617580188554	0.020436676755638476	0.10167213833073914	1.3862145414236131	3.8276577943465697

drug_189.txt	0.0722992746652379	-1.2685673783717921	0.01579934451876297	0.023468038343049835	-0.030133578785845876	-0.14603931766664888	-6.000140834832543	-1.4593427348251629

drug_19.txt	1.87917151871679	-0.5911085890676799	-0.22373083881493505	-0.8880212740481661	-0.11733853169649783	-0.21362091610499717	-8.957867669774119	-4.588625906246363

drug_190.txt	1.88185205076425	0.7837734378047609	0.03886293927330724	0.09636598714214423	0.06710417030799055	0.15085271269599929	0.8076196187464791	4.892205303667037

drug_191.txt	0.0750682918711364	-0.8022102507186295	-0.16849114378066252	-0.7491738157449163	0.027860379328804318	0.03248899626121196	-2.621272419996729	0.6383252711745521

drug_192.txt	0.0773968913980333	1.0854749948318574	0.017643547759553957	0.03876138036642662	0.0259911813974009	0.10209698558704902	0.3902987515673554	4.833599653450334

drug_193.txt	1.87451305925152	1.159307854951022	0.011519091006453847	0.02009812888030471	0.008360400999196858	0.018591651247772626	-2.9523342237729198	1.2481062909069334

drug_194.txt	0.0276223555125165	-1.1676623019157581	-0.006485738488500231	-0.014984762007031027	0.010848449254690877	0.07631659491720974	0.3995302476875829	5.141233557033251

drug_195.txt	0.0537271328779189	-0.9161933918363339	-0.009004398023217813	-0.02574294909207231	-0.018723617704813234	-0.112590667045414	-7.580021443239019	-3.5933905430704374

drug_196.txt	-1.83454618030165	-1.1255613826120878	-0.021538419829114225	-0.04719817339435611	-0.01821969320458365	0.0718429886865554	-0.7172854313180324	4.663379526175856

drug_197.txt	0.0818410275045285	-1.1810722746720732	0.009989898677219444	0.02011106060916157	-0.011760092466433706	-0.08138296873011513	-6.357316142397645	-0.6402977582711433

drug_198.txt	0.0875592793949853	-1.0302109367531376	0.011037374160830421	0.018657398899968536	-0.04509455689768873	-0.16424646425577413	-8.518204037870941	-2.6892245527484544

drug_199.txt	1.90821251007528	-0.8267535470242364	-0.018288083718914716	-0.03599281135115273	-0.008844162478891826	-0.0889304793101947	-6.528902942085082	-1.4768304185669254

drug_2.txt	1.86380229612791	-0.5236519950099002	-0.21707879936952074	-0.7889953388090449	-0.12372444519930968	-0.20559301305221084	-8.992317687037744	-4.446059251384242

drug_20.txt	0.0426997394366303	-0.6175329852805537	-0.20994872381789303	-0.8418686007893457	-0.10340993687642046	-0.2036994330556767	-9.05030529357248	-6.954813016392886

drug_200.txt	0.0671622433700754	-1.3939602442647252	-0.008558655402661902	-0.018423659067788756	0.002590406697405652	-0.07561158160194141	-5.172649875520181	-0.13785972284910292

drug_201.txt	0.0755995873540992	1.050401212227595	0.0029710834179596246	0.016851307934951598	-0.00972807091472997	0.03289302122049432	-3.0829426302495047	1.5046973607526917

drug_202.txt	0.02712230328021	1.053313202834945	-0.00625205757341199	-0.023289506629501855	-0.009135639217657004	-0.006148812418654946	-3.77380108669974	0.5201095557571774

drug_203.txt	1.81304388090521	1.0710617261325477	-0.0155406684357981	-0.03358889688614075	-0.0024465190659228187	0.07836782789082102	-0.31687837322139234	3.6051110960877835

drug_204.txt	0.020420973161567	1.0907181905022592	0.026438783177555852	0.04629042329283556	0.007069680231136097	0.03301948216861283	-1.9394410220065783	1.7688896298699435

drug_205.txt	0.0542815643885476	-1.0351275968372617	0.013763295302196582	0.01468977108036329	-0.0005857436133820541	-0.03144656097395581	-3.481314397862945	0.37919101420216267

drug_206.txt	0.0772703054959707	-1.036394439423409	-0.0204382631157235	-0.04471426589597488	-0.030714834165925284	0.01832178914497599	-2.609946573624816	2.0408670116059793

drug_207.txt	0.0734528075238446	0.8926716490533122	0.009895697785176433	0.00874212870089186	0.028867333075448788	0.09154619937781801	-0.6028775736429882	4.104287239764677

drug_208.txt	0.0941717291414184	-1.1305612258052191	-0.003903054905474379	-0.018485384532066607	-0.011394591344545943	0.005238516595717103	-3.2662096349197696	2.182254700992033

drug_209.txt	0.174201684208817	0.8330111045901066	0.022488022012230546	0.049121951756744164	0.04620371505635587	0.11386594186392412	0.8667657053553581	5.003328303756299

drug_21.txt	1.87492788416861	-0.548736591442281	-0.24152816237735145	-0.9008948608342525	-0.1335294651531892	-0.2381064984950899	-9.502621345108942	-4.69170030297927

drug_210.txt	-0.00289405429724487	1.1393248573915602	0.008677209111406126	0.022160950275977753	0.0009311209935513989	0.08510904586945008	-0.8929200966762979	2.955912691030142

drug_211.txt	-1.78899214293664	-1.0385249634234284	-4.803981837070426e-05	0.009214613300386976	-0.000708987241320489	0.03602995695108021	-2.0180268585654835	2.547259813394723

drug_212.txt	-1.82089428971647	1.0002183178475765	-0.006155821092660635	-0.021971486845687394	-0.0036693544259001174	0.08211280314672549	-0.32970342910101946	3.3297625648083264

drug_213.txt	1.87396388301587	-1.1727615424479079	0.003446256325461944	0.009455928835040539	0.00426806155453762	0.032900709831051804	-3.17551200276218	1.1232175413458503

drug_214.txt	-1.8491519032961	-1.2068088631133498	0.014506742717604826	0.03177384507317571	0.001596033154768366	0.024163302447358866	-1.7382471060713443	3.095199312219377

drug_215.txt	0.106952557898283	0.8137518430220009	0.0197972839930092	0.05303464356688098	0.018161173781522856	0.041248595735571617	-1.943243562485235	1.5150845788794718

drug_216.txt	-0.0185705395693367	-1.1646628402230053	0.008353194217242649	0.016946136278724044	-0.002678327571451093	0.050409101964289285	-1.0801668211306765	3.8994956318824383

drug_217.txt	-1.84585684588223	-1.14370674270369	0.0012087772085763449	0.0011707449561061956	-0.03145005245350925	-0.07430279288706262	-6.219775027712661	-0.6351239224243848

drug_218.txt	1.94620552055955	1.2327663313657757	0.01964993358258238	0.03713022623483969	0.020639899968937787	0.12809679389854675	-0.5156780970033982	4.4683991474048765

drug_219.txt	1.93941570528247	-1.114694806084712	0.004867774034594513	0.015396348554840122	-0.0033583947023300845	-0.019995878363470554	-4.028380490286939	0.6064134011352587

drug_22.txt	-1.85264826337729	-0.40453525169966575	-0.2640292564565854	-0.9788381114439126	-0.26546891124202265	-0.3201127856679099	-11.397962892293155	-7.6604681947310205

drug_220.txt	-1.74401893095316	-1.1907714940133336	0.0038545766375960577	-5.162124597279938e-06	-0.03293694422650609	-0.083065039258776	-4.979519889512803	0.1387049069384229

drug_221.txt	-1.83699251080589	1.2206357175342888	0.026299072702082982	0.03229259258161865	-0.0002605152330042044	-0.0412300792384037	-5.022056551999855	-1.4683231095718827

drug_222.txt	-1.81280642151877	-1.1730904505885122	-0.006726808438590193	-0.012468971957207586	-0.025134815493247017	-0.03649105893550456	-4.442616620327463	0.5152823404363543

drug_223.txt	-1.83699251080589	1.2107131727301157	0.04488478081437028	0.09209686611669593	0.003054178177683663	0.013167244723806244	-3.1143987715568153	1.112183549359578

drug_224.txt	-0.00400777737971569	-1.3477346758083353	0.018198315341465737	0.022087505522425444	-0.01395213343541996	-0.023800212709053636	-4.170296570898981	0.5217968067791688

drug_225.txt	0.0871822134150079	-1.2727203326691146	0.01620512475624633	0.04032833998436497	-0.003362055674612277	-0.028047205144929484	-5.1220629122826145	-0.4198830375648858

drug_226.txt	1.87555012154426	-0.8186684567874674	-0.21069165581770455	-0.8125323961110729	-0.00996771563434	0.0013816298604685047	-4.473822893383488	-0.12345240625194967

drug_227.txt	1.92398884557204	1.2591410946737316	0.031216205545914172	0.06393131538860708	0.014341741060042993	0.06326381122651974	-1.196555452579549	3.2310601542796746

drug_228.txt	0.0705348160899428	1.232003756330445	0.010883792353232946	0.017142608337528786	-0.006986822174367062	-0.04705155873376836	-5.567287248541678	-1.5959336415646672

drug_229.txt	0.0281370306542752	1.219829705401429	-0.0005613971574141008	-0.014875306489838869	-0.0152388417364714	0.03582181514326188	-2.722696214723146	2.457847707947519

drug_23.txt	-1.84062402331462	-0.563542735672526	-0.23993601642536805	-0.8956074176197002	-0.13449264335602232	-0.22719258979059792	-10.352396009376873	-6.933170121645007

drug_230.txt	0.0808693143425639	1.2791003194106083	-0.0010912172519172425	-0.0046853320169628065	-0.010475882833927197	-0.052724638931588755	-6.3773374039143	-1.4636040352141764

drug_231.txt	0.0471921984374742	-0.8739638062936963	-0.20615763786975297	-0.7512589338489717	0.005158259592503048	-0.018474684023151805	-3.8679332715477295	0.5405439576834262

drug_232.txt	0.146271211496833	1.2916476141842723	0.008540544118838034	0.019690482019786792	0.006180715512307051	-0.060123566981704804	-3.9573452179759765	0.7011138534879284

drug_233.txt	0.108727527023543	-1.2671384257705505	0.007376468154421861	0.015348644394453215	0.0343571327765336	0.11549160958775458	0.57528303258282	6.586588660739074

drug_234.txt	0.0860116009127088	-1.0957692905727188	0.2980476489617163	0.8249600493951871	0.02390884433299979	0.0063005413867810835	-2.6491668029584403	2.7267985948750346

drug_235.txt	0.0588754758320372	-0.986788238299301	0.2730512800570969	0.7836526772146574	-0.005900898805476919	-0.10970374005400683	-6.256410256410256	-0.9422773251500361

drug_236.txt	0.128497871506818	-1.0505673659395947	0.2813166151301154	0.7839170089495544	0.009149638009354115	-0.05727031598561654	-4.938305257228007	0.42351924955616405

drug_237.txt	0.0598508420510013	1.235383733411533	0.3075232935574248	0.7827957134679415	0.02598842229731416	0.004876710940690902	-2.3522778898399026	2.279575907444785

drug_238.txt	0.0872597287209964	-0.859266964348393	-0.009047727885365953	-0.027395442878190845	-0.03185685187861489	-0.12448097530597117	-7.1231259881153575	-1.689451909811295

drug_239.txt	0.163182803885742	-0.9850005528532889	0.009049792987820188	0.017526283550482913	-0.025231079232704682	-0.13969357857177683	-7.528121535917426	-2.3171490858646466

drug_24.txt	1.74043734355677	-0.846746141755716	-0.04271678439259394	-0.12888267174286103	-0.07872112594110603	-0.08187788167423739	-5.6045675916335025	-0.6851062748462918

drug_240.txt	0.103235764667077	-0.9096135717417383	0.2742082812638826	0.7928066968674958	-0.005096748014619836	-0.1227043886834381	-6.766841120136656	-2.010153966191141

drug_241.txt	0.138033567962135	1.170282060393308	0.04638672147594455	0.09249460125407016	0.035243270487010564	0.006806990803753999	-3.7192798342692037	1.1130833314124002

drug_242.txt	0.0322422549316803	-0.9940713673259702	-0.0017740250047601769	0.0027734168411026605	-0.03898078013212658	-0.14824696737516355	-7.920805393519781	-2.85323960630559

drug_243.txt	1.75931874545905	0.679234051147123	0.1983942175154701	0.8082205167663312	0.10380345549224437	0.12155008126276573	-0.5816569445201621	4.2834056986735565

drug_244.txt	-0.00599632216202872	-0.6685135089556091	-0.050678698623691926	-0.12347311583733775	-0.052915745016069236	-0.11314530378141761	-7.718557487870032	-2.600686275290939

drug_245.txt	-1.7932581124035	-0.7426179123898247	-0.0006340154366634015	0.005647408271977183	0.0003194479513985237	-0.013580170780779189	-4.751930800123572	-1.3239087366452027

drug_246.txt	1.73392999930998	-0.832265857085071	0.2231373588485698	0.7312160270318486	0.05494143049004368	0.0069317117959352016	-4.705650656926348	-0.004973363802341224

drug_247.txt	0.0556303435304895	-0.7938638608545882	0.21315946956676896	0.7600088513883962	0.049533940333475794	-0.014578366459812203	-5.0880353995166185	-0.6709457468455244

drug_248.txt	1.70145959921906	0.5979993859330928	0.18550023853905379	0.8181536844065564	0.10355018330764368	0.14594798099079373	-0.2679178251467408	1.6218548427439088

drug_249.txt	1.7414187661597	0.7654716541730111	0.21627150315767446	0.7565472656474133	0.08552706839509215	0.11312710844024863	-1.35111940976576	1.9204519873354216

drug_25.txt	-0.0579768238100702	-1.1366996848068105	0.02389424650523808	0.050442519730627466	-0.059624690549559684	-0.15816090644590294	-7.886673390394156	-2.991457738050824

drug_250.txt	1.74429128664726	0.719328213743162	0.025709370209792498	0.08861809069749299	0.09356320912597067	0.1494210069490606	-0.3110314561413073	2.9476269470736947

drug_251.txt	1.7249743271272	0.7512818215230157	0.18003581819285747	0.7775387001606324	0.06480067469195001	0.0884509500529338	-1.2081447963800904	2.360307764797802

drug_252.txt	0.0912078715474072	0.8757681093879242	0.005918466841800349	0.011583811034799496	0.05762782565173334	0.08099267001620689	-2.469797743008232	2.7655568967951583

drug_253.txt	0.139231770658091	0.7668987273118373	0.013451374778853373	0.03265106672709778	0.07224960924006563	0.09823669424188003	-2.0207617801522835	1.4552155492412182

drug_254.txt	1.72903733830149	0.6025369830204572	0.18414867621895264	0.7732335616718048	0.12010110318518234	0.15613765260736276	0.5911155935961039	4.050117343728769

drug_255.txt	0.178290288145018	-0.7918551793402857	-0.00355545011102143	-0.010080944429489924	0.02309415410743418	-0.08258245709017191	-6.878536771520471	-2.6157094633503086

drug_256.txt	1.77614350831476	0.8887498676540162	0.22978456487396887	0.7513585222501886	0.06383479327524622	0.06307406437400441	-2.396599974558869	2.507893170423235

drug_257.txt	0.210075505056493	-0.9426450045309192	0.20343037493222801	0.7203256583994977	0.0358506274695028	0.005953793620742997	-4.646086608878955	-0.28185329650200563

drug_258.txt	1.73662595537588	-0.9136475829391948	0.013348979280220663	0.043429417387646496	0.0477415954381559	0.028074784177374575	-4.797447709389594	-0.0645297960151591

drug_259.txt	0.151718304015949	-0.7896564335059972	0.016688588250700298	0.0	0.02609336017142262	-0.02235554992706457	-4.714636827854404	0.18642641874708013

drug_26.txt	0.042874648233042	-1.1636192448293565	0.053513112349067055	0.10991286296493541	-0.0409505543822571	-0.14545726915688365	-7.3054298642533935	-2.643318685919267

drug_260.txt	1.80584329966326	1.034966292666239	0.025360502312031907	0.07119426226252001	0.01977103656636371	0.11539305646993926	-1.622753457267986	3.2443180242805174

drug_261.txt	1.80785938123196	1.0323473195244592	0.019672403571256297	0.05294526401668026	0.0023311276323370006	0.0808950465463529	-2.07655508913482	1.380026118489413

drug_262.txt	-0.0104481168704795	0.4825646874799351	0.22544642626185718	1.0076378222885722	0.10981557270874562	0.2029506341796424	1.8439413763651893	4.827950984461538

drug_263.txt	0.0179462513546753	-1.0067078237466955	-0.0061482544604903044	-0.017449083924211517	-0.022200355405354283	-0.043227178758360595	-6.135128750295299	-2.869426484687741

drug_264.txt	1.81958407062064	0.8083563853986773	0.03520333691404787	0.0901611286003764	0.021002690132573	0.07192339593841113	-3.3110178269639645	-0.05572883922363398

drug_265.txt	-0.0399538582583977	0.9891474182025262	0.026340284792424118	0.045971189978950444	-0.0019280854339434824	0.04340848543596644	-3.5772320049428483	0.8661697742153456

drug_266.txt	0.0898200196496013	0.6860205074471455	0.06607051787947356	0.17043926230422218	0.07059709909420642	0.1704705728372686	0.7423267731559723	11.82010789427454

drug_267.txt	-1.82134887100244	-0.9854072737366417	-0.011705049003375656	-0.035334513322232086	-0.03331057720340167	-0.023573563048819583	-6.609146995220701	-1.912265145816683

drug_268.txt	-0.0548919773954815	1.0428898508075055	0.00889603778260481	0.02217096447939887	-0.021490855409599965	0.023455183287310877	-4.511412164495084	-0.74988345353469

drug_269.txt	-0.02043313933678	1.131187810469048	0.01881207313899433	0.04087796366219015	-0.016727862289490785	-0.05900003856500697	-5.466694833633175	-1.677919401328038

drug_27.txt	0.140950704879779	-1.2553065634129636	0.0305264580575485	0.06709178866107496	-0.04467617049592692	-0.13374052500298755	-7.165585418597467	-1.3273179923872411

drug_270.txt	-1.68821698987676	1.0712889715034335	0.031038903271248947	0.06701849334717902	-0.007053519721044127	0.0027589695143256164	-5.392715659016155	-0.6781508233815712

drug_271.txt	0.00698586266941048	-0.7749766495573115	-0.01354308525807929	-0.04066819801952737	-0.04797006126455327	-0.05916692749215101	-8.087776445147105	-2.6161540405447905

drug_272.txt	-0.0848365342444186	1.10294542195266	0.039072874547568914	0.07881192456518898	0.0027603440751093958	0.0476911530391392	-3.267249995456941	0.3486048293348033

drug_273.txt	0.00769006951703377	0.687309895163299	0.04755611858385332	0.11908200851411	6.696630017882023e-05	0.053563421159508906	-1.3522188300714169	2.3803436595506526

drug_274.txt	-1.80871662125981	0.7231972589537355	0.026957693268990418	0.0728172867314662	-0.02924374680812967	0.03270112550933139	-1.621622235548529	2.3928413077456

drug_275.txt	1.84489610257271	-0.8469615588917088	-0.009755431942339216	-0.03829286776541224	-0.06616273432932514	-0.06456203971984423	-4.624925039524614	0.08573641549750395

drug_276.txt	-0.0257856369062154	0.7256129987916268	0.040818765133117246	0.09880583230851142	-0.0005061802940591726	0.046282459806657045	-1.5266723000599685	2.2332502770132483

drug_277.txt	-0.0537831143742239	0.7330444324855714	0.048626438029130845	0.10826292901411183	0.018147168067472685	0.056735748236075426	-1.9560686183648621	3.096868272081223

drug_278.txt	-0.0453562809401644	0.7939689558171008	0.025436990088390815	0.05600411350738893	-0.012578724372926406	0.04002293778241211	-1.809018880953679	2.4172979336577005

drug_279.txt	-0.0186703897939997	0.6773951362529764	0.02934888085313897	0.0598846150182617	-0.009676667598779026	0.03875338704546443	-2.4028239655454398	2.8189669590942894

drug_28.txt	1.77095701120976	1.0809037651994877	0.035074019631274156	0.07450561497461072	-0.049183473006724245	-0.1449576023423045	-7.573511239528249	-2.452293372474465

drug_280.txt	0.00694119283206118	0.7275855248147621	0.032822207838437006	0.08530633160514978	0.0030608069186930454	0.05685812768159167	-1.5086090970215704	2.8926612407778602

drug_281.txt	-0.025460205071084	0.967993223870832	0.002720204963078815	0.0017767673371936188	-0.02182672340516698	-0.003036353823140758	-3.663218484798924	2.789785731463453

drug_282.txt	-1.73243104961727	0.8905834630991227	0.0013599163616241083	-0.0008379534319256088	-0.02882453919851962	-0.0009203250644263497	-2.9566501299314907	1.4229124643784132

drug_283.txt	0.00119980491393834	0.8042643963674527	0.017218176751436637	0.054566434348349846	-0.01656848723540957	0.013402598096033044	-2.7368160424503443	2.364016855446996

drug_284.txt	0.00824369991867135	0.7647534255128638	0.03172152275975626	0.08788158377312305	0.00905474744282975	0.0918703118777476	-0.9295462392556652	2.7720033873800793

drug_285.txt	0.0829973589038778	0.5518500943834532	0.19624707186747356	0.9595804571500842	0.07674353457333812	0.13402080865510463	0.5266495847643969	3.5636749318884866

drug_286.txt	1.87040783497411	0.6041567286498877	0.046231511621261656	0.14539285690445686	0.04897849979418989	0.1269355424921271	0.38377037562012756	5.6837198419698405

drug_287.txt	-0.0471929995464656	0.9932913320488117	0.016291752576137047	0.04546618915490802	-0.004859757637381185	-0.017473235260614787	-6.026517836050083	-1.636725838335565

drug_288.txt	1.85756657055495	0.9071524152149011	0.02523759047055016	0.05324418627446037	-0.011044718152898847	-0.00056040837924723	-4.995488742299515	-0.3886345354642343

drug_289.txt	0.0129269510368593	-0.647250725167597	-0.06444538805070951	-0.1847473966910831	-0.11082585055074022	-0.1389559556114454	-9.675666466772066	-5.0017675293016675

drug_29.txt	-1.75745655158683	-1.241738360198226	0.01959019112791227	0.033185234666201324	-0.05713337136574241	-0.10542599163490506	-5.715867996874375	0.09125162161991301

drug_290.txt	0.228762921086919	1.1537429061141702	0.03699349804793364	0.07334490647957181	0.060029634975880736	-0.02008857744933756	-4.145073506696469	0.14515784403908535

drug_291.txt	0.0608493442976314	1.1232908845629943	0.04648491436910948	0.09218342220668335	0.07343302158800044	0.001968249884679529	-3.3845881262606987	1.0727762279045914

drug_292.txt	0.0682037598288062	1.187645310462945	0.019125453342952098	0.03997986352548705	0.02318913993932718	-0.08827616552711882	-5.775341183739483	-0.7206263668147289

drug_293.txt	0.0489326664688462	1.2069527974733016	0.026784424247834754	0.055421883023398955	0.04119625497745673	0.05250004685923921	-3.045625942684766	2.457207545264477

drug_294.txt	0.104956354514014	-0.9640539683369365	-0.007890018067872734	-0.008985037155141817	0.01277797236596975	-0.0323033617397203	-6.427733558669066	-2.6742943515911506

drug_295.txt	-1.83554468254828	1.093564285861188	0.023376862612183996	0.04027597526097615	0.04737358374249208	0.027197630829726264	-2.1260926057169858	2.187718886098451

drug_296.txt	0.160498212886062	1.2167493361557244	0.03185434092750014	0.06041884996762259	0.04676109503228247	-0.08618037318727119	-5.755265405513456	-1.0536192947097056

drug_297.txt	0.0201758017659005	1.148104558454698	-0.000690795026993124	-0.007148397842700938	-0.0037986002770983955	-0.05811907363148896	-4.4442839230224065	1.3492838189885772

drug_298.txt	0.0690601987476638	1.0939153271005573	0.032186549905622114	0.07408988589442467	0.0362092119368183	-0.049010646456697234	-4.457054462192662	-0.1608333541469841

drug_299.txt	0.179902001939325	0.9197723087946408	0.22018660592873684	0.8240453691024578	0.09322469782059614	0.11866106226794697	-0.9534427301968054	3.3893426762354455

drug_3.txt	1.82938481665606	-0.5078525408326975	-0.24603263986158874	-0.8406870669005795	-0.14527316652189654	-0.2249059681288314	-9.372262806883644	-4.553050771154234

drug_30.txt	0.0417735506282723	1.1240636813491922	0.04212693766946826	0.07176691023719456	0.0005008322961993892	0.04243087678056012	-3.4382189391048357	1.2748642195096127

drug_300.txt	-1.76343705451664	0.6474765074025897	0.2014246693480708	0.8656314074749223	0.09624948865206329	0.15525366214302308	0.6936478947464064	4.074965660766239

drug_301.txt	0.15476253954541	1.1217237758697953	0.029076999438546608	0.06417094928556621	0.031039887015813426	-0.022806692485058764	-5.147331407076269	-0.30758819100291246

drug_302.txt	0.207928725226239	-0.6774003730864933	0.0007593834004730737	-0.0061507276870007566	0.025610507674754777	-0.13629294090871757	-6.9302004397681225	-2.2332994338946457

drug_303.txt	0.164416362191843	1.2444376755046362	0.03242525761011486	0.06042216113959542	0.06690516250462375	0.07124845140756907	-1.3780143197223282	2.492793838703795

drug_304.txt	0.128021756411168	1.0996181243480745	0.04420157586447465	0.10438482218580142	0.06949736296188803	0.03635896557185409	-3.8173099638372494	0.6225196994175298

drug_305.txt	0.149716044247706	0.85466288417352	0.0244817829871984	0.07237446445006518	0.10453320229697713	0.13344039016530496	0.35968307619618745	4.983170613236521

drug_306.txt	1.6257731289245	1.1446819566402335	0.02880314319227717	0.06446836266347467	0.03988711617553559	0.04116546846862177	-3.5302749459375966	1.5311305577542647

drug_307.txt	0.170450731690227	0.8828564836610486	0.030365323208546957	0.08246630913063441	0.07839474313652706	0.0774245914102334	-1.21173835613949	2.438200868664332

drug_308.txt	0.103385540004072	1.1538682933504465	0.034055700267699524	0.058479430107025054	0.03551166562239988	-0.09705151365126885	-6.285140562248996	-1.8184180955339897

drug_309.txt	0.0864609269236923	1.165356172129196	0.05182209491420628	0.0990965493666382	0.07107996579230351	0.03355967372811851	-3.187283068927293	0.9902122625519167

drug_31.txt	0.0686510884080384	1.1092264404827876	0.04396532179898838	0.09161770974669103	-0.047888142309312536	-0.15428760675551167	-7.06645132566465	-2.1960114048117148

drug_310.txt	0.0653426044074666	1.140306713764704	0.041210719156374254	0.076114151805108	0.07081207110161354	-0.04623948057925318	-6.553280997292337	-1.365759253164972

drug_311.txt	0.219194720969466	1.1474342813924698	0.03707890396446806	0.0723996753181646	0.0366015898853928	-0.1010710919978446	-6.153191953333697	-2.8786967357794557

drug_312.txt	0.00209154603567474	-1.057804043669391	0.026473796861856053	0.06298837281996861	0.01966039351428197	-0.08222251002164722	-5.680513910847008	-0.6556297167976962

drug_313.txt	0.117813897467876	-1.0891822802450934	0.03511544934896707	0.07782732444216078	0.022451731682238983	-0.12850970741183795	-6.633697686674299	-1.6268845998946997

drug_314.txt	0.0537948853356679	1.1369857650135184	0.02285554595149966	0.06059940729473723	0.03279741983445235	0.06794240099469322	-2.7082447436806047	1.3740993407335451

drug_315.txt	0.0577539873330781	-1.0492293013918563	0.004796136391784944	0.007744763361528684	0.05022387592638073	-0.10513856212317127	-6.383520507368842	-1.481717099748725

drug_316.txt	0.102218527151506	0.952776109661432	0.026919396069940635	0.06656325114513839	0.05541284021408444	0.08321546555527157	-1.3077195660469934	2.1788460925333295

drug_317.txt	0.189721825050187	0.9009708183826898	0.01087532883179082	0.024211103578757942	0.0646510863240347	0.11467609408343175	-0.9144541968780098	4.4128890835620656

drug_318.txt	-0.0439049064400832	1.128944852941244	0.015123058521775562	0.027458938429790636	0.015385435209473466	0.03638134186137269	-2.4735094223046032	2.1129429306430145

drug_319.txt	-1.84453120276795	1.1780220169059001	0.020288474780353727	0.038919962102542005	0.010379842719223365	-0.1554499850413083	-7.194879063766377	-3.587611317334003

drug_32.txt	1.84826787418359	-1.1101749482111818	0.03521471515882743	0.06413945060792026	-0.02600099516491868	-0.14328151285995666	-7.519626015373712	-3.0595870161597083

drug_320.txt	1.91966078481764	0.9515587318740697	0.04884210250349988	0.10600550165928252	0.09046422891871746	0.08528900023448058	-3.456323029675262	1.1545695207294067

drug_321.txt	1.77019271050634	-0.9599821265972995	0.031289673068077645	0.06340530019852636	0.048860220596880055	-0.06418898787837395	-7.050446128405023	-2.6995786309252843

drug_322.txt	0.0461616518311964	-0.8836249240443417	0.000300646048625286	0.005999587754189906	-0.02370753797727782	-0.14153746513709528	-7.600233513238474	-2.106084597827049

drug_323.txt	0.0963416449993388	1.1475747511044037	0.027373152321562844	0.05502040411276177	0.004240085757009945	-0.13907861723612996	-7.3737438441549	-3.035791965551901

drug_324.txt	0.109491827726959	1.1174006798376421	0.04315576099464166	0.08436395068452024	0.021097314831772754	-0.08051316285665099	-6.110282759999273	-1.5472537525986652

drug_325.txt	-0.00476071301691028	-0.9503857606841479	0.03252455656898917	0.07211383332922305	0.001291828384855604	-0.12054702812632154	-6.746015737156772	-3.446005085709637

drug_326.txt	0.138239324795434	-1.0640069383681654	0.03417610163581025	0.06234972698743907	0.010670393782168296	-0.12903094752052993	-8.090974758763561	-3.997894652052954

drug_327.txt	1.9105322012702	-1.1729087745688935	0.029075776501817696	0.0688434459957864	0.03332615331809165	-0.07761067521180598	-6.82649148630722	-3.9770607875756983

drug_328.txt	0.0275448936137941	1.1816961418896512	0.047632123604218535	0.0954339812407426	0.04592520921780346	0.027613274542803466	-2.548029220956223	1.2178943729741187

drug_329.txt	-0.00237857804649466	1.1153159260366707	0.016220369745441665	0.025149423092487688	-0.004068468372685722	-0.14621682132181488	-7.107602355121845	-1.9025578054653016

drug_33.txt	0.0748989801562098	-0.7466658305710405	0.009154352501377389	0.023292895453381868	-0.07013606781428021	-0.17360589489578349	-7.546507296152938	-2.8112186634331313

drug_330.txt	-1.81622772302821	-1.2546501975842586	0.023630847525261817	0.04421066642695637	0.001158942764550521	-0.006644473489741238	-2.787948172781624	1.9583361647490996

drug_331.txt	0.107767926629525	0.6852220687613344	0.026334730012939067	0.06562598429916428	0.016219607279860188	0.04285156958373829	-3.7266532192116886	-0.08457635097735004

drug_332.txt	1.88921417830464	-1.1320551156534058	0.03767413659450217	0.07629726262051834	0.013595789797557893	-0.1525182867312852	-7.912686946882553	-3.898798135414436

drug_333.txt	-1.73303791638174	1.0971527755743944	0.028272739175023237	0.06624762144020241	5.898835738844528e-05	-0.11600955182194614	-6.741172836140944	-1.5825473519929572

drug_334.txt	0.00208383402645296	1.155439493053858	0.025448766308581033	0.052121150559027996	-0.02590002338378888	-0.1799809727774558	-8.292050555161824	-2.3240144175612953

drug_335.txt	-0.0623203085829109	1.235191544716494	0.05820901104003465	0.12385586506718577	0.022909618609027117	-0.09897497473291705	-7.113235748423558	-3.0688377739188395

drug_336.txt	1.77734742558819	1.1225047080084325	0.045207313518769804	0.0826043583556405	0.023692823548682435	-0.06449116615521203	-6.847162405277217	-2.1211028278294

drug_337.txt	0.0613863009507988	-1.0277693924975124	0.02981454406433623	0.07171794349016886	0.0005682842969368572	-0.12618942636293506	-7.69963110359992	-1.773064093887343

drug_338.txt	-0.0228787221392985	1.309400122459306	0.02748976672730638	0.04285175945087227	-0.0011323018773991282	-0.04683102670028863	-5.050359810281852	-0.19877237248881607

drug_339.txt	1.75007694918897	-1.0510561264661584	0.034984115607918614	0.07838805503546309	0.02063266358531144	-0.13146200172701084	-8.382116702102527	-2.3279749514574104

drug_34.txt	1.837107785049	-0.9172722202915656	0.01695802089101922	0.03419725235274673	-0.06737262485863349	-0.1752592632268955	-8.031678751203911	-3.0365373507333584

drug_340.txt	0.0245493868739038	1.0679862197623278	0.0508369412873807	0.10343796119701992	0.020237136599443383	-0.030702038932405903	-5.608342873757473	-4.334495208253263

drug_341.txt	1.87278881634758	-1.2239526221737365	0.026946845203061925	0.055312768886921215	0.01905302299920614	0.0525792667046125	-2.6199367606171293	0.6761798580130857

drug_342.txt	1.72467643207845	-0.7761587061351471	0.15815970584911118	0.6523129285596287	0.014577595012073558	-0.0156353450218434	-5.55843736938705	-1.8219437768298716

drug_343.txt	1.71289410556822	1.171453499290673	0.046273224714769134	0.09588995246610366	0.011944894848518142	-0.028482841156363597	-6.0311971869377965	-1.2852255880228278

drug_344.txt	-1.77985584737998	1.0819225565603028	0.030854235639234395	0.062007823570978726	0.017884212451021175	-0.09067733359205765	-7.615766232350215	-2.6177608145345586

drug_345.txt	1.89096155723625	1.0097055305986704	0.03459097351946058	0.08808289290764182	0.06161741744033406	0.07144719623491322	-3.0673553944283922	-0.38724050114017816

drug_346.txt	0.0566442697955634	-1.1520156637314631	0.026645120395343447	0.04544118023886751	-0.007446556207185456	-0.16092515407702865	-7.986602518671973	-2.6875514503612035

drug_347.txt	-1.79803384354363	1.1571831874639709	0.05515425327213924	0.09934526710331099	0.017022033476981734	-0.09756691842311523	-6.5575560159188795	-2.2608913824635293

drug_348.txt	1.81697254076096	-1.0154572238423714	0.013524974505997045	0.035381351276450035	0.013219680322631985	-0.11847180628419934	-8.6311853749841	-3.715937405180368

drug_349.txt	1.80386902530244	-0.9758392970413179	0.021157711006430935	0.0	0.001947375347588206	-0.03252318720789182	-3.8586245434225592	-0.570054650708022

drug_35.txt	1.87208215276572	-0.8906269270793112	0.03449334093187284	0.07354481007830355	-0.043357066239807965	-0.1564400684718044	-7.445678642170492	-1.8690397320331007

drug_350.txt	1.87129106297763	0.7736313049042062	0.038528035641650055	0.0	0.06781668124305867	0.17034598122296926	3.2032564647731196	6.511649025370815

drug_351.txt	1.83908936552382	1.0076492130306203	0.019098945788068034	0.0	0.017075406809370763	0.09471552333963834	0.3522142870123026	3.108412619166341

drug_352.txt	1.82708420253659	-0.7992757443389723	-0.011433203774310799	0.0	-0.05863422455579681	-0.16792156090113722	-6.543513420196623	-1.872080971197918

drug_353.txt	1.83512214562196	1.0910317201803226	-0.013558265644499787	0.0	-0.02698142626818715	-0.09043001112942624	-5.135083319704156	-0.17733589005885775

drug_354.txt	1.84345963938132	0.830768750765078	0.012491718965342319	0.0	0.024716738464204895	0.12877702444052602	1.7709707608715404	3.559246472308487

drug_355.txt	1.81005973923155	1.1455706648854735	0.008201413953298597	0.0	-0.009067923474477674	0.0042471156945923395	-2.70118937287612	1.7134654399563285

drug_356.txt	1.81442636003205	-0.8705102918459322	0.003459359478296939	0.025750831714870026	-0.0019814083776266652	-0.016184405159936098	-3.1351832670046704	1.1466971730425173

drug_357.txt	0.148816078406994	1.2029069243073656	0.23331669491201915	0.7637986371953024	0.025912350959263877	0.14428211188891238	1.9439568227661779	6.9835517486847305

drug_358.txt	1.81794790697992	1.0638145220678021	0.24965293363716767	0.7532885040976424	0.02712935893487504	0.11266344370408535	1.09965654473096	2.8079453093958833

drug_359.txt	1.84193509692671	-1.030880652942087	0.023969667912402015	0.0	-0.0098908224902396	-0.09480130563902711	-7.034327354667539	-2.0078186557038213

drug_36.txt	1.86017318694615	-1.0624983259863643	0.015437406249545982	0.035468320979523515	-0.05343453427334664	-0.14065961137326188	-7.382375656472042	-3.3812936718874087

drug_360.txt	0.073578934123419	1.0743098334554446	0.19683428880638368	0.7190975902442512	0.056200464771111666	0.1552170749768275	2.347039742681132	7.133477496471307

drug_361.txt	1.81425344866739	1.1837856217690377	0.013839454321114442	0.020879170050636275	0.0005280478991677966	0.06776279777352069	-0.4123734758036672	3.2518946222268013

drug_362.txt	1.9213927397308	0.9957811583122361	0.25830386183965987	0.7562585337054637	0.052689070721712555	0.12723092457815727	1.0474022787984518	3.5401143987537442

drug_363.txt	1.84520701831292	1.136021941683827	-0.003436762832181278	0.0	-0.02367361974145663	-0.1278096967577278	-6.841315488197132	-1.4574630755334335

drug_364.txt	0.0379739334088298	-0.8617604328848989	0.02532133460212789	0.0	-0.030254121792975562	-0.12837598615592624	-7.230923694779117	-1.9530301988351335

drug_365.txt	0.054658630368525	1.1435229197434091	0.0154765985072714	0.0	-0.016308348541950166	-0.07427299430215893	-5.361663849970016	-0.5829156820105723

drug_366.txt	1.92304026843774	1.1381385347105772	0.021365698297045682	0.0	0.008297316056556281	0.14261639008982221	3.288838612368024	5.216508999845995

drug_367.txt	1.85629039325052	-1.169227226400493	0.02292971185597384	0.0	-0.005756639310414306	-0.1454199212491071	-7.45150738701412	-2.130701820260013

drug_368.txt	1.8294806079285	-1.1887290245746445	0.008394416791951798	0.0	-0.01628096685585282	-0.056693708830658926	-4.862181758709045	-0.12989793303310032

drug_369.txt	1.90553969003705	1.1331273355033384	0.010254526197110009	0.0	-0.0022440823433967118	0.008773083063615295	-2.398199131367097	2.427803775695743

drug_37.txt	1.78086897253606	-0.842424691062327	0.022102554493458243	0.045188447062757986	-0.04802532364794878	-0.16971753295024467	-7.708453724399862	-3.669027994028806

drug_370.txt	1.84400881561697	-1.1247809346249484	0.006963163905349554	0.0	-0.036502366730297345	-0.1268789260803788	-6.034268294899054	-0.931813043338043

drug_371.txt	1.8022945577355	1.1989028809035809	0.008469408820366647	0.0	0.04525941104324413	0.17428000959701193	4.728252376019917	7.3965514858043315

drug_372.txt	0.10800047254749	1.1579039427769056	0.011645103445708266	0.0	-0.007116269946616556	-0.12284534048878971	-6.60632575551073	-1.0228373383492297

drug_373.txt	1.82151572598313	0.8156746468395367	0.009042026354349364	-0.14719064601933174	0.039919197215730104	0.09712336924098985	-0.8066337749186793	2.271890314717539

drug_374.txt	0.117735869452133	-0.6662472140279246	0.00012281133820540857	0.0	-0.07914024996450258	-0.15335962911783121	-8.5078549492086	-3.8585187857298306

drug_375.txt	1.87006972425401	-0.5953430764525072	-0.20189109212458042	-0.7589594470040444	-0.10635664197704611	-0.21589662886972813	-8.528766650311654	-4.826412858546447

drug_376.txt	1.85201996961767	-1.1082304445117095	-0.2388854350266443	-0.7728182661154224	-0.03161936388972027	-0.04082222264879965	-4.252362390739428	-0.21679201985343452

drug_377.txt	1.82805591569855	-0.5843786124013982	-0.1943272383445545	-0.7534946509199079	-0.08043549101061721	-0.1323477162536524	-8.200576059895692	-3.890819381217979

drug_378.txt	0.0702352654159539	0.6978099730580692	0.06746197164959078	0.3857182571648896	0.05788004077674332	0.11322550235263211	1.1653855239964381	2.543849036155105

drug_379.txt	0.0894564336635825	0.6073079297012982	0.2967464562046026	0.9497818219851946	0.14272938770845733	0.2517879205609403	3.998355412600629	6.20419345087146

drug_38.txt	-1.83348067329899	-0.7998572298157824	0.01765793242923147	0.04187492832427181	-0.0741903105266716	-0.1892676579633014	-8.014415126569627	-2.892036143281212

drug_380.txt	0.0596734765203499	1.089133475227288	0.08174029026061061	0.16111122810817058	0.053573105486754986	0.0637077428422115	-2.2151683657707752	2.3540033987458315

drug_381.txt	0.090525882122473	1.0728054892775334	0.06590282743880985	0.14710474463752365	0.08805582427172837	0.20084524806120135	0.8168283995711352	5.224696356026183

drug_382.txt	-0.0570887891525997	0.6242744187542388	0.29789942060987756	0.9007899785077933	0.0624882259015457	0.09749444694701896	-0.6906085881989497	3.312708199344622

drug_383.txt	0.136456985467456	1.012080227034014	0.05132075344954834	0.09951459430056098	0.06261010375061161	0.1259266099307796	0.5251231169019971	6.280504771830484

drug_384.txt	1.75777106697677	0.7200459151474303	0.28937763064409006	0.956322870375768	0.150437492971072	0.22995500227087504	1.520198440822112	6.8857186223402245

drug_385.txt	0.0670899833390692	0.8755515030997938	0.028651120713137995	0.06729708766930964	0.0474784695850764	0.03798819698924722	-4.444951752712206	-0.13704122360204854

drug_386.txt	0.179543671228288	0.8883627417511851	0.062194155814116706	0.15469256884113464	0.08497181226134308	0.14592095644882006	-0.33409656726453324	4.658536534149567

drug_387.txt	0.136086488581206	0.6085504947276292	0.24734074243084264	0.9383996373682764	0.13767422746158461	0.2242470531851572	2.2941767068273093	6.181915140898674

drug_388.txt	0.0652179091226233	0.8639231899107946	0.05470503861363972	0.1295892318871839	0.07029932407920024	0.1758191013680462	1.8440549528430463	6.389843459040792

drug_389.txt	0.0796820814990608	0.9190797392227117	0.07047284955091478	0.16173647487932102	0.07108710338544598	0.1279681228160852	-1.334778026131676	2.3848396743611993

drug_39.txt	0.0280871055419438	-0.7667404962182569	0.006551935372601125	0.004929764252319557	-0.0737723045782539	-0.18964638704256923	-8.075033164331535	-3.086693715843558

drug_390.txt	0.1775400976413	0.6050151354552299	0.22901653749556106	0.8937460566363761	0.1475778411269431	0.21201346706574611	1.8397890203347327	5.958112614933638

drug_391.txt	0.305699174815013	1.0124458403182564	0.06393171332844896	0.12011747005942885	0.08001235178397866	0.15909502511653886	0.3181049991822494	5.02778059870068

drug_392.txt	0.143125929419948	1.0854699094042983	0.09035186999345249	0.1822834206832465	0.09167074805906116	0.1370012133006801	-0.6068618364862164	2.8488071133587742

drug_393.txt	0.100362443070525	1.2104114359497808	0.07968725427083939	0.16199184438911035	0.05052420507947834	-0.019559503643282405	-5.249632012211743	0.10182326539846628

drug_394.txt	0.128914352049162	0.8789807705655438	0.08749018505165534	0.1703380780374863	0.07276078486472523	0.09019866254316393	-1.5306383906667393	2.868193672740786

drug_395.txt	0.135208857659168	1.0040738412403258	0.05464559368822525	0.09245326038383461	0.035513948143268304	-0.046178530265897556	-3.9744407494230316	1.5529274901723504

drug_396.txt	0.192268005779093	0.5582803912703624	0.26019362976819704	0.9925567464653405	0.1538512321624454	0.23336696271906138	2.814961202275164	10.636678737114115

drug_397.txt	0.136506910579787	0.990402303738066	0.08824843310901806	0.17244954987651184	0.0632450837223245	0.03405635755888314	-1.7206109505896892	2.298534060754006

drug_398.txt	0.128568817719078	0.9232813418543802	0.238200753264391	0.8677115317333151	0.10184803874835618	0.16880163531391357	1.482572825237602	4.942735016951146

drug_399.txt	0.0770002356328578	1.0439327899884576	0.0511406836088866	0.10946038039894684	0.05957538673111693	0.17777367836666305	1.0147058823529411	3.8228455581812617

drug_4.txt	0.106237327790941	-0.5130759363902807	-0.22432424425366077	-0.8061044811018242	-0.12731500204702406	-0.21499345466918912	-8.619700521543185	-3.0999263173695017

drug_40.txt	1.73713457413366	-0.6712063698997011	0.01999259711769058	0.05256017952073688	-0.042370973086696906	-0.15290816854220438	-6.530838285267768	-1.9537910810301125

drug_400.txt	0.156726581074046	1.142108262653622	0.0317916961377796	0.06362404717712034	0.03745786006315891	0.042976029828022816	-2.0546666303221937	1.235395760485463

drug_401.txt	0.0878089049566428	0.814294615360055	0.0006813223735061408	-0.004057919863453219	0.0616830785304426	0.07012841933887135	-2.5685229606207636	0.5406797341105606

drug_402.txt	0.0317487183858359	0.8557291443864602	0.06556440476996367	0.12239283606532259	0.04112842749042688	0.018863195046956337	-5.1562903196496395	-1.0941175544853443

drug_403.txt	0.240745289852983	0.8297468609223999	0.09181819598252469	0.22104937787121187	0.12786659528006938	0.22645693225307031	2.2969252575914516	6.416895697562286

drug_404.txt	1.75951844590837	0.950547722634097	0.0803054478499941	0.1634893750438795	0.09299981383800107	0.1820437842386416	-0.27275618310345456	4.14672955136651

drug_405.txt	0.0975577284479785	0.7415266233178772	0.21000458433158076	0.7751631143295266	0.09999878431817275	0.08250930322530327	-2.9072943357138965	1.101176155457797

drug_406.txt	1.71009258470019	0.8911744884909332	0.08390330248815825	0.16481367480152498	0.10850869799489112	0.22844402776333317	2.647095168002326	5.2407784700100155

drug_407.txt	0.0476889928265496	0.7562484138101377	-0.005383287152658414	0.0	-0.016238970551458124	0.06780031856948425	0.09707608715404605	2.8930997855880958

drug_408.txt	0.0485377197361851	-0.9160122746982245	-0.0031392096312462536	0.0	-0.030729670505613895	0.02668445919718541	-1.8206854567591633	2.7911933711930446

drug_409.txt	0.043944609401687	1.1892929655245967	-0.010606131916495953	0.0	-0.029742259061453086	0.06403653160666085	-0.5904659361427611	3.2351964543009863

drug_41.txt	0.0513351282447317	-0.8224167162324785	0.016162911465284896	0.03570303370286504	-0.0711535905990203	-0.18232245862545982	-7.1014419669628746	-2.9932113874619364

drug_410.txt	0.0625666763013374	-1.1590360114089582	-0.03756473181587883	0.0	-0.04712062867812023	-0.0016884058930398543	-3.0087681040905703	1.6246866768924628

drug_411.txt	0.0684079144441233	-1.0264755951188114	-0.04576328981017455	0.0	-0.06602927428748295	-0.08677420243780924	-3.7292382198477165	1.0787473116659054

drug_412.txt	0.0604698215834143	-0.9582127335267536	-0.03292930299318844	0.0	-0.06942880639931037	-0.054421668390407914	-4.63562848679787	0.15781130418697983

drug_413.txt	0.0617678745040334	0.8036844270634491	-0.007865756479425917	0.0	-0.037437729335915666	0.021217643826598978	-0.4494630104126915	5.569280174281082

drug_414.txt	0.016036471608377	-1.1489158177047207	-0.022450795800199735	0.0	-0.05549430214346095	-0.05538259795608584	-4.485462210834287	-0.3616842798616367

drug_415.txt	0.0325848198177702	-1.075845005737605	-0.002548907081528079	0.0	-0.018816189249359218	0.0024896171009485047	-4.506396627232913	0.8209192346690285

drug_416.txt	-1.90017011282392	-1.032276991747349	-0.02586886973146607	0.0	-0.0825804584074582	-0.1834648530054231	-6.715736248160061	-1.459339929537697

drug_417.txt	0.0804398665160154	-1.1033908198419287	-0.006483504660652256	0.0	-0.04964597211416017	-0.16863133639131944	-6.576168929110105	-1.3062495340766456

drug_418.txt	0.0692067162414273	-1.0269521168589701	-0.0329220861440358	0.0	-0.07211715276408417	-0.0966140299849941	-5.713696414617747	-1.8766870793912085

drug_419.txt	0.0403500013138186	-0.9953407905699212	-0.024514198127267017	0.0	-0.056451132408678203	-0.13377062226252698	-5.505737883661342	-0.09014338362583212

drug_42.txt	0.0217994467434492	-1.1353433459908109	0.042605415136700436	0.07152863974062479	-0.042200747829031424	-0.13799096469501412	-6.969984008431918	-2.2145956980677637

drug_420.txt	0.0423969309194104	0.665874668764401	0.0012312260392087077	0.0	-0.011689661502307179	0.13838891420317426	3.9627378291446327	4.918655555993432

drug_421.txt	0.0367553932259506	-1.0765725500655665	-0.028188159319568834	0.0	-0.035468691313308334	0.01846585575759784	-1.2337131330752875	2.8109335274567084

drug_422.txt	0.0607693722574034	-1.2086750287122339	-0.01464739072037563	0.0	-0.013991122749217145	0.04761865272577403	-1.9740545893983172	2.0105060005703663

drug_423.txt	0.0494862968704837	-1.0092443996046814	-0.019056950904049963	0.0	-0.05989088769030393	-0.06904638447592965	-4.202038924930491	0.1362380818347008

drug_424.txt	0.0342092124970438	-1.0292585023550196	-0.035438738063623076	0.0	-0.05706627646128053	-0.036876320406304966	-3.38740936597067	1.1112080625301801

drug_425.txt	0.152375384291983	0.5576064629889468	0.041212075822861544	0.0	0.08087089399616629	0.17733743687489603	2.6112186301768157	6.449065631449963

drug_426.txt	0.0396510497411778	-1.2191195589861583	-0.017684052480547524	0.0	-0.031306114815944995	0.10943244539861635	1.3452634065674463	5.535820287850201

drug_427.txt	0.0367054681136192	-1.0866003804795845	-0.016512594319420454	0.0	-0.036925161579491717	0.020460406232477222	-2.8803312798706138	1.7083164333014018

drug_428.txt	0.0658617337152166	1.1468133313006126	-0.0022585000165706304	0.0	-0.0169018166123475	0.10951760080135509	0.9529202783986626	4.439842454587881

drug_429.txt	0.0616180991670389	-0.9570101319506841	-0.044585481733131316	0.0	-0.058764566976123894	0.057838252214491195	-0.35931054534881607	4.239508986038064

drug_43.txt	0.0730266709477931	1.188107726792078	0.05215956155979923	0.10273203949185145	-0.021075416348720764	-0.04975000365116821	-5.1608333787639245	-0.3695895253471423

drug_430.txt	0.0736001261265996	0.609528810095903	0.05357282000908875	0.0	0.05255190967520477	0.1326359477609584	1.0372076541459958	3.3379951009608457

drug_431.txt	0.0775941351131199	-1.076442581960576	-0.0026277060484805603	0.0	-0.016924998966939282	0.12373800428780261	1.5798942375838194	7.11376927249226

drug_432.txt	0.036705468113619	-1.0744687253673535	-0.004883350592429447	0.0	-0.023886888775105496	-0.03812292210648364	-3.5103627178396843	0.7704066852007455

drug_433.txt	0.0641642798959456	-1.1942755374717435	0.014513136000440074	0.0	0.0009710073587994824	0.013007862359259818	-3.1355376256155845	1.1199051703407568

drug_434.txt	0.146783771710855	0.9417446872661139	-0.034479259338661514	-0.07373657157225463	-0.07188604815244214	0.036235756014009336	-0.5760553526322485	2.2316119987329874

drug_435.txt	0.101707964369236	1.1250182773208899	-0.01120450979321315	-0.02286431499693714	-0.003798268043232856	-0.03796365695435027	-5.051968053208308	-0.2263190276226915

drug_436.txt	-1.74480973234201	0.5506736765556203	0.2020358291076822	0.8423849248335936	0.08244961846875211	0.18403644327656385	0.5436269966744808	3.366584660373476

drug_437.txt	-0.0259326671097334	0.802073831352462	-0.018047388534081193	-0.04206924492701258	-0.03516859620168543	-0.010508413143816802	-3.3744616474949574	0.9297605275752714

drug_438.txt	-1.84141351088472	0.6212638319711878	0.02413632264411089	0.05225489724518512	-0.005917703034230247	0.08749805040944356	1.3092596630867361	8.625869760603695

drug_439.txt	0.0135580967444853	0.9384121704949941	-0.0122632441622193	-0.02848720969975327	-0.032793005543793406	0.004994595799622264	-2.956036816951062	0.6518377715594198

drug_44.txt	-1.80342981462765	-0.8858664590793626	0.021480246864650332	0.046169466808258564	-0.0599177426757364	-0.15847129837231275	-7.800123571207909	-2.3783203346999002

drug_440.txt	-0.00626217285112141	0.6737844990232006	-0.017345046337557513	-0.05199433390875824	-0.02274013599272943	0.11472409720166893	0.5617992331316215	4.48431107603846

drug_441.txt	-1.90197267214283	0.6094804505678142	0.028932731371154152	0.07918141554920305	0.028199260757239095	0.1441957281226185	1.245665921604972	3.7825862859542037

drug_442.txt	0.00527052809745587	0.795133461475479	-0.008765637365810292	-0.016294840153488255	-0.048522207124530946	-0.04714387143831392	-4.122862490686729	0.14975754848457948

drug_443.txt	-0.0407348327102841	-0.6934014030366513	-0.0831869936122445	-0.22373320346481845	-0.1511928726935821	-0.17475075839335116	-7.800418870050337	-2.7176044155671333

drug_444.txt	1.89050451921604	-0.8202966886831382	-0.03679553174595368	-0.09679947816551482	-0.07995581956557613	-0.09064237127261637	-5.263288447909284	-0.9045461963847576

drug_445.txt	-0.0169729359747287	-0.8339372592589729	-0.05437554582877163	-0.12704667977629897	-0.09950708133050602	-0.10424991860828535	-4.485371349652001	0.9507531712653897

drug_446.txt	1.85291090963042	0.7297846365153273	-0.009856819955165408	-0.021174573271924624	-0.050058553392729896	0.002649002960552704	-3.2161133220665468	0.7321244739364

drug_447.txt	1.85819525952834	0.7409025939720084	-0.025890850840990576	-0.06719333667600513	-0.05477722266298257	-0.048185242412141574	-3.4719693252648605	1.7072996778796676

drug_448.txt	1.77083402495743	-0.7892173430366622	-0.017297852592158866	-0.04747208516628859	-0.06531259551139736	-0.06827330734227857	-4.289620018535681	-0.18980864795873675

drug_449.txt	1.64718900468296	0.6107551125516326	0.020655073901850035	0.07207783946742868	0.018384499217182316	0.10190320314887345	0.7829053771647677	4.0763684782788605

drug_45.txt	1.79524740488753	-0.7193995439880525	0.011905118675013093	0.02187662082520031	-0.07023338032090133	-0.18510811847026143	-6.4412627887114065	-0.9485272618242402

drug_450.txt	1.69514755466287	1.0795308978784786	-0.01439905544226494	-0.03147685113203125	-0.04307829600541927	-0.03728251770849269	-5.448699776481492	-1.5961998632170684

drug_451.txt	-0.0331141178689818	0.8934407589767059	0.021478702147634726	0.047418678997225905	-0.008073641212753514	0.008974499138166262	-3.6015737156771883	1.1076211007663364

drug_452.txt	0.0383388332135941	-0.7542078904858796	-0.059212259279300294	-0.1732374933747023	-0.07296896153697717	-0.04067090157588778	-4.2985562158134805	0.9091798286448985

drug_453.txt	1.80113856814265	0.71618113736495	-0.00776816020693924	-0.018240313244057005	-0.044120063760829054	0.0333435811630046	-2.7062049101382906	1.088543597525025

drug_454.txt	1.79539718022453	-0.9339864923808159	-0.02040193752509628	-0.04204209726283936	-0.05483437562222915	-0.11140897291146676	-5.271488669610569	0.1161374960011989

drug_455.txt	1.7989917883124	-1.0245112005524208	-0.049674304005783015	-0.11226813072233416	-0.069482622123035	-0.028637494210985128	-3.4826773155972304	1.6761262989164885

drug_456.txt	1.82445359560146	-0.9171398519911731	0.0025706672041820866	-0.008525318236883461	-0.03510778596626322	-0.05599120152641767	-4.634256482945356	0.12943433291923645

drug_457.txt	-1.77267188647922	-1.025976959548377	-0.010775726372863864	-0.026861034365554592	-0.03929511722377705	-0.06892718686141704	-5.274364426029911	0.3211733247605378

drug_458.txt	-1.81006579561552	-1.0408852538834978	0.013368555232435686	0.02760463143250158	-0.03758741239868552	-0.10626965937966219	-5.760812480691999	-1.7175719082810734

drug_459.txt	-0.0917261997461659	-0.8664576760414928	0.0018738455082894234	0.015649544291293005	-0.045548820426891366	-0.10881096490396117	-6.244366606698287	-1.0029516664964317

drug_46.txt	0.070290905105756	-0.7242117499029859	0.03646973416487917	0.072691162773876	-0.0397718150777312	-0.1207802722237791	-6.7724835995565975	-1.2273305047199772

drug_460.txt	1.8343387678431	-0.988258758105609	-0.014750933114966447	-0.033163852160438545	-0.03557272404769178	-0.060025098059421626	-4.616665758054844	0.22274067335946615

drug_461.txt	1.86099877782812	0.9676700719984579	-0.019894151373722746	-0.04273424289599087	-0.06095768509440058	-0.07506612207049478	-4.772460884261026	0.9432588900157236

drug_462.txt	1.846294005718	-1.112055308729831	-0.0033548356670299595	-0.011188339329103791	-0.050203931060800074	-0.0948044384861707	-5.053285540351451	-0.4092780836891959

drug_463.txt	0.0799033157580702	0.9655681397115251	0.012519192185057176	0.03515263674074898	-0.028408790016797227	-0.058102273928873426	-4.627151138490614	0.09665075073997133

drug_464.txt	1.8571545441786	-0.9406461357749862	-0.008308738378873998	-0.018547359851569634	-0.050248495316523006	-0.08379088452799988	-5.160088317069182	0.029982280664814304

drug_465.txt	0.0703676193027531	1.0273645788748857	-0.012219682952465394	-0.023761301889474007	-0.038664176316403724	-0.047583102397084	-4.687542023296807	0.05878435794539102

drug_466.txt	-0.070954148580296	-0.9076137475743343	-0.03446940131433161	-0.07723037078160366	-0.02609029058031195	-0.04139006658980025	-3.0131476130767414	0.6561597462334412

drug_467.txt	-0.0274693757395571	-0.7309883188170994	-0.04436985911301117	-0.1139229896497092	-0.06090026367568077	-0.09161242389749208	-7.491854295008086	-3.7438693919532717

drug_468.txt	-0.0281683273121982	-0.6678616155276658	-0.20979419868875526	-0.8414866024094976	-0.031074088890298536	-0.073682104978074	-5.29055134565411	-1.198497827643816

drug_469.txt	-1.83070720192711	-0.4924115663437806	-0.06761007313412737	-0.15031264456655563	-0.11165672161725386	-0.21332789028942803	-9.885646659034327	-4.510422404523211

drug_47.txt	-0.0951710324970397	-0.6602906772023778	0.0062581094855286845	0.008822514150087946	-0.05088871496056901	-0.1504279589338926	-6.501630958222028	-2.686644344410728

drug_470.txt	-0.0244048668118916	-0.8928237371516106	-0.04028720410666056	-0.1245373168871029	-0.034539398827434356	-0.02907993167781415	-5.366924712424358	-2.038627391839329

drug_471.txt	0.00495109923903192	-0.5722187414201103	-0.04659033988165237	-0.11577257285348286	-0.09038200966039925	-0.1877254387935221	-9.472587181304403	-3.8951059458675856

drug_472.txt	-0.0499665243256211	-0.6510583174231854	-0.04067001537221722	-0.12708958891549366	-0.06228238009049634	-0.14652052763204923	-9.134329171891185	-5.5244716222593855

drug_473.txt	-0.0325426601219265	1.043405312811985	-0.0088806199434594	-0.014489673245673906	-0.02350070920901362	0.07279560819302569	0.22141507205291755	4.891229283906964

drug_474.txt	-0.0429270834868791	0.653590151928753	0.004964913999283421	0.0051319786513578936	0.023717393068267287	0.1517890699305711	2.706350288029948	5.30697971350494

drug_475.txt	-1.90983850497254	0.7241807900660614	0.0025384382831140084	-0.0053858648167999235	-0.000434837695824679	0.11860183858174501	1.7969888604190518	4.579084969422383

drug_476.txt	1.86743911731889	0.6548784345263429	0.028189328584725323	0.08605563778990932	0.05505232091544609	0.14582885778069532	0.195138018135892	1.9706089536996074

drug_477.txt	-1.78496849291745	0.7387976826163859	0.02952514081328768	0.060890561238438945	0.023655344594230982	0.143478546176778	0.9135364989369241	5.45482305939543

drug_478.txt	-0.0221083116446424	0.7518105583024244	0.012829700194183682	0.02827752935772615	0.042825732501683596	0.11414964153975991	0.08716767522579004	3.637435526914473

drug_479.txt	1.8595087364674	0.7309935347618961	0.0006829646904411707	0.002099349025581343	0.02602136192663316	0.13186936270019928	0.8557306147667594	3.3331803008642407

drug_48.txt	-0.0286529555260605	-0.9341216901874019	-0.01631813131487367	-0.04007966876543584	-0.04569738717963015	-0.1884080045681233	-7.117656144941758	-2.0433837243021067

drug_480.txt	-1.77850918316577	-0.7786134881467978	-0.012126828367444636	-0.025898717605453703	-0.020428126780110682	-0.1025769463606874	-5.823897399552963	-1.7504237423170153

drug_481.txt	-0.0333414619192306	-0.8295519121763493	-0.011404624913188222	-0.02556570584191059	-0.025876449251469653	-0.06230271647278288	-6.074015519089935	-2.3378730557773553

drug_482.txt	0.0148784845837791	-0.8419800800593155	-0.032959621574763634	-0.07326749649402964	-0.035853997544337546	-0.09930632363221802	-6.0848279997819334	-1.8548178516915947

drug_483.txt	-0.0228072632172834	-0.8042997744823694	-0.024886424530321846	-0.06380235021592762	-0.03381484091520668	-0.10003777836774487	-4.553017499863708	-0.20372645132618486

drug_484.txt	-1.91353296328507	-0.8960276471338648	-0.02016778719716278	-0.051725372948708936	-0.04296364790597605	-0.09702589687972317	-4.973704773846517	-0.6935046787127493

drug_485.txt	-0.0240553910255711	-0.7338659073813609	-0.0033787041561818276	-0.00740741865008443	-0.03944304913347638	-0.1171763575681619	-5.914426938523324	-0.93272342641462

drug_486.txt	0.00165604182515278	-0.747186310710596	-0.23297990827468107	-0.8121204630303571	-0.05413941783425604	-0.11745995379333349	-5.139621835759327	-1.315014872498448

drug_487.txt	-0.0161672232771937	-0.6423745080041903	-0.2773982721747172	-0.9029909855181892	-0.10338674938585776	-0.18434009684175365	-7.399489360155554	-4.10333864312227

drug_488.txt	-0.0791418670026625	-0.7896260277755217	-0.03520416002478241	-0.08124204809416236	-0.07280375413168866	-0.17304483758059705	-8.093723309527704	-2.541922828437901

drug_489.txt	-0.0600704740920284	-0.8741764066710085	-0.04544196082748604	-0.09584774876766694	-0.07982283123208311	-0.1552291284882568	-7.7150865907067185	-2.674180769512785

drug_49.txt	-1.87681567080274	1.2824391284189913	0.008880544162360254	0.01810623498480124	-0.00663725669265313	-0.10159669631154325	-6.267413545585055	-1.9065425106134195

drug_490.txt	-0.0485876982557827	-0.9468561376592193	-0.03484287587989737	-0.08351499579907923	-0.06875175772299916	-0.1291856741257048	-5.88839520979847	-1.5836022641477363

drug_491.txt	-0.0137708178852816	-0.7907308516087368	-0.017213708257166754	-0.04255895446565633	-0.03621280699007919	-0.11985967290292246	-7.233363317523487	-2.6303648066805727

drug_492.txt	-0.0289480520340584	-0.7195308224431483	-0.021073592929384793	-0.04389738985558711	-0.05548956743040821	-0.1334682688594076	-8.384656272147414	-6.312889478989434

drug_493.txt	-1.93724739164253	-0.9925553037543804	-0.009998221828326714	-0.023256476718894692	-0.02995568127691995	-0.05826208784348625	-4.380849188609642	-0.702581462148558

drug_494.txt	-0.0258526950695052	-0.6761735004356775	-0.04293612204617532	-0.1533543892995401	-0.047029542948910256	-0.06445750034301578	-5.316487670137564	-2.057823323418936

drug_495.txt	-0.0316662896113682	-0.9332084859795204	-0.014742840036091803	-0.03093131851753267	-0.027973317082439945	-0.09334689251900513	-4.9786657943993164	-0.6962676283813214

drug_496.txt	-0.0288173537725076	-0.8632802477057413	-0.024659822820451704	-0.05813352637180674	-0.07025535844478784	-0.1188808715664578	-5.894169437932726	-1.7039136912406203

drug_5.txt	0.0974846673079811	-0.6342427547186795	-0.26579347840385226	-0.853257340215319	-0.0941815758546083	-0.22872988383860782	-10.767913282087626	-4.951792623085656

drug_50.txt	-0.013744424014385	-0.6946777356320943	-0.010910678671068513	-0.021117236632475667	-0.02618127427377912	-0.16125939749646379	-7.550736884188337	-1.8304860354133186

drug_51.txt	0.0785399137066757	-0.9260063517742312	0.024327053642549112	0.05599630010419132	0.0139226428069017	-0.12802090876954644	-4.984326446055716	-1.4238745097489953

drug_52.txt	-1.79758451753264	-1.0912794474075	-0.020001602786816564	-0.04078030826633916	-0.042504763162549766	-0.137863520319297	-9.313248468989078	-7.195485500433599

drug_53.txt	-0.00287252048756137	-0.9896469505921519	-0.027683423751334924	-0.05262969342964613	-0.04314095149143011	-0.13944062692709966	-10.197668502062548	-6.075383068236905

drug_54.txt	1.90511715311073	-0.7525642588031003	0.014585764378110128	0.022250928476755527	0.0013500586722923725	-0.13350489010033673	-6.581407076268876	-0.7746709665346763

drug_55.txt	0.0401974274360817	-0.8847237596623212	0.026576595620363047	0.0585003362253953	0.019633956360195517	-0.08115580935621555	-5.768885496738084	-0.6752773812681979

drug_56.txt	-1.86558252052815	-0.7275626208940678	0.004301291119160999	0.005770419589777198	-0.027367967958772003	-0.14039308788973864	-7.876742263170328	-3.7428457540935214

drug_57.txt	0.0494335732174096	-0.7841858044642561	0.025951931986522347	0.05636797275045469	0.013769865269579696	-0.11288000884343355	-6.172504497628523	-1.3598712764948364

drug_58.txt	1.90232134682016	-1.027446995254544	0.04066828906936942	0.07999541464739424	0.011878033446842726	-0.10267026677100999	-6.499323084191971	-1.136573001061729

drug_59.txt	0.0611160495029812	1.0984498439791572	0.029858571697103042	0.05769560793495515	0.019895040747150136	-0.0858635111269979	-6.174058223845608	-1.0627616697692073

drug_6.txt	1.79320047528194	-0.5963684594345166	-0.21832079375369506	-0.81263300496882	-0.11381870563875188	-0.18616790861206495	-8.401029457195296	-2.57875470855196

drug_60.txt	-0.0476399222304754	-0.6774262114012914	-0.0020933326085011417	-0.011985593925156857	-0.0262575665106625	-0.14426491426287438	-7.367397190572244	-3.3192888680792536

drug_61.txt	1.8396154057318	0.9521609992649802	0.061169747430445204	0.13265575384645317	0.06615146595835568	-0.01761251769291991	-4.768935470388341	0.6951375586925526

drug_62.txt	0.145094029900806	0.9222805831384284	0.05656696131868241	0.11204713610973815	0.06763301041878551	-0.025945877573326656	-4.499313998073743	0.4564233381920999

drug_63.txt	-1.74434858196232	1.079033850631276	0.02704502816739962	0.04885664791738842	0.023003956854408602	0.018139017357997344	-3.4904050591506297	1.3493761547838108

drug_64.txt	0.0599564068531349	0.8820970205947702	0.07087018357262997	0.13801386718534175	0.043792842526502715	-0.00685563999386759	-5.201534645368805	-0.7693901260806925

drug_65.txt	1.80543212780316	0.8914562106346682	0.07225494622747897	0.1387112473361286	0.11230175983390196	0.18430872940594165	-0.696619055407149	4.112304320775897

drug_66.txt	1.86415583086645	0.7481782964096783	0.07269476855260784	0.15746301086109876	0.12186301024540508	0.20940999642240568	1.0687910011085064	4.31307656142842

drug_67.txt	1.77994353142943	1.0302047743260614	0.03389824084292861	0.06308326711823992	0.0636804549909085	0.059032790522241675	-3.778689418306711	2.0412315428632444

drug_68.txt	0.0187604771704232	1.080114994638854	0.05257986093160946	0.09662595320236894	0.05249480278554723	0.1078114390024894	-1.0591324574315362	3.160933355031095

drug_69.txt	0.0779408123586978	1.0576811361787066	0.02944841381530941	0.050706517187721734	0.059832906886547375	0.0895734886201426	-1.4212960439041233	2.5546790093612257

drug_7.txt	0.078129489548305	-0.5116443284030601	-0.22259016222114913	-0.8311360595225064	-0.13020325583000114	-0.21737191309285192	-9.327981609696705	-4.598188715780903

drug_70.txt	1.93632034831792	-0.6279184674707667	0.01602493955248216	0.04849792234555861	0.030780755903901773	-0.0603127673242746	-5.114198876955787	-0.25767520691441265

drug_71.txt	0.074980095111932	-0.6495364022710762	0.015911217544176195	0.03536536132750118	0.024549251895920034	-0.06703668357662264	-6.277090261498483	-1.4878035745282203

drug_72.txt	1.7637600830248	-0.5901626453909761	-0.0044268172061720235	-0.015680476975515223	0.002503097820914857	-0.10606682863809701	-5.9832406549274015	-1.9118729232411307

drug_73.txt	1.89917606474328	-0.6326989768558339	0.00010813910474954946	-0.005180948770022342	0.022947422533048753	-0.06921382643908522	-6.135610314561413	-1.7421653680757467

drug_74.txt	1.77164825077318	-0.6685722368904425	0.012024823842033128	0.018986196917645082	0.012060911124306361	-0.07588062333378663	-6.048424467099166	-1.1845738940129673

drug_75.txt	0.143707951124234	-0.6481243328245743	0.011292795878164924	0.027280052076899708	0.02620333513983955	-0.07648099369764677	-5.853949735593959	-1.648677831212568

drug_76.txt	-1.79049121012533	-0.5899147168373802	0.004527834869264752	0.006380071653828645	0.010270505392670826	-0.09606312558828642	-6.249136818768286	-2.3075045413273543

drug_77.txt	0.0810673591666417	-1.026247809971791	0.007321507754467049	0.006271347674909222	-0.002216985997056454	-0.1303320476484395	-6.93303985171455	-1.7020766371968723

drug_78.txt	0.119682147724071	-1.0239691995190037	0.05374926957781123	0.11999653319757891	0.04541891149573554	-0.06794213703315076	-6.943043667884207	-2.3038183141786197

drug_79.txt	0.0405968283347337	-0.5443739723799046	-0.061762797321408824	-0.15355887497844967	-0.0782101242901931	-0.18151468952672112	-9.617215468207672	-6.456799692177048

drug_8.txt	0.124509918904271	-0.5432839391684066	-0.24032117917931142	-0.8416376864431356	-0.1452381517543849	-0.2029622248579823	-8.125479292736557	-3.3823754887734836

drug_80.txt	0.137167761408807	-0.8533738865293767	0.02137210630449876	0.05451096691916546	0.023948423702320934	-0.11124208737568808	-5.9809282378382305	-1.8953363892686326

drug_81.txt	0.124474958507895	-0.8852340172987991	0.032188870420660376	0.07311586873654619	0.025872570547166494	-0.11387541855699905	-7.161923712951353	-2.0916948093400665

drug_82.txt	-0.0672061120984334	1.2399662680242436	0.04092222745318819	0.07503536237648173	0.018946416676630384	-0.05985683730507384	-5.60111940976576	-0.7676351440244488

drug_83.txt	-0.000164398246447206	0.9346122212641896	0.04813015372419699	0.1003728889685826	0.04185143319646525	-0.0575250810450236	-6.1020689091206455	-0.4862501289087249

drug_84.txt	-1.79658481896325	1.1322168085523687	0.07693022051174545	0.15068248157263164	0.059468181085549965	-0.0304860848352631	-5.432344763670065	0.2922727367303546

drug_85.txt	-0.000364098695773252	1.0591096005576586	0.05528358951159734	0.10394726495443712	0.059009735773816234	-0.06210876741834194	-6.24085027894383	-0.6824785355445309

drug_86.txt	0.00617609101965366	1.1028223319046784	0.051109005883851505	0.10121125102012818	0.04056852210499154	-0.1273324885236454	-7.954265023896491	-3.40165836865212

drug_87.txt	0.00667534214296861	1.2167773714418146	0.07343688349336497	0.13888792456369886	0.04479249148251161	-0.05315326883629866	-5.821230623852878	-1.032015938918533

drug_88.txt	-0.0633541664396857	1.0620031215607855	0.07967040604962367	0.1497370690237011	0.05703316224780312	-0.004996204260347831	-4.101269330716531	0.277732303540435

drug_89.txt	0.0141641089926942	1.1610008363585556	0.050674544156121076	0.08780299664588714	0.04284920648970771	-0.050376531430484046	-3.3613549219502445	1.054517165311358

drug_9.txt	1.79555466757074	-0.9456954196935892	-0.26125995684451897	-0.8070343349848422	-0.06534203642771681	-0.10172553452575085	-6.391598066474041	-1.162098708248306

drug_90.txt	0.00534278812846201	1.2260908738224336	0.04411397309066503	0.07259951891528182	0.03384694200261287	-0.0023053311325780573	-3.3298578931109053	2.483533887150524

drug_91.txt	0.12048226334012	1.0718319655389066	0.09840610208617218	0.19581975717604228	0.0779092247533065	-0.06907426282902521	-6.832302058914391	-1.6822644344867017

drug_92.txt	0.0148630605653352	1.0911252834490242	0.037115074250068825	0.06905619544957625	0.046157698448453216	0.00033915091888717406	-5.844354794744589	-0.11699092063690306

drug_93.txt	-0.0323007465694911	1.2049220163779768	0.0512512085316599	0.09682602886075947	0.018601784439011587	-0.01115604261794422	-5.670746333751294	-0.18258494263810152

drug_94.txt	0.0084726461869028	1.1242267424657502	0.06342294903298054	0.12177547264456912	0.05869170552501934	-0.059511442099367505	-6.505701539188428	-1.7713179487388022

drug_95.txt	-0.0105488216113998	1.0731170686600415	0.057781842291134256	0.11254032461076247	0.08357350396069398	0.04433732655568776	-4.818036853295535	-0.5321161575593505

drug_96.txt	0.00233185737012798	1.1261321211096038	0.07374898902351401	0.13879551405926804	0.05279093355700426	-0.03508739321869326	-5.992390375983573	-0.45256944048381453

drug_97.txt	0.0165105892722748	1.0525307245780264	0.05412617416765758	0.1123351684826025	0.04780554774691839	-0.03475258752913746	-6.512970433771284	-0.9528502369808101

drug_98.txt	-0.0980711965855239	0.8664287508885673	0.026563803939638198	0.05106947897696812	0.04879554698753703	0.029859984335741316	-3.8613730941867015	0.44576481876658

drug_99.txt	0.00637579146897971	1.0262823679868005	0.08222658316946219	0.1537286955903851	0.06799258728516751	-0.06558642175075502	-8.009776663213941	-2.3107593505381105

