	SScmap	SSfisher	SSlincs	SSlincs_Norm	SSpearson_corr	SSspearman_corr	SSzhang	SSzhang_Norm
drug_1.txt	-0.0498678693745249	-0.7421496040913291	-0.007901351652746816	0.0	-0.062349627749773734	-0.009709704817538026	3.2884652224737376	-7.252590241850643

drug_10.txt	-0.0216320540833772	-0.9806519581194841	-0.23787365017302978	-0.778170985355659	-0.08372473537183957	-0.04499311393180229	3.023123116078864	-10.122124549867427

drug_100.txt	-0.029170746045434	-1.16409704268072	-0.06758373004486465	-0.13500613562629066	-0.06509328260917248	-0.08235088995709429	2.3272637352756047	-9.400929267206791

drug_101.txt	-0.0579968076054932	-1.2304289304886453	-0.06392403481882125	-0.11198499117506405	-0.06668940685003424	-0.017396850304454734	3.486336073937674	-6.84037695492309

drug_102.txt	-0.00895258843336721	-1.325239091018851	-0.07752076789554205	-0.14617123726905062	-0.05874261660617261	-0.07553390601707093	5.526098294257242	-2.341930157814825

drug_103.txt	-0.0476212393196074	-1.2408527747502682	-0.07788626546978664	-0.14027987979695322	-0.06406579179823903	-0.04658924115297119	1.547776826450546	-13.342891152502878

drug_104.txt	0.138395869399364	1.3606379260646873	-0.054712409816966345	-0.09821402579013566	-0.03699672149795274	-0.074538408178932	5.274435752180559	-4.8719541321756274

drug_105.txt	-0.00283107136137462	1.3670672036093134	-0.060913309986349834	-0.10503595047466757	-0.044069414565112604	0.058625417509181384	1.437108799255619	-7.463154404666299

drug_106.txt	-0.0304984386720936	-1.1199380503697665	-0.12734799609154196	-0.23743018731019983	-0.07656136334778682	-0.13746025878240575	3.2223369027652344	-6.288670923768785

drug_107.txt	-0.0167748377433848	-0.3577624604292162	-0.3212214880069504	-0.9041068078067782	-0.1253323445414862	-0.20794328107019266	-0.6296939202370759	-10.8914108907422

drug_108.txt	-0.0475287069395907	-0.4053535660476624	-0.331770039763876	-0.88224402644628	-0.13053705420215053	-0.20515565998449695	-0.9800025803122178	-11.338724138357595

drug_109.txt	-0.00402296987419304	-0.42938204103885314	-0.3129150850016422	-0.8611136889215214	-0.08752617488664095	-0.2062918527869551	-0.24668566714754303	-12.311016167847773

drug_11.txt	-1.82544253554428	0.9643479964754742	-0.2478518459824166	-0.792632488247889	-0.07529978517459184	-0.03538546384579483	3.556686722729814	-8.092351358164501

drug_110.txt	-0.0269096355466799	-0.7910113871940159	-0.12244447651334762	-0.240250441891223	-0.17513029585808465	-0.17845816383088492	0.8027800909364579	-12.018338503839624

drug_111.txt	-0.075035751354372	-0.7344582937308523	-0.09944636149999474	-0.19200472161448956	-0.13932748433352654	-0.16756376306619516	0.9077616573423566	-10.350172176323563

drug_112.txt	0.0147987974747835	-0.658864376716084	-0.1102836349558757	-0.23463124583165432	-0.1180243396260859	-0.1926362255464276	0.7677152117224366	-8.38695109860789

drug_113.txt	-0.0500893681123338	-0.6364432752777667	-0.10798545522357425	-0.20338199954520786	-0.1334071320898824	-0.1831934280646877	0.7277125532189395	-13.20616765589611

drug_114.txt	-0.0414378432351472	-0.8533681641080597	-0.10414448092356912	-0.20605992033628862	-0.14156499000432837	-0.15402405167146924	1.2524972339834939	-9.263426759768045

drug_115.txt	0.0242346437054376	-0.6866036188526892	-0.10756039399875307	-0.21336165508431673	-0.130054356373765	-0.1717238037467913	0.30527439274697693	-13.097506525019147

drug_116.txt	-0.0630392439509749	-0.7676206631534221	-0.11131383722361629	-0.22603303485866608	-0.1716052510725548	-0.20845150824491238	2.7024821821622234	-7.781785642610746

drug_117.txt	-0.0240122865515763	1.1261151671919873	-0.08440232887209367	-0.16971158885550508	-0.1076602094886662	-0.0823683605781842	5.488705269701271	-3.58069255071101

drug_118.txt	-0.0905979059579645	-1.1894655922325388	-0.06608198740546317	-0.13251461564235434	-0.1178614893493894	-0.051556832062008257	6.127377503587025	-2.2444394471363673

drug_119.txt	-0.027508736894658	-0.7315348236352149	-0.2776707317396268	-0.9497835075245387	-0.15671519112403162	-0.16075405565548345	2.1589081369754832	-5.206275833361538

drug_12.txt	1.84324465682429	-0.9765339388192849	-0.24363418574606605	-0.7957748078221754	-0.1104599030086497	-0.05078932953829282	0.7931449705414355	-9.618664446159398

drug_120.txt	-0.0794646059080394	0.9863335387023346	-0.0799619555555175	-0.16758611650254662	-0.14638143187563665	-0.06518411747306843	6.123643869999179	-1.9866349971127197

drug_121.txt	-0.0249271114972563	1.2220235306197256	-0.0595855325773062	-0.10145837084964171	-0.08178465136970213	-0.1004111949332775	3.9576085979130746	-3.2643005810169314

drug_122.txt	-0.00525661723864423	0.8271700723264381	-0.08310697705385034	-0.18145381682194045	-0.052546651363799934	0.12303449520309247	5.162508845388474	-2.301617147131112

drug_123.txt	-0.0589760381073412	-0.9419666358906011	-0.08996857819470734	-0.18398718420196158	-0.09527982640139142	-0.04684877283827351	2.018791319204169	-7.572409201078382

drug_124.txt	-0.0511715476599137	0.7689485854992664	-0.06855303230360865	-0.1471316130285248	-0.06543542346422745	0.11995344339522995	6.052294327613641	-1.468182260842285

drug_125.txt	-0.0854331179287406	0.754295189376021	-0.0486967759159557	-0.09626154381636343	-0.040437132193202344	0.1478127887377642	6.389130630260807	-1.807921339333577

drug_126.txt	-0.0581128307538692	0.7201584280436171	-0.05776989129070739	-0.11665087921871709	-0.07963834817546445	0.12089789076051738	6.78700304555033	-2.084869068583616

drug_127.txt	-0.0106984544827781	0.7785449565525303	-0.052079294323880226	-0.1038973235939128	-0.035960261772582144	0.14589670841843558	6.933281336132581	-0.6000745073741196

drug_128.txt	0.00422915410434133	-1.1463423898236296	-0.07506718027091924	-0.13487735970524917	-0.0697114202892212	0.022333660592485954	7.449609630037962	-0.4095815943941927

drug_129.txt	0.0344323341827086	1.0253286644461854	-0.05499314256536039	-0.11333504918136955	-0.04157591104990976	0.1334322910080859	6.299863556217575	-2.0952864624929517

drug_13.txt	0.0225341641217828	-0.9210050439395971	-0.2547383040595655	-0.7689760767912601	-0.09144023222998972	-0.04839198109974033	1.49231770680616	-7.4265487680646585

drug_130.txt	-0.0882514256783837	1.1026461162478334	-0.08633935655303304	-0.1659920795452744	-0.10384288691355696	0.11008027031514458	5.403085818838625	-3.6330604654432013

drug_131.txt	-0.0355966050923615	1.2840416481185732	-0.09539032546700843	-0.18112306682352092	-0.09350128427259302	0.05311653625447232	0.16246779496682734	-8.15905437418787

drug_132.txt	-0.0406535218816797	1.039754581758706	-0.06652911669198955	-0.13157215430165853	-0.05921643347840548	0.12886336958598824	5.072626015020544	-2.215214188260173

drug_133.txt	-0.0742868746693995	1.0942701362929057	-0.06135505363549601	-0.11576352314810051	-0.07420651614633474	0.08228412071333428	6.670191138582314	-0.6586793928881758

drug_134.txt	-0.0787656543353984	1.2065014211793397	-0.08438184777133276	-0.17173994154279193	-0.1111819194322024	-0.01595733482494945	6.053901158403804	-2.258232017566295

drug_135.txt	-0.0627059410883675	1.0100164977474646	-0.06555232111423193	-0.1350010701154135	-0.07613060615047693	0.10251362504608899	6.159680275858833	-2.69588322255485

drug_136.txt	-0.018936098017476	-1.2487179642538988	-0.07991937158541779	-0.15781431024047632	-0.08865602663090713	0.002449138216592338	6.153227540532405	-2.9979333887718247

drug_137.txt	-0.0110479302690986	0.7728281598376937	-0.03734605092437426	-0.06365570841159923	-0.03907541483841565	0.0955089082378992	7.31140849861015	0.7321689816574327

drug_138.txt	-0.053883676649528	1.1086350691291709	-0.07268306268108163	-0.1410109908136914	-0.11680312303438627	0.018953893115255156	5.3712091890391465	-1.7925878125305175

drug_139.txt	-1.85909206125572	1.1275785641217937	-0.06354376109037801	-0.13658884286491285	-0.08470467858211361	0.05229711813813425	6.424985241396027	-1.0213800670156143

drug_14.txt	-0.00978683489916643	0.8541101949421996	-0.19148756116649454	-0.7654325565610145	-0.04490957041748475	0.01929893207531679	3.737138511941763	-7.800796679440239

drug_140.txt	-0.00181311777227766	1.0098255629060597	-0.055790556243042716	-0.11287214879442287	-0.08466766474338845	0.0006616214454239534	6.814583064550811	-0.7124483362865475

drug_141.txt	1.79343556764116	1.089278026644664	-0.050351422353010405	-0.09433070446548492	-0.0640854198080697	0.0980600940138374	8.821295785881	2.447502045439019

drug_142.txt	-0.0114529565325202	1.0716381008759897	0.03146223246320387	0.0	0.07283174225429184	0.11353517562632846	-0.36779027535059017	-9.225021770069649

drug_143.txt	0.0174182388389248	-1.1211451068953342	0.033212585542254425	0.0	-0.015189626741283862	-0.1410782809417327	0.1858880379071322	-7.998383512069857

drug_144.txt	0.0403178720730563	-1.198657552858708	0.033018329138606	0.0	0.048329931280306944	-0.10458781846809537	-0.3371666608023207	-9.740735438398728

drug_145.txt	0.0040737534025771	1.1060983340942585	0.05685700681302308	0.0	0.06517581865271042	0.13812712975667815	0.35811996887987085	-6.208866337893708

drug_146.txt	0.0483558151584282	-1.2302949575124185	0.04162048937960017	0.0	0.06612874207581629	-0.04212700002638051	0.3015309852492152	-10.364108328966454

drug_147.txt	-0.0185423224835937	-0.9120281868939036	0.033088477249866854	0.0	0.027690745066330257	0.012099551151800966	-0.5032996719875832	-7.131652647490387

drug_148.txt	0.0748660498064562	0.9136627606790956	0.0755841130831284	0.0	0.11020154410798483	0.137631326320623	2.4505283775700497	-9.166362205850744

drug_149.txt	0.0468241300021798	1.297845350824489	0.04027382222649559	0.0	0.06665778434190697	0.026732491069125935	0.17904239140208691	-10.663599651400867

drug_15.txt	1.79333009205173	0.804385553404673	-0.22050835564130067	-0.825401907846527	-0.056680874752985395	0.023450744780004244	3.9144352830328835	-6.922404199259861

drug_150.txt	0.0391356627031284	1.1269413722618025	0.052923286248471674	0.0	0.0611708804559386	0.08761501254745957	0.25135368652334206	-8.269837550627477

drug_151.txt	0.108716788849407	-1.1841880267659046	0.04156905068406258	0.0	0.07542088197584648	0.09919489994104949	1.2898707107196334	-8.455301967952911

drug_152.txt	-0.0171798640068067	-0.9698493371839344	0.06245142091401071	0.0	-0.034539207777987045	-0.0860335950812304	3.434117982821376	-2.8370769411399315

drug_153.txt	0.0011426522188549	1.0333918549085612	0.03531619398830704	0.0	0.052567632184113484	0.12061818714547247	0.4483918008624498	-7.906096750291563

drug_154.txt	0.0501531192023623	-1.199374104602795	0.07633205157880382	0.0	0.03447516396563345	-0.02357712999014035	4.331525159998906	-2.786934526328167

drug_155.txt	0.0426643523526369	0.9811817289302428	0.05138209732090104	0.0	0.08520240720340512	0.13615650039447114	0.6237689760461016	-13.696863711865147

drug_156.txt	0.0111775997974869	-0.8729436607559652	0.035948362571524006	0.4323434919435958	0.04592262159026799	0.002547725360053998	-1.2233963946001103	-13.618379746304903

drug_157.txt	0.0589399389727068	0.8537674539574084	0.07268465939536414	0.0	0.10381587079840063	0.15408182708249518	0.21288748665861296	-10.975591591948493

drug_158.txt	0.0378216164564812	-0.9118594369169682	0.034826962398171846	0.0	0.044126236213565304	0.06314367765506054	1.0165296364496468	-11.360523453099589

drug_159.txt	0.0272534859682307	0.920786367571958	0.04257087873259016	0.0	0.06266652516876203	0.1029906301811166	2.042164647376878	-6.657105483351385

drug_16.txt	-0.0306860056235992	0.8904472921261837	-0.2075241431480834	-0.8209095055478913	-0.03779364087050935	0.07152543312465821	4.166326534601596	-5.476510278201783

drug_160.txt	-0.00235210564435029	-1.2955426023013747	0.029230940558485963	0.0	0.024440145250609526	0.09459577967375564	0.08994929295535668	-10.753544458019258

drug_161.txt	0.00768284193428159	-1.2144019994039819	0.03562741009066325	0.0	0.06304631382980616	0.08505211870289266	1.3991840740002268	-8.304345539391992

drug_162.txt	0.0181671155238973	0.9990990939101335	0.05685806712538419	0.0	0.0750027187331921	0.12726053044736327	0.591180805604751	-7.763477251130412

drug_163.txt	0.0016274228983334	0.788400825047701	0.08920840500304239	0.0	0.10125790984360969	0.18306806490798594	3.013163501874636	-6.189749584637915

drug_164.txt	0.0736678471105001	0.8239470112634156	0.06674256941438286	0.0	0.06905017203474287	0.16415065918936098	2.5683821833350926	-6.9733820379417555

drug_165.txt	0.0311830893985831	0.965503549457661	0.027937470546605225	0.0	0.059484212749148634	0.163164402960602	2.6594965263524157	-5.129747424448167

drug_166.txt	0.0553113990985352	0.9687971586835821	0.07058691883653673	0.0	0.10129978651816715	0.1510273678007184	1.0849000910928404	-7.437259345889477

drug_167.txt	-0.0193266438370613	-1.3930797076800434	0.020868112408812173	0.0	0.0059277308140768935	0.082015683068038	1.4072612331546663	-7.959916986733613

drug_168.txt	-0.0491319358989685	-1.2009092567788722	-0.007717597129309639	0.0	-0.07894388906788011	-0.12293371572796799	1.743921605423347	-6.390011555357807

drug_169.txt	0.034426708817939	1.0333652123083006	0.059898843577533556	0.0	0.07740752097240407	0.10679715085416623	1.0863681323621976	-9.548249020757291

drug_17.txt	-1.87285691181538	-0.7221044684039197	-0.21894911546908308	-0.8104838074556195	-0.061800618674575696	0.03649592818100356	3.7232908363730193	-11.134138388761935

drug_170.txt	-0.0222367807961249	-1.2041069553030859	-0.021210423424830704	0.0	0.0021828837458222785	0.03735853571526058	0.6080955341050812	-9.617023576717513

drug_171.txt	-0.06523506612528	0.7976659416819929	-0.053759058340747456	-0.11105708026565453	0.03458138688099114	0.09656484454614395	3.6915197648006317	-3.9066737340107505

drug_172.txt	0.0486940402152092	0.9766042737370598	-0.08010646580979322	-0.1633485662799279	0.0031364792619187278	0.058521035950215294	2.9433621468197653	-5.374084784489304

drug_173.txt	0.0180914592381898	0.8540925018472448	-0.07325631691786968	-0.16038707807692926	0.014703436320075125	0.08022832089058742	2.411467923982438	-5.510867534285996

drug_174.txt	0.0460452544157972	0.8747934160967674	-0.08730732448222112	-0.1858112426775269	0.021470500044268995	0.10545889500517497	2.5680166391042407	-4.9490025775877236

drug_175.txt	-0.0270408423094887	-1.026259207619918	-0.036730174162787316	-0.08016699612758493	-0.016110248477306736	-0.03743278253839036	4.02681960880903	-1.5639106138378203

drug_176.txt	-0.0723229191941616	-1.103194560605444	-0.05939134639466266	-0.11684262725954317	-0.030669402837617363	0.02202719919600082	1.8344377851538218	-5.77999837016464

drug_177.txt	-1.84885741322776	-1.0238454998621722	-0.09348828343961663	-0.2126943926684012	-0.06709802096702903	-0.08020395715958413	4.912329982837014	-1.6091188746596252

drug_178.txt	-0.00787111205638336	1.0575846522634005	-0.032950473309973805	-0.05816339339347909	-0.0021959124550088613	0.05118181634685952	1.5498371666608024	-11.599460215869282

drug_179.txt	0.0229510712286549	0.8306754570315327	-0.07507313652236161	-0.1703149472315695	0.03512932744466922	0.11682429188764444	3.567844618289722	-3.7115654226235897

drug_18.txt	-0.080334068740192	-0.6857969437281772	-0.27114819522257827	-0.8191368498543021	-0.11011399502699491	-0.10782721039915621	0.3114104533921332	-8.883321065986939

drug_180.txt	-1.87766420304304	0.9270906358359319	-0.24021017455528956	-0.8047992314771951	-0.005743521857088075	0.015540514673562331	1.056641762744201	-9.359663348723243

drug_181.txt	0.063779853054392	-1.0534677358190199	-0.07777006865474972	-0.1604883470796173	-0.03042115297026771	-0.011037878201521826	1.1960059894519963	-7.91564838920557

drug_182.txt	-0.0418186755596135	0.9572345443211581	-0.06782948874186578	-0.132050659181123	-0.0072003653444538546	0.03029641892054563	2.431115437695234	-12.867847153423305

drug_183.txt	-0.0477597639270623	0.7734664356635861	-0.2193705502769252	-0.8303513117459159	0.01601452296232985	0.08128805608482706	1.797652697794615	-16.573959037318033

drug_184.txt	-0.044764257187172	1.0179110980556545	-0.07604386543465799	-0.14901809822574003	-0.011508569016461261	0.023397515087443407	3.1582278728453415	-4.9579778703088

drug_185.txt	0.0856310589295619	0.8189279578348038	-0.23224483841218505	-0.8451072324662012	0.008515650620734956	0.06717615429559053	1.5656963128902233	-13.40480392702153

drug_186.txt	1.83486132608294	1.147128024465711	-0.04566144922114812	-0.0784753414886521	-0.01480948446719253	-0.031015692686768688	2.2800713886380253	-7.4269226356993165

drug_187.txt	-0.062138196278535	1.0005867230656462	-0.08606383393038936	-0.1771623736018088	-0.014302558196944778	0.033480581276306313	2.26810030377312	-6.4493779608917885

drug_188.txt	-0.0632977245916991	-0.9394616711886938	-0.22134575612771867	-0.855549939118208	-0.07025110457203694	-0.14733761506302856	2.4622062451374798	-4.127584135524103

drug_189.txt	0.0505385145256324	1.1173434563631262	-0.04025912541915655	-0.06877287167317919	0.010067810715659535	0.1199471076663742	4.86239898664102	-6.144723231983451

drug_19.txt	-0.0458673766071824	-0.684342486507586	0.020874000119066427	0.0	-0.03831948939953329	0.033399314986041505	3.5115527615205075	-11.617637565420406

drug_190.txt	-0.162581896924749	-0.878871642170673	-0.2035382590272818	-0.8492321369290249	-0.08194471882107571	-0.1145336062200529	3.3186822423695084	-4.747823471445417

drug_191.txt	-0.00267392947527667	-0.5557817956176748	-0.041230012499248236	0.0	-0.06279522163844668	-0.11388688809572718	0.32793422549583046	-6.977128572772978

drug_192.txt	1.84544544989722	-1.1346516258539376	-0.06560121598923005	-0.13897710001679695	-0.03447258521302996	-0.060143755285919705	2.788908957983916	-5.196695940667925

drug_193.txt	-0.0569959097083903	1.0737095058117703	-0.05207589379095205	-0.09073434383921736	-0.03681407311860386	-0.05838246698937969	3.3420086557746216	-9.401862004119527

drug_194.txt	-0.04236785179526	-0.9565951889663045	-0.08099921079154093	-0.16824061194587595	-0.04149020265547498	-0.14551728659995317	1.4655723797124907	-8.036401740468428

drug_195.txt	1.81883536502453	0.798763759898782	-0.0648932529371133	-0.13981863323410243	-0.010418754149666249	0.022364381733875442	3.4651540563680934	-6.0354965184827485

drug_196.txt	-0.0660822801527238	-1.115244484335681	-0.06898657133330717	-0.1383258931995419	-0.050960318895576506	-0.10669240063698612	4.262073710919021	-3.1262027240331975

drug_197.txt	-0.052502649598555	1.1064852066833544	-0.07347181694386645	-0.13383789803789492	-0.026874669289461497	0.006578187265767788	3.4490505623907763	-6.205109123644488

drug_198.txt	0.00965411525416582	0.8447337318993413	-0.05990963919691354	-0.12548703674777203	0.015095894096085236	0.031855941134983676	2.307213536474277	-8.474562026131446

drug_199.txt	1.73835910971053	-0.7727477852519018	-0.2396198632666376	-0.8382200252685985	-0.03483288173989077	-0.05864445637491804	2.847139958480431	-12.859601654829246

drug_2.txt	-0.0276027821568664	-0.7026743404547524	0.0029370234972290465	0.0	0.010248858625985383	0.05669096944863758	3.8225077507105634	-10.166359957651531

drug_20.txt	-0.0280940366171675	-0.754185616657323	0.03021752849105684	0.0	-0.008172404562610324	0.05718721491140206	3.405591849341043	-5.908987701531756

drug_200.txt	-0.0344628079525733	-1.2716393558531023	-0.053471710341986084	-0.09490866919593888	-0.029233378071395894	-0.0007130807836306198	4.425602952502707	-5.307091911004553

drug_201.txt	1.87498577753758	-0.9450154854366384	-0.09721668387353079	-0.19908469708772086	-0.0762135704718811	-0.11352531835445025	2.094654453188836	-8.233336935084075

drug_202.txt	1.85220305022011	1.0062897621072144	-0.06502481109210616	-0.13322999769067867	-0.05559263414452986	-0.0828364450150514	3.8332023629404612	-7.812814422712773

drug_203.txt	-0.0893916822467659	-0.9496908289011325	-0.09097124191634082	-0.19516518380472658	-0.07537588455746087	-0.132152275204871	3.3411094560623655	-7.008610339436483

drug_204.txt	0.0286312833049067	-0.9908218524996955	-0.08269574928110467	-0.16614310999864504	-0.06412748413780033	-0.10608774679330497	1.5452395194363973	-8.578423437375307

drug_205.txt	-0.0301305739092721	-0.985759838158095	-0.08729892253212579	-0.17279432148978138	-0.07950224410031331	-0.09106092960589877	1.4424883592732902	-7.392594208797204

drug_206.txt	1.89162209067351	1.0188705794172295	-0.07074295209785474	-0.1361271252653969	-0.04759161594814869	-0.07160146105522176	2.9407896537299196	-6.169084943303307

drug_207.txt	0.074509435773174	-0.8139487096197111	-0.10053375072245307	-0.2244297700884053	-0.090740073052253	-0.14781959405888404	3.1671045378308955	-5.590086318714243

drug_208.txt	1.85027284693349	-1.149514304820164	-0.08932452688607001	-0.17751830947137398	-0.06016156795662385	-0.08819621209795457	4.683858974208606	-2.7696510928665545

drug_209.txt	1.86921542873179	-0.7427613428051459	-0.2233623693809087	-0.9010477248043145	-0.10105030472855185	-0.14789092407501392	3.4391359081721617	-5.50863814607158

drug_21.txt	-0.0810211394693826	-0.7238475060582401	-0.18044683567036668	-0.7946990632976141	-0.06058782979783297	0.06163590177839454	3.7529077381999585	-10.549757890697071

drug_210.txt	1.82003919308526	-0.9974042533761946	-0.10178783739369378	-0.19201966071881724	-0.07136183443879106	-0.07242234760369456	3.6331636582571947	-3.9753684605204986

drug_211.txt	1.86542112019459	-0.9579867958154755	-0.08024384916016637	-0.1765824829715723	-0.052393419493811856	-0.09322838458475155	4.2739138253910545	-4.704948452859353

drug_212.txt	1.84644957750862	-0.8899524824085198	-0.09607663243213198	-0.222610477779621	-0.0708224905594169	-0.09131420230327733	5.305925335147371	-2.2676810208916076

drug_213.txt	0.0124041089149766	-1.0134369293065395	-0.07976890239776813	-0.15544963708304121	-0.06215258254923297	-0.08126548362026231	3.872749557241881	-7.525352254552717

drug_214.txt	0.00836168769831658	1.1426002965668762	-0.08227352423389453	-0.15718241955984869	-0.048268946105318476	-0.017226177190903684	4.635261139325131	-3.29140474925701

drug_215.txt	1.76619895776724	-0.877330260621066	-0.08584577257639239	-0.2188776717487434	-0.07662778057007529	-0.10374517401134312	5.357121075286473	-3.530462352149376

drug_216.txt	0.0250978510589094	-1.0252318754281833	-0.07696019245788349	-0.14801770198266795	-0.048971419601099186	-0.035630030491076804	4.258688028524179	-3.5636511387651257

drug_217.txt	-0.0363212878383784	1.1194631288374246	-0.04203063330297713	-0.06973540994681432	-0.03972685994529572	-0.03744289115547257	2.7710950297713297	-13.134277123552026

drug_218.txt	-0.0016541920854467	1.2489341046618003	-0.05281927496648148	-0.10268432840119218	-0.030496814182630252	-0.02856520169155564	6.150553398779434	-1.830680130509919

drug_219.txt	1.85288429163462	-1.0165821751591484	-0.08901852715841842	-0.17329091893980428	-0.06401814830199827	-0.0357502043360232	2.3986621472107217	-7.21075995064456

drug_22.txt	-1.92541425347498	-0.6041585780581287	-0.18896150238933124	-0.8589707758028515	-0.013662748345782244	0.012167880334860683	2.413496987680964	-8.123024200140213

drug_220.txt	-1.83642606025722	-1.366899629362209	-0.07367505872959443	-0.1287693706446319	-0.0522527305901173	0.041504774661514726	2.9128304070247046	-6.82869920433444

drug_221.txt	-0.052902050497207	1.1399704877270829	-0.03601708566583153	-0.06452461966007533	-0.057128115228427166	-0.05121385739819486	1.8968989338619064	-10.067834923789288

drug_222.txt	-0.0574452357193738	-1.1822972746441867	-0.07973663449957147	-0.14639387464701176	-0.07630504693451952	-0.11128098003876567	2.9421110863505393	-7.531632782097102

drug_223.txt	1.84255541874677	1.155442336591622	-0.05077818639969578	-0.09514256017949801	-0.05056091776149104	-0.08065551031774178	2.876983615017417	-13.290351164659238

drug_224.txt	0.0379586281817441	1.2576238154751422	-0.038328411407125784	-0.06838859517132395	-0.03794097954725731	-0.02419314018686409	5.351987817798681	-3.4780715333696843

drug_225.txt	-0.0250468635806123	-1.0301018024039217	-0.07924255940372132	-0.15433286886209047	-0.0675189198905304	-0.11475269446951282	4.7844403263704	-3.359557375161429

drug_226.txt	1.91284435154475	-0.652717943498138	-0.23745550927228548	-0.8539427114835676	-0.07051896087643668	-0.15762998816439303	0.37449908711681384	-7.961276399110719

drug_227.txt	1.84450249812769	1.184256986288131	-0.034100023289007436	-0.05704971912050072	-0.03319877739174418	-0.04836536782449459	4.76992216058143	-6.447135237044055

drug_228.txt	1.84170106647236	1.1915362530391274	-0.07041966093897734	-0.13357582360416242	-0.056931707711814473	-0.08229105084971855	3.8604227020560398	-4.6852933323632815

drug_229.txt	0.00418675078656938	1.0851688537800463	-0.06184716144011329	-0.12303992902106892	-0.06797418938933972	-0.11422057143363769	5.456203109667179	-4.068344005691571

drug_23.txt	-0.0298552171742387	-0.7751378534936542	-0.05993954537640127	-0.1636876551859828	-0.038006404737698854	0.0370657577480655	3.650508438793821	-7.466987926628272

drug_230.txt	1.55428098022048e-05	1.2875979546564313	-0.05724926663129612	-0.10622428417873991	-0.0539259552814811	-0.07498748435643302	4.785110816590626	-6.558001620070946

drug_231.txt	-0.034214515675423	0.6436554128497062	0.2124066184881282	0.718415467432014	0.01600871356511234	0.10135016020119512	8.142413686601534	2.2260517462594485

drug_232.txt	0.0100295018115472	-1.2675354482396797	-0.2629325121566729	-0.7924679776899684	-0.0014071313232388587	0.10646999141060084	5.950733629678282	-2.776727700704973

drug_233.txt	-0.036509737558165	-1.130845717930395	-0.2517565226858839	-0.8226636463623438	-0.042097462547485025	-0.14751460849429288	5.790644804384967	-2.4355542479745758

drug_234.txt	-0.0576118871506776	-1.2290116254948877	-0.0559495981708569	-0.11683165098545603	-0.03955573772811684	-0.04556842705230566	4.691472850033036	-2.9675571869852146

drug_235.txt	-0.0523697503558698	-1.0708071700012918	-0.23671054884473997	-0.7841734108521687	-0.024041153276804325	-0.007721692268452715	2.951974916237592	-6.682125183036973

drug_236.txt	-0.0310018022779867	1.1382662651952238	0.04307644394602918	0.0	-0.035876393353147525	0.03607658022604804	5.656020923986348	-5.06724103917867

drug_237.txt	-0.0316240351989544	1.2547372835298258	-0.04662299571917568	-0.09430845524133064	-0.036718594364972885	0.018132080875613604	6.313740553516066	-1.6963697645424394

drug_238.txt	-0.029354273571047	-0.8683772444538026	-0.08769729339871804	-0.18662131447248023	-0.0765237336345532	-0.14535865881494262	1.8218646274381018	-11.738531326162278

drug_239.txt	-0.0845714478096891	-1.1087429232067711	-0.08431078085380467	-0.16924471454965967	-0.07111756549315441	-0.06602679460816953	1.690151417412416	-11.358259753820793

drug_24.txt	-1.88403433201518	0.7578343848854461	0.16048830806734693	0.6925332307044003	0.013203607379867453	0.03207458225297115	5.438021682441757	-1.8294073964327622

drug_240.txt	-0.0727391961871229	-1.1936607943460764	-0.07434573301446079	-0.15627113647359178	-0.061683869035859665	-0.006063458842550623	2.460783163853735	-6.945059054801252

drug_241.txt	-0.0148122155526541	1.381362544659529	-0.0907902421899156	-0.1857258839610414	-0.05043335742246983	0.06617082103659891	7.88075243468096	1.3443231834221467

drug_242.txt	-0.00369276583265465	-1.0824697245892494	-0.0737762717699496	-0.15278540112102748	-0.024511368689870087	0.006531306996547148	3.328424875773605	-6.481223596988839

drug_243.txt	-1.73197773000885	-0.5926239589257889	-0.2962669273782442	-1.0700488760994753	-0.1923919169352979	-0.2509584146607389	1.9134500729133679	-7.592530964125714

drug_244.txt	-0.0106660355786667	-0.41001608196605993	-0.30033482213260837	-0.8963040326213892	-0.1407525731730886	-0.21737105619998492	-0.6053764323664982	-11.80772445789568

drug_245.txt	-1.69769214539875	-0.5566312664021034	-0.26483863547689873	-0.8306176747377972	-0.12776564283123606	-0.22897879044563857	-0.34147890985718365	-8.865716767139082

drug_246.txt	-0.00624045944375295	-0.516233537385086	-0.28759372872890915	-0.8225320457217085	-0.1059797048145734	-0.18004282109123995	-0.2805092598022543	-12.207145897248417

drug_247.txt	-0.0734139051163515	-0.43997019066337095	-0.30271778080744394	-0.8913125131504065	-0.13648033341276494	-0.23357171013510786	-1.1257745823608294	-11.354119902807176

drug_248.txt	-1.700217361903	-0.6705516198449202	-0.23976302317940937	-0.8903648043779642	-0.1499554969602421	-0.20592911245251225	2.0083723312338977	-8.008414148868999

drug_249.txt	0.0424622806050665	-0.6473026692595779	-0.2623424909253089	-0.9006335698970578	-0.1084031402949933	-0.18652222743131255	2.2393747825305046	-5.518300914103907

drug_25.txt	-0.0923766414277128	0.9447593680340829	-0.10474233416258431	-0.20183367904608215	-0.019853010981710342	0.1003909778455506	4.1253425755425495	-6.538620375674188

drug_250.txt	-1.71070163549262	-0.632499009348954	-0.2763915241655601	-0.9844697432148903	-0.16913285351630936	-0.2396022240700678	1.3066486044811423	-8.965171003634085

drug_251.txt	-0.00979876444707362	-0.6349982931219189	-0.24636318294361315	-0.8654833744421366	-0.11133270992214421	-0.19324164953593187	0.8382711126228092	-8.986603122832635

drug_252.txt	0.0294737547358616	-0.5688722049981612	-0.2699493998146029	-0.870276420273132	-0.15168567034508385	-0.25252145855799407	0.3870292396289042	-13.114494555341471

drug_253.txt	-0.00845315771236754	-0.6190167497241363	-0.2622180162748582	-0.9381942908794882	-0.15366190277231584	-0.22139442358392497	1.666459459776451	-5.184007536054259

drug_254.txt	-0.102399300263068	-0.6899990157438392	-0.02321529889551649	-0.04538051002258986	-0.10720710953160671	-0.17940859642762644	2.422616045632431	-5.67563316580522

drug_255.txt	-0.0291720793299411	-0.5110340372551133	-0.27767637168707554	-0.8213867779116006	-0.08324615200954869	-0.14588881573455525	-0.550519385572927	-13.951794544778844

drug_256.txt	-0.0476106187039786	-0.5478760745981119	-0.26197854507796	-0.808927482593149	-0.09011199684784267	-0.17120667536621298	0.5359601693623111	-8.378108496438358

drug_257.txt	0.00613297175144545	-0.5644440665964442	-0.2622604296990365	-0.7981481067830033	-0.0754208452963911	-0.17474149999638758	0.41637247197820026	-14.080226853471071

drug_258.txt	-0.104995406104306	-0.47076329544374734	-0.3154081736807224	-0.8965109106095199	-0.12694094915735665	-0.22693423405355198	0.14919091573716783	-11.13741257869461

drug_259.txt	0.0573818925291717	-0.46795598545275147	-0.2881925161962965	-0.7988062139178327	-0.07703002705516962	-0.17521225712684005	-1.2644741831943482	-18.48995101168323

drug_26.txt	-0.0504040780485269	0.9402554713187865	-0.09862924368119552	-0.20291799626930798	0.002373635985063837	0.1337402542956758	3.960235824898449	-4.05192401050417

drug_260.txt	1.88929094925382	-0.8928284850357806	-0.10556427679134146	-0.23077218330201943	-0.04450044284031656	-0.15867559255468364	4.182209138214815	-5.1484655075192105

drug_261.txt	0.014772207885355	-0.9986724935454219	-0.25631941852552026	-0.8742789122167403	-0.05257142313769451	-0.14395924721531492	4.103157754815605	-2.2932016020108694

drug_262.txt	-1.79464976366314	-0.7184236307016805	-0.007625859284971809	-0.07468875572670447	-0.10508052968773567	-0.1352208274899662	4.816420559614986	-3.674325718316844

drug_263.txt	0.0730897099871807	-0.911489913781508	-0.259551757415927	-0.8739890686535512	-0.050942420353413856	-0.17518255128132296	0.8917813146299793	-10.131758215993715

drug_264.txt	-0.0122872029983194	-0.865942790289361	-0.22218532574041286	-0.9254481551637388	-0.06335408625716374	-0.09264363652786368	4.5743090823080506	-1.2401712392117128

drug_265.txt	0.0472734560131634	-0.9228978331015364	-0.2923304291263479	-0.9066397629759202	-0.07861882503987003	-0.13661891518819425	3.0386382206792475	-7.22121179121921

drug_266.txt	0.0660647495922753	-0.7994342689046113	-0.2200837221937076	-0.9284798645363361	-0.09803897901976137	-0.15527969413452516	5.494831556436511	-4.6324017880444215

drug_267.txt	0.0171686132772673	-0.8012154191082139	-0.26400897574047333	-0.917498277802435	-0.10457790858704077	-0.17424817785269994	1.9275401414480242	-5.449902428095904

drug_268.txt	-0.0149332339518891	-0.7178454740324856	-0.2805106777263681	-0.9051760211452307	-0.12042208087474486	-0.20832720172952654	2.1438719539609745	-5.135905480665884

drug_269.txt	0.0840732347001113	-0.953522009470067	-0.26441287685057224	-0.8462898387248441	-0.042626295036062106	-0.12003335009082743	0.532296907925859	-8.202711316180569

drug_27.txt	-0.039105843399403	0.8848518485029151	-0.07637803580123147	-0.14770470550398573	-0.004869185116328022	0.12656612589554095	4.8385623751383005	-3.7052848679395582

drug_270.txt	1.86917415474861	-1.0008155318053071	-0.28047644146783113	-0.8672845773916353	-0.046017557474592824	-0.12358219515320344	2.285847769398279	-6.049251673383207

drug_271.txt	0.0492704605064235	-0.7029341925106432	-0.24877722024015114	-0.8720928028520007	-0.05572330223591847	-0.09676881280340657	2.589906287751727	-7.26783886563313

drug_272.txt	1.80521706008757	-0.9933983786053572	-0.10947535299408954	-0.2178421594741666	-0.0620966412880251	-0.16342158103957063	1.5180054968469368	-7.037926470657301

drug_273.txt	-0.0257170582154936	0.5191540611577021	0.0008630921454521323	0.0071120504895523795	0.002727971096342876	0.0915115999553329	9.808732402075197	5.5996538651290875

drug_274.txt	1.88649514296326	0.5161765300892054	0.011738066031460492	0.04240924045099154	0.045220862230954395	0.1252862673815011	9.978814072866454	6.201542441556946

drug_275.txt	0.151266384369547	0.6690705340067999	-0.006308016740717626	-0.01920517106181574	0.03113102105149324	0.06119507317401869	8.621520976765462	3.3000558241201956

drug_276.txt	0.0150218334470126	0.5468229516264999	-0.004234179173890323	-0.018006984551076022	0.006060665466297327	0.09145330621014919	9.276965240066776	5.423990897406072

drug_277.txt	1.91684961126081	0.6410955506364715	0.004977040317047349	0.009987790377986305	0.017177133417486383	0.05973769562974939	7.905212621636309	2.6965729018540467

drug_278.txt	0.00618508856433653	0.6111938867134585	-0.00521991553196996	-0.004996349256349286	0.020208808171023093	0.11048852219384839	9.069994878471205	3.7125910972818774

drug_279.txt	-0.0287125649553839	0.49022772157652483	-0.013072763407263016	-0.02505165858400582	0.016849757909996706	0.12607399296329772	9.533510827537405	4.296315250101773

drug_28.txt	-0.0228477629875533	0.8763326338941433	-0.0816884853858295	-0.15959753254250653	0.008081166939913625	0.13644614603925506	4.372853160686988	-7.355439647477772

drug_280.txt	-0.00939154648309226	0.5294257857038874	0.013263119826099873	0.028445607458005395	0.009681576251145435	0.10216983985163557	8.724426564705238	4.501875696926755

drug_281.txt	1.73003286668071	0.5756939131317174	-0.010750329257993685	-0.02120616997931951	0.026685757661376503	0.0790000061651397	8.59403283251819	1.9086603644289335

drug_282.txt	0.0530647690436177	0.5842706363171316	-0.005903390697323652	-0.01373284292861926	0.013780646910738114	0.0907128700001139	8.735908954074352	4.59335639047189

drug_283.txt	1.86003483342756	0.545920153377478	0.019051900109451014	0.049749078157490634	0.055562862356004945	0.13809121016503156	8.953263117564498	3.1197142718411195

drug_284.txt	-0.0275642873717593	0.6541088359843537	-0.008768625744672964	-0.016768246997054703	-0.004435553226946548	0.06530964712884613	8.438397000582524	3.2349468442825744

drug_285.txt	-0.0180381004616481	-0.7272925098272005	-0.20187846961765785	-0.9837279159957597	-0.10932820178887287	-0.1558744545488425	3.769148066916097	-2.746194701966598

drug_286.txt	0.0707786743760952	-0.7859012807306947	-0.21668650633298153	-0.9788857603577217	-0.08500123773707918	-0.13206374038408195	4.792349374274287	-2.4379878246092814

drug_287.txt	1.88145270661778	-0.7758416818919495	-0.08722016381959069	-0.1965914784962791	-0.027442704664564197	-0.10550253441883592	1.9108287102739432	-5.693552804322117

drug_288.txt	0.121581474504906	-0.8210687104449683	-0.09924892749099795	-0.21004936261962387	-0.04708214217106939	-0.099403424490152	3.8569255970881566	-14.84625942294625

drug_289.txt	-1.85362194194228	-0.44621099933858277	-0.29123902002631374	-1.0591080184962571	-0.09652133818185993	-0.18037624784682596	-3.476038282450358	-18.21524737162048

drug_29.txt	-0.00255636909248047	1.2462658248207232	-0.10034320451818837	-0.18333378106609116	-0.028387101657381154	0.0969579150888055	6.001569689932482	-4.067101553463964

drug_290.txt	0.0539675335481626	-1.0642597866493184	-0.2697854626584424	-0.8027202003908132	-0.04099175383463181	-0.04015386563310379	0.870589523150483	-8.62339394481691

drug_291.txt	-0.0504742885671492	-1.065179841050503	-0.2519225941959114	-0.7866774752791473	-0.057583515187584484	-0.07981855973362577	1.8249316803696884	-6.861712596478811

drug_292.txt	-0.134138229275805	1.1434231982919298	-0.28153964046604274	-0.8117121888452448	-0.05476999609476779	0.04508463820535667	0.9694291645652761	-10.145433263941735

drug_293.txt	-0.0951966416572325	-0.9446211475524017	-0.24471567081953619	-0.8099268570024769	-0.07578761268680274	-0.07484976673191242	2.365870679443122	-7.900002761278908

drug_294.txt	1.84148448992873	-0.6834208954765365	-0.24128769946136944	-0.8449114573055534	-0.0840982596506679	-0.1861015744171277	1.2671971944968978	-6.636550453310436

drug_295.txt	0.0616226809106504	-0.9996629970591797	-0.2524863330181613	-0.8230025603585528	-0.05040152475924494	-0.04997786256677657	2.4568911929252533	-5.838210147886763

drug_296.txt	-0.00450604807379495	-1.2314381412439663	-0.26850699319745286	-0.8061587273801725	-0.026742328297570415	0.03573267802145065	2.0386479945891636	-9.641404608391081

drug_297.txt	0.0644518071377781	-1.054688250816813	-0.2846274755689384	-0.8151477048547373	-0.04088474933394048	-0.028276866469378402	1.407601365219737	-12.099149338004148

drug_298.txt	1.84797475453182	-1.054029804671796	-0.28330349324461096	-0.8362656133558728	-0.05111572641353416	-0.09275485656711793	0.5835825680361869	-8.029768966094508

drug_299.txt	0.0170387641511941	-0.9064694276756554	0.021813302647068197	0.0	-0.06676936151419216	-0.10070544297547404	3.7706473846971846	-3.714707726216113

drug_3.txt	0.0202036771682303	-0.7284195295482648	0.02258637884200136	0.0	0.004744236549500366	0.05228362063427057	3.7424007850404446	-5.811054321624344

drug_30.txt	-0.0619715448472314	-1.0452546746799285	-0.0916196427088046	-0.16964549590910868	-0.059368803084680274	0.01437180955702704	4.7417439782941	-4.407438018477307

drug_300.txt	1.77189190910299	-0.7845277396108377	-0.009433674917902021	-0.08528794779495835	-0.08311438683807634	-0.10973174242336943	3.8242514162395467	-5.4884336316811275

drug_301.txt	1.79740061574001	-0.9682492413194806	-0.2614931899123327	-0.8248727803838585	-0.046705935209959304	-0.07816845711235443	1.3127455694866352	-8.831610431291098

drug_302.txt	-0.0978370472460323	-0.49398250438837776	-0.2929506121440123	-0.7783072578023223	-0.07958599928721229	-0.12251938651927158	-1.450473643674521	-13.35351106326796

drug_303.txt	-0.0592611083374938	-1.1456311821677878	-0.2735595444857164	-0.819024941025484	-0.03851784170039984	0.04997387081067009	4.8544391144055705	-2.96338400822455

drug_304.txt	-0.0894496283743399	-0.8004856030530435	-0.2540744229217703	-0.8247172960793954	-0.09468700080891242	-0.1267161697158108	1.83147238088536	-6.930472838018193

drug_305.txt	-0.136517758573408	-0.7685100435175197	-0.22570225878887262	-0.833251338369238	-0.11613666575195694	-0.14255193948759254	2.9015689080196885	-5.446374894665844

drug_306.txt	-0.0897991041606604	-0.9338784544305887	0.03101617418933078	0.0	-0.07868526715003991	-0.13072730982945086	2.2296849282399536	-5.916971025902394

drug_307.txt	1.75221276371523	-0.8112746622899818	0.042602396629914635	0.0	-0.05285543365468554	-0.0875438787117146	3.6133343498199646	-4.855223800352199

drug_308.txt	-0.00582657810126463	-1.09181859923282	-0.23845748850457665	-0.7853306892223675	-0.04459382914660066	-0.032885965530446815	1.3387852202843817	-16.387044343027036

drug_309.txt	-0.00562687765193859	-1.1520924107569577	-0.24861432644647724	-0.8235927816517576	-0.05724714236382359	-0.14640774114601993	1.9209798931125213	-8.513696259941039

drug_31.txt	-0.0648566538035152	0.9068386902290293	-0.0886142893430177	-0.19065546587395008	0.00296228126922038	0.1110057650954928	4.302312898042481	-3.886921765299391

drug_310.txt	-0.142475723035166	-1.0009097598334917	-0.270493418729607	-0.8038192608275725	-0.05995143656250964	-0.023848061211178547	1.6312245145298945	-11.627688139686049

drug_311.txt	0.0628267555376892	-1.1876502437260945	0.03932501082390949	0.0	-0.020842825244830544	-0.04785996486002307	0.4449494297900955	-7.607294597661812

drug_312.txt	0.033314350771264	0.8880557656305119	-0.058821109216979944	-0.11969070217902997	0.0038960977922365947	0.15225816468625794	6.593411211847543	-1.3407414501386339

drug_313.txt	-0.0669495756365452	1.1142927206733964	-0.26628602803415474	-0.7763319193090368	-0.03030507683617252	0.038749573632266526	1.692538206213861	-9.794817514782805

drug_314.txt	0.0208703894344447	-0.9627036888160774	-0.21162367725071002	-0.8095366485910931	-0.03433722310036551	-0.04130255055149564	5.075622695800737	-4.226040300793349

drug_315.txt	-0.028706939590614	-1.081705231761583	-0.29677434719483253	-0.796099999262823	-0.06614475035562489	-0.04347223905424979	0.2126763702044311	-10.436671550011205

drug_316.txt	-0.0933824615189892	-0.7592130452685394	-0.2216762755044976	-0.8300259751588834	-0.10134246954741025	-0.12476346041664882	2.841789720192507	-7.376905871014333

drug_317.txt	1.8016972011649	-0.742448457670484	-0.22011612249816032	-0.8868046732516158	-0.09512692408170943	-0.13774083227950712	3.5151241482037507	-6.446354581545203

drug_318.txt	-1.84469914846041	-0.9576811193281576	-0.12863374354184073	-0.2760337382339365	-0.1185370260396501	-0.1456977195840158	3.2478272598257116	-5.893696146684541

drug_319.txt	-0.100876853733484	-1.2078707748865027	-0.08567982632014222	-0.16820360493898115	-0.06489091028976438	0.014219248549494126	1.4395757341183737	-12.009716318547271

drug_32.txt	-0.121471731187439	0.9744111189435661	-0.10921676633782783	-0.22392499408299524	-0.022964441433450597	0.08985398479187141	3.9770332664797894	-7.671343730560952

drug_320.txt	0.0600382914439999	-1.080945547808847	-0.23528944020799442	-0.8204339123862071	-0.031011909046883106	-0.09708853785956804	1.7225949339870124	-10.889563292355865

drug_321.txt	0.0591895645343643	-0.8564009413206499	-0.2500782476561712	-0.8138778791777224	-0.02870122713480895	0.0019318416050760083	1.0368886908043147	-13.608783385838791

drug_322.txt	0.0421666141115136	-1.0344343880025366	-0.23867384051759485	-0.849510314124762	-0.027680381226153843	0.05607750435683727	1.575970646993741	-6.952635361264065

drug_323.txt	0.0469079869008145	-1.1814665876355357	-0.26928880541595773	-0.8475809083285344	-0.013727578468097572	0.1170746400099855	1.8562863833796617	-10.773535918739242

drug_324.txt	0.0399683962867358	-1.1599478967199575	-0.2632033885621443	-0.8359430878093586	-0.028928541983951207	0.08174663577120093	2.0834379141694326	-10.588468267857078

drug_325.txt	0.0613862694769505	-0.9308862935773323	-0.26475228891553837	-0.8104275339455336	0.0031604508130681354	0.0449267385804762	0.5370392090170183	-9.053199650445725

drug_326.txt	0.0389199689277742	-0.999758518917895	-0.2866752081190132	-0.8254457818220169	-0.04732251598458898	0.017303154519886503	0.7413842984091984	-14.27973934486684

drug_327.txt	1.893613469802	-1.0248724566089666	-0.3000371414329981	-0.8600926256441783	-0.06695877891408501	-0.022780365604088047	-0.6094932032230446	-15.743931804420967

drug_328.txt	1.91013868198373	-1.1221468421651055	-0.27291020859982634	-0.8428678969003667	-0.0500690798464876	-0.09105290191785383	0.8663476462470141	-10.312658969249405

drug_329.txt	0.0400183213990672	0.9531862214088416	-0.23710881349691093	-0.8075582616766683	0.017787402241849107	0.1468980179569524	4.134146913594726	-6.752975951549623

drug_33.txt	-0.0750413767191418	-0.8189846910878453	-0.11006766850156191	-0.2394878758845508	0.001107426395593501	0.128006348125712	3.586444368859541	-5.272007568540326

drug_330.txt	0.050736227224312	-1.1900394282294657	-0.2553378250047531	-0.8155175315228611	-0.02520918062452662	0.05638114504066585	4.3961913027840005	-2.884161088198374

drug_331.txt	0.0805639963930697	-0.7274319709744772	-0.2406746027856983	-0.9569831576800163	-0.10910316811871748	-0.20981288385492552	1.9509936156820429	-6.653301772297885

drug_332.txt	0.0694242125623223	0.8736344148013506	-0.20690208834145596	-0.7958754727041764	0.015031123748921175	0.11779676571148924	4.17710520245677	-5.850203740535189

drug_333.txt	1.91028845732073	0.8935979295114869	-0.07459929737625876	-0.15920920255056834	0.018897788451771928	0.11014732306200072	3.5843214756258233	-6.470116167878443

drug_334.txt	1.89546069895827	0.8048368928869525	-0.07392908911102694	-0.1533738893885214	0.015294806128124363	0.17172087786876122	4.331011052337333	-3.5713442031163223

drug_335.txt	0.0359244621878839	-1.1276505973995956	-0.24268446930749668	-0.8167487652061669	-0.010861084918350306	0.08786806126447391	3.3574064734560154	-7.140354764579494

drug_336.txt	0.0402679469607248	-1.1687499889643909	-0.25415350323508334	-0.8501236868595403	-0.010564280190590695	0.10685210789043495	3.787278669809956	-5.673921538702843

drug_337.txt	0.0667781816087528	0.9273116887639771	-0.08589232172632681	-0.1833722246564761	0.005586706341932373	0.12424996524042115	3.637468088184125	-7.29135953863581

drug_338.txt	0.0420652510046589	-1.0387866495951585	-0.27479346589901255	-0.8840888284756516	-0.05570258483072272	-0.004031959692399249	2.572844950602659	-4.72305670601573

drug_339.txt	0.0668281067210842	1.0140790732448814	-0.2539465829512902	-0.8801791626235229	-0.012110419897978876	0.11673593293122306	2.5994338951376754	-11.183783756970945

drug_34.txt	-0.0963044793215031	-0.8099492739216834	-0.14077564869528525	-0.3079246351569833	-0.03100864570132251	0.07547719903995029	2.8035913254594713	-6.054732775784468

drug_340.txt	0.0671775825074047	-1.1852354935142293	-0.08703307958982875	-0.18476624630431104	-0.02925666257794772	0.01678993290034504	3.428449115070196	-3.3870252057163968

drug_341.txt	0.049937425427008	-1.1376621124989574	-0.058709506890920984	-0.12008249116032219	-0.05408364270087841	-0.13284391690863007	1.2326503325084153	-4.826503376574672

drug_342.txt	0.0314893278033075	-0.6146914834185002	-0.07566393657780401	0.026231342971408833	-0.14764510415068974	-0.23959707205707131	-3.3865972328106246	-6.756599773044884

drug_343.txt	0.0630837232962215	-1.1771783843364902	-0.09652675134162617	-0.19491751488230616	-0.05111794531966069	-0.015525994185630968	0.3023930441037911	-16.393896083384107

drug_344.txt	0.0541311348628541	1.1154903680670174	-0.22918206774268973	-0.8158259211275276	-0.036260090018799686	0.019969590082098358	3.842628321663285	-5.452762365573025

drug_345.txt	0.101774172470944	-0.683620424471123	-0.2610993009204733	-0.8915405696993945	-0.089938071015168	-0.19107379119524553	0.5963805256799709	-9.575319520038844

drug_346.txt	0.0544466788628716	-1.1193048121462073	-0.09245823540835561	-0.18590194237308738	-0.02276983013783846	0.10586216627515824	1.8303464264630567	-9.799999452357888

drug_347.txt	0.0584406878493917	0.9645218610438719	-0.08520102668167415	-0.17517839223740417	0.014336013068239957	0.14144913301503206	4.281813099385025	-3.7817459698107747

drug_348.txt	0.0889933437140795	-0.7214790385630262	-0.28660116070049435	-0.9228199369591628	-0.10378113158118263	-0.2028849220318839	-0.047720137773034174	-9.530036125142061

drug_349.txt	-0.0316862734067912	-0.5657363311544945	-0.27298597247353734	-0.8561663689760837	-0.11439194015961568	-0.18165759420380193	-1.849990030611886	-7.973085257562344

drug_35.txt	-0.130558101631773	0.8950033071749485	-0.07936773617658896	-0.1619152433197093	-0.00618721847924313	0.12318169892191103	4.237421955329322	-4.359281164400614

drug_350.txt	-0.138320687982111	-0.7331138148625507	-0.2810831092966425	-0.8929069766540756	-0.17243971918862938	-0.17163615759690312	0.6488761958378783	-7.235681985762

drug_351.txt	-0.103911034856167	-0.6435033506428386	-0.3065881983985196	-0.8807007900180961	-0.16163983228488807	-0.2068029957593197	-0.46401246368992466	-8.02278278867091

drug_352.txt	-0.0204676035760395	-0.5987017790538421	-0.29014499029744034	-0.8631339002618477	-0.09344438127478125	-0.0594181119681331	0.5451730568489697	-10.383082009505662

drug_353.txt	-0.110900550582577	-0.9118677032374005	-0.2734370337762811	-0.8544692510014762	-0.09270582964644263	0.018576225046936932	1.8824237732765665	-16.790301839103968

drug_354.txt	-0.117207990830655	-0.7698749975802575	-0.2680795218140382	-0.8816043133135174	-0.1595191554227222	-0.16978396615436825	1.042895735838582	-8.367516266435922

drug_355.txt	-0.0415859260922652	-1.097764749219915	-0.31236655039404415	-0.8822277634675029	-0.09589851463215443	-0.008201752424959992	4.701250669512829	-2.6570631250082384

drug_356.txt	1.78681649192573	-0.5736956505594237	-0.25456773326417015	-0.8337217622142865	-0.09484288781404553	-0.1484846812914166	0.3750464260721002	-7.305856549923469

drug_357.txt	-0.201970284010604	-0.9859767693914185	-0.27446266848432715	-0.9197833288201431	-0.11859454530625217	-0.1178793219855503	3.3600180621855245	-4.503055272072619

drug_358.txt	1.79715099017835	-1.0422875831321559	-0.27809438604349934	-0.9092521251411343	-0.09081845052039986	-0.06823798073477659	2.9548288979330137	-6.17717894358413

drug_359.txt	-0.0851391926195214	0.9848537498706507	-0.22983568301196589	-0.8675951699489928	-0.05485072595891308	0.04785765260877888	3.5244797347751806	-8.00486105977357

drug_36.txt	-0.0757515790213223	-0.8681558979440572	-0.1033507493124573	-0.2093379001506952	-0.02087221099828198	0.06685919645499619	3.2428992544461517	-7.863272895375823

drug_360.txt	-0.07317404175427	-0.8891915546401696	-0.2670777726248987	-0.8942624981166238	-0.1517580971293502	-0.14604029570997898	2.8066251470973445	-5.895876423781225

drug_361.txt	-0.102430157580531	-0.9201256732080785	-0.2706927019175184	-0.8679982787119649	-0.13242579624948086	-0.10315685773200935	2.88917559024642	-4.399998906379727

drug_362.txt	-0.0828359497215369	-0.8884144879436264	-0.2773238860392918	-0.9115778871098039	-0.14442052659479254	-0.17115879743802787	1.9810894390948577	-5.108759683320321

drug_363.txt	-0.0446724279777516	-1.1117525563801913	-0.2856865191983039	-0.8939092078640427	-0.0632989007850343	0.04460870951047848	3.3717076584448535	-10.2222041677661

drug_364.txt	-0.0806459325096862	-0.9006154796908833	-0.0912452552640237	-0.2066940878992086	-0.07799284340482873	-0.05600635018270007	3.7212148579068978	-5.640043203171114

drug_365.txt	-0.0269433877352985	-1.0769263073409805	-0.09767771008696563	-0.20907228054709792	-0.10032277342926789	-0.019851884646047226	2.6729884316002237	-5.634568787121038

drug_366.txt	-0.0696293587787333	-1.1186716991610903	-0.29474707880251444	-0.8783634751417262	-0.12132707160411546	-0.12806217098338357	2.0254102109991674	-5.850393098011151

drug_367.txt	-0.00512611364643178	1.0790820917541581	-0.09551103322366551	-0.19635358913541784	-0.048276301229553946	0.03075888123087117	2.82064093391664	-5.674963956464266

drug_368.txt	-0.0424700976703959	-1.194687221684807	-0.2701501858467843	-0.8576182455239155	-0.06877070665797576	0.023644181570438808	3.9817697032249995	-6.611785141503651

drug_369.txt	-0.0168174450110701	-1.0715305939495654	-0.28633247274485907	-0.8762980641867852	-0.07446563977806217	-0.07858686064337134	2.573869256361838	-8.573436587498604

drug_37.txt	-0.0567558180441672	-0.8613764459940363	-0.11623212843907273	-0.24454900696384105	-0.02667563806332975	0.0650324530153825	2.510813853930871	-10.595211742399629

drug_370.txt	-0.0481261158076921	0.9753009534428685	-0.2441695913908849	-0.8536700412384477	-0.02523380004807688	0.08508674955067018	3.6356071357361515	-8.348056392014433

drug_371.txt	-0.0598939618740904	-0.9146160937330021	-0.27971546973992656	-0.9099031416053152	-0.12050946538253393	-0.142025391342226	3.5520402059558296	-5.114114759225614

drug_372.txt	-0.0447167277253134	-1.1021017216748519	-0.2816988491422877	-0.883981006895189	-0.07510958378915228	0.04650746785858048	4.062861879014633	-6.992042902161262

drug_373.txt	-0.0690946629869232	-0.6570310797541761	-0.2576016594316413	-0.9328988594713166	-0.16897772184524956	-0.18641825456410646	-0.7565104013949324	-7.8956042445452645

drug_374.txt	-0.0181509426001842	-0.6866154839123209	-0.22108108391394066	-0.8699049089325082	-0.08800765349279469	-0.06419625863086231	2.2245223490224135	-7.852404228860079

drug_375.txt	1.84438014644395	-0.7407745490613209	-0.2345851516427216	-0.9398513978756238	-0.09935344092547191	-0.06034805840083724	1.9774887306818671	-7.137381871030823

drug_376.txt	-0.0724251650692974	-0.9619388611316148	-0.1213468313803497	-0.2553222986699971	-0.10796875072877203	-0.044627339655007627	3.467101019223326	-6.274050407136391

drug_377.txt	-0.0135076788512127	-0.525495426707016	-0.27006731739324563	-0.942035481035296	-0.15521121050547043	-0.19740098635624315	-0.8310657862328614	-16.23513119996968

drug_378.txt	-0.0848597477541386	-0.7094957424162157	-0.2432389999817731	-0.976690359685638	-0.17541724464631403	-0.17378383316194124	0.6956443547851108	-8.109398023353185

drug_379.txt	0.00506053005121299	0.8388635318644124	-0.05305323464515842	-0.1250580294759186	-0.03204833928882208	0.01464948211188799	6.483007080220343	-1.3892967704970363

drug_38.txt	-0.0454372979887525	0.8996033937120045	-0.11483856917690248	-0.23814393921689275	-0.013212897017901553	0.11498869239422405	3.5938119421540917	-11.55711775199163

drug_380.txt	0.0251961884013807	1.218688873330423	-0.054898929158677764	-0.10392714221633481	-0.03781367976884243	0.006119093383096459	3.6371318656830205	-4.077733625214114

drug_381.txt	0.00619651889156081	-1.1739129622202573	-0.07589828824859425	-0.15337431402106066	-0.049021657594045316	-0.04977761902641707	4.936770621972531	-2.5439539126105504

drug_382.txt	-0.108665171257199	0.5469972108480882	-0.02460647844868384	-0.04947021259936074	-0.009844189757877299	0.12649779241535491	8.084769120699969	4.078915419383544

drug_383.txt	-0.109685471792312	1.0446892988987428	-0.06558295940117798	-0.12337089047228011	-0.06189437835209797	0.05328836395767267	4.062955708549826	-5.339582860500563

drug_384.txt	-0.0475931124957585	-0.8481691054423897	-0.21240320425783332	-0.8610362548984296	-0.11118535200453804	-0.13534452155983204	3.2738121767279296	-5.998976793466269

drug_385.txt	-1.95655952690682	-0.7039464529445311	-0.10143577182033223	-0.22802933358991262	-0.10315135645541806	-0.11622817133802847	1.7862465449228448	-11.605576247471655

drug_386.txt	-0.0613288469222878	-0.8234441828394499	-0.23491420642579852	-0.9070705275280593	-0.1125945354572354	-0.12853834914415205	4.82002322280996	-2.6476607687904115

drug_387.txt	-0.0365545365264097	-0.8211522782879266	-0.19349514499864937	-0.8871506857688278	-0.10379989687561364	-0.1325891393800142	3.8019297607737808	-3.971844196144252

drug_388.txt	-0.0809567339132147	-0.9162737456748657	-0.24037430927089737	-0.8914232209249102	-0.11045767487595204	-0.11500382157793239	3.8814639753228324	-3.307370925147783

drug_389.txt	-0.0167393930748899	-0.9330849687803234	-0.09619423749965249	-0.2031247240786069	-0.07960461951079033	-0.0568379526651898	2.4604938561202268	-8.118681913509324

drug_39.txt	-0.0900301611481321	0.9517903471823426	-0.11147686690120477	-0.2435694623233645	-0.010884779705501455	0.1076665239032106	3.092146467904435	-6.781320867403674

drug_390.txt	-0.146950414570815	-0.7477394985430248	-0.20784837060933262	-0.8670530169739571	-0.13385316578179823	-0.14662343242611092	4.28847304160167	-3.260961106776587

drug_391.txt	-0.0363396768148795	1.1610772150981072	-0.021319895712739123	-0.039525534988989364	-0.014447633747650753	0.09999576851099158	7.135083254164663	-0.24184139246670427

drug_392.txt	0.00707337262504515	1.1425100594689894	-0.04888530229665217	-0.09349292641543244	-0.05145382597085759	-0.1035154342157773	4.439673473217532	-5.156567263923614

drug_393.txt	0.0328846557004321	1.168044761312082	-0.039138963748055866	-0.062746970711054	-0.029342197232679904	-0.04182402998706179	4.819960669786498	-4.991157932155661

drug_394.txt	0.0460149602436173	1.1380499283548238	-0.05496626341074412	-0.10880026068109894	-0.027230160818962124	0.028083003047114335	5.506421458814699	-2.542590605822015

drug_395.txt	0.0885656363938939	1.2824447786360746	-0.053384407644911785	-0.10226152911819847	-0.03436489200723384	0.008713905170516257	1.0471806179456806	-7.466160481357407

drug_396.txt	-0.13317108356732	-0.709731488997882	-0.2190505438347638	-0.933577152381641	-0.120644676793027	-0.136790893771669	4.160743677257676	-3.8637947986465004

drug_397.txt	-0.0626486981313896	1.2637571674499237	-0.045631504590309596	-0.08271823787036059	-0.02290097021857667	0.097030259930226	4.354456707443418	-4.123474791762998

drug_398.txt	0.0851417678676789	-0.8907075335630281	-0.22691487649313552	-0.8898820068433821	-0.0702289385806417	-0.09862549059510303	3.5391679665966853	-3.9470391714203434

drug_399.txt	1.73677205367487	-1.0163579005797923	-0.08510361932237762	-0.17879169708979697	-0.07972328688138172	-0.1434673102615896	2.6402927481497986	-4.018416115132673

drug_4.txt	-0.0537136159062425	0.7501033680542845	0.007066931757796366	0.0	-0.009277269858547776	0.05738198756459903	3.9548640840087104	-7.160725777423443

drug_40.txt	-0.02595202373563	-0.8346017891273816	-0.10337982782520187	-0.2288539139271398	-0.005629662522391154	0.11043840801466627	2.8871523908938435	-8.148557694900905

drug_400.txt	0.0435411817338927	-1.0098615124123744	-0.07149946914952732	-0.1357777057677889	-0.05483003125319538	-0.08495903004594803	0.47535606353823356	-9.150256432800377

drug_401.txt	-0.033763201913793	-0.5366649446967416	-0.2523652436324366	-1.0669178689599739	-0.11563502344737653	-0.237446317137936	-1.3045921738348523	-15.662124303263393

drug_402.txt	0.0768671667822941	-0.8807943936836451	-0.07783911306992372	-0.15653599639629404	-0.07117309094987301	-0.12168603668603195	1.2047184527509647	-6.44034015520847

drug_403.txt	-0.150880018001167	-0.9944619979618614	-0.20982223760900576	-0.8777707292898628	-0.09581773639326846	-0.08036137162123316	4.556139383774528	-3.802830337320285

drug_404.txt	0.0325077319086305	-0.9854684991494387	-0.06540292803194556	-0.1301403560551957	-0.047320250956679244	-0.1367211131780883	2.3952432335221654	-5.394372307398777

drug_405.txt	1.73297774513767	-0.6180880811140975	-0.24627804094293587	-0.8276149287343952	-0.06674981241025078	-0.10915282107949974	0.5169381858841283	-13.93848715190527

drug_406.txt	1.7826002810308	-0.9777622258884999	-0.0648324505536235	-0.14565932718856595	-0.06721067386606702	-0.11926471072446324	2.688001157230934	-4.288931695995505

drug_407.txt	-0.0939461181984721	-0.8660412509617244	-0.20032923667875938	-0.8135535890054173	-0.1208255620068467	-0.1096145165263803	5.3313570487483535	-2.478138396934476

drug_408.txt	-0.0936022677769214	0.7772332749543988	0.05294992355654403	0.0	-0.039904992662827495	0.13269330479508917	6.482911295903168	-1.3138678361889466

drug_409.txt	-0.0640466012766717	-0.9698471955314576	-0.27139635182600697	-0.8395383460441495	-0.12730976452116	-0.1312940065883337	4.32487108212821	-4.222236752026638

drug_41.txt	-0.0319735109852751	-0.9269354675688224	-0.11130039331207206	-0.24319004149318393	-0.004463348551215334	0.11650322249120393	2.68944378633451	-4.949941340888066

drug_410.txt	-0.0936433378101861	-1.0247446194049632	-0.2625199649594578	-0.8383507604181827	-0.1220756283104877	-0.07426445252097055	3.061593225507559	-6.3966848974086155

drug_411.txt	-0.0526193759175273	1.1818170652488764	-0.2721844248145588	-0.8239181437896692	-0.06787285340134365	0.09684837031093739	4.379587384618993	-6.430858607217353

drug_412.txt	-0.0859548705111347	-1.2037665860799374	-0.27340949932308845	-0.8181594280174509	-0.12280484705666164	-0.030639918606737253	3.699037856307886	-5.374500454525724

drug_413.txt	-0.126064841521938	0.5655525018258407	-0.03305360635665862	-0.0706394881998525	0.002989660633481335	0.19179656076267634	7.843265580589796	2.438270702323542

drug_414.txt	-0.0492873366007327	-1.1985984240142553	-0.2602051591707812	-0.8445623247922303	-0.11695789780897019	-0.004152466682488689	4.292488163795092	-5.489385851442898

drug_415.txt	-0.0787745094144651	-1.2401643795781014	-0.2719110436902619	-0.8345182733846181	-0.10846303680251174	-0.053595935882723655	5.563786490892671	-4.955365148283712

drug_416.txt	-0.0437601295757724	-1.1001343092123366	-0.28906138915529167	-0.863080232367772	-0.0793392963386169	0.07777143604307182	3.2583889468807543	-10.91343771064684

drug_417.txt	-0.0718848439127177	-1.2366740623208843	-0.0808167604322695	-0.15810598423351035	-0.0849933725416393	0.06705543448607712	3.16208661248011	-9.110433474217295

drug_418.txt	-0.0742498927664841	1.2219844223575747	-0.2749534485583597	-0.8576216849319636	-0.08623772818476028	0.016201985991708804	3.7511503891970928	-6.450005833357864

drug_419.txt	-0.0609842933301408	1.1292218325660484	-0.2596069060218464	-0.8182020656124911	-0.0551180382740875	0.08696872660255649	5.234675486642975	-6.667406283368732

drug_42.txt	0.057897136978515	1.0679406624779857	-0.10623229062606962	-0.20212119167453524	-0.017765956891513023	0.10902713464072404	4.208903640976922	-6.798043969989762

drug_420.txt	-0.0263587668311569	0.6257655291459309	-0.025557782969542905	-0.05602124653304574	-0.06866064179950118	-0.011963188513514385	5.843916522990191	0.2677804309217495

drug_421.txt	-0.0759972716980867	1.1107008102291183	0.04701281387127888	0.0	-0.08587567840284083	0.025840125858604204	4.475811527740311	-6.4373301502777736

drug_422.txt	-0.186681245737028	-0.9754761864708135	-0.26403137317716696	-0.8479918850046075	-0.1381797245095314	-0.16516763093123016	2.755808634662976	-9.814593197254625

drug_423.txt	-0.0656128483331341	1.1571277406074327	-0.28702036838296374	-0.8359926710862791	-0.11759339045319005	0.04273550950624943	5.1711450721900984	-4.041707049131907

drug_424.txt	-0.0993492810598139	-1.2693389498991625	-0.05681266965247625	-0.11503509897271386	-0.09338521472497081	-0.08068115513914431	4.50729915592514	-3.9612248654822633

drug_425.txt	-0.0295539740203731	-0.7686270801937924	-0.19505234745838848	-0.823910147213387	-0.15623146996871307	-0.149011199535285	3.8910736835520736	-3.000919390646732

drug_426.txt	-0.11782719798724	-0.9984143516836845	-0.2742162254172786	-0.8286878164532328	-0.13534958426907334	-0.158469406672431	4.467194848758518	-5.848384243554736

drug_427.txt	-0.039067169016611	-1.172014904612465	-0.24786294586304086	-0.8275533568496241	-0.08472542567749733	-0.07805941875772592	5.683628309934593	-2.856247409105658

drug_428.txt	-0.0808544880380789	-1.1015677105578028	-0.0774767163024906	-0.18070199712984883	-0.12894615097327203	-0.039823570838565706	6.957372069293112	0.6343354476795191

drug_429.txt	-0.0283332698653379	-1.0918904462111563	-0.28237594724698484	-0.8366842786994592	-0.10552910370909183	-0.020518163641570594	7.674108521676577	1.1169040047687977

drug_43.txt	0.0293544531687316	1.1685533287633891	-0.05548865924647092	-0.09254503826278293	-0.015546383395417328	-0.00838321680932648	2.444189019598644	-10.368453054057767

drug_430.txt	-0.160945618947349	-0.7539593743268048	-0.21955980993876606	-0.8355551971359643	-0.17249619190610346	-0.13791875414111268	4.528586731721811	-2.598155595445001

drug_431.txt	-0.0379357675272958	1.02439773126537	-0.03654472894119197	-0.0777442423695075	-0.0662560591979538	0.04317393741630205	8.584935277168537	2.978066966238275

drug_432.txt	-1.86123884108597	1.2158024800837837	-0.27114673523170807	-0.8133132739599855	-0.06826750174673718	0.05176807440082575	3.5883776482408916	-3.152490064981623

drug_433.txt	-0.0977371970213694	1.2243924033088969	-0.06366532869244905	-0.11812363745885773	-0.07112296823054112	0.03249715505229929	3.9868795033289937	-3.4737887350682963

drug_434.txt	-0.0238899348678343	0.9593327591435885	-0.06692935433699723	-0.15020254383036338	-0.06511546367215187	-0.07421682497049459	5.011722827553043	0.056952765388646895

drug_435.txt	-0.0581740065957401	-1.138714624004104	-0.2765199025565245	-0.8050882391737942	-0.09464717149536157	-0.07590346245676868	1.4142358952706005	-11.362308316235406

drug_436.txt	0.00258029211289468	-0.7738793891091746	-0.22462353177232203	-0.8519558385721285	-0.14357207017632295	-0.122408103344038	4.767552964817834	-2.754873482527273

drug_437.txt	0.0455157091203022	0.5470292850172462	-0.04658244724765581	-0.10254231099048028	0.027386279672997938	0.15033873018483798	8.077235390936849	0.9338367934979462

drug_438.txt	-1.71560880129717	0.6647116414629987	-0.030155157786400377	-0.06429948257944623	-0.02578873688489732	0.025641839482832673	7.074105784981801	0.8985704518204581

drug_439.txt	-1.75055637992922	0.7763624700936634	-0.052267252965290695	-0.09308076932521109	-0.022877391827372893	0.08223093792739504	8.33519624056329	3.343562685206955

drug_44.txt	-0.0822805180072097	-0.8508948585483038	-0.1254917889660379	-0.2695398755136742	-0.025725057758486596	0.11153098967314039	3.6801136119288618	-10.997301582920501

drug_440.txt	0.0348688965819609	0.7611285089230087	-0.04365192873773632	-0.092663952796816	-0.03359654115057979	0.02530353330266394	7.498336480532326	1.809221804760502

drug_441.txt	-0.00831632558478901	0.7271155193809355	-0.024730760371909605	-0.05760496462077863	-0.019278168495493405	0.006266279283950716	6.841240426455237	0.903374263881278

drug_442.txt	-0.0427428548050431	0.5117091479739371	-0.02480704838995343	-0.06068854157566317	0.054370643826810595	0.16341143894401622	7.406481275143383	0.4178482032306461

drug_443.txt	-0.0397542153935734	0.7219852099399522	-0.06729576663575057	-0.1705479901746791	-0.010308420266095396	0.011821986038701266	5.839101894965655	-0.7305936205926843

drug_444.txt	-0.0161714443151443	0.6136790585227934	-0.046756186943856554	-0.11190062462158451	0.018120445749276407	0.09135159502149379	6.927342708467725	-0.12652446205386988

drug_445.txt	0.0186875348217843	0.7730805567512782	-0.04182847171450102	-0.08504800815139407	0.00982061737131386	0.05640188774388276	7.029026557668023	0.057470866883229894

drug_446.txt	-0.0310173207355604	0.8197495549676417	-0.05827574089149727	-0.1485396581639959	-0.04045929931151223	-0.04447325794434448	6.094726780122213	0.011124294104981986

drug_447.txt	-1.89479976730228	0.5247195533888497	-0.030722473754067836	-0.06326013034619654	0.022464250799701838	0.13140041763331248	7.899412783492257	0.803095910062022

drug_448.txt	0.0326222665270433	0.8648702393948229	-0.09020984743718745	-0.21666110242286812	-0.03707901413271933	-0.048144360541148984	3.3887318547362413	-5.2596425964817

drug_449.txt	1.75378856902135	-0.7599872530141872	-0.08301392954808512	-0.2587226853538427	-0.10611156030606284	-0.16687989130587613	2.813785513501679	-3.6620022288196608

drug_45.txt	-0.00983676001149791	-0.8205762626093843	-0.13841764617655944	-0.29961955332264356	-0.009944654667004553	0.118582771385402	3.0841338165554397	-6.070939079580679

drug_450.txt	0.0450888602161693	-0.9863899369189784	-0.09309231531103676	-0.19516461872593457	-0.05485560129983314	-0.08906281098024361	3.814006403865777	-6.129492743617807

drug_451.txt	0.0629008745889763	0.8530804336136538	-0.07800482943331535	-0.1657336907400539	-0.03378606987342341	-0.06602021351350121	4.395739748145889	-2.917077075090804

drug_452.txt	1.83837296004046	-0.6910298591892174	-0.22966842646817906	-0.9896091305718766	-0.02632309569717368	-0.049608141437389536	4.234702853590739	-4.8122536749091624

drug_453.txt	-0.00437224171060024	0.6948478746516684	-0.0715288952631428	-0.15276946040975714	-0.022563031950330544	0.011055687214410756	6.411123882353401	-0.3304263642203161

drug_454.txt	-0.0438156800528735	0.8968182085869112	-0.07272454065736869	-0.15504621824377435	-0.036713641027341315	0.0437662529359453	6.359337798055383	-1.7838895644425492

drug_455.txt	0.0944451897241023	0.9066529765764759	-0.04925563656805951	-0.10255700079822389	0.0011973732053296017	0.10392540342735383	7.812641966041528	0.5384906416661547

drug_456.txt	1.84280504430842	0.6965147973629273	-0.03608130418269234	-0.06963002898960619	0.016019373643597457	0.11982594466338468	6.625295660774953	-0.9293887124750012

drug_457.txt	1.74803030500892	0.7567952011071102	-0.039767337942772735	-0.0761762455478181	0.01242963765132138	0.1270713084394853	7.236235402665541	-0.5575577446315816

drug_458.txt	1.78442873766297	0.9340609299167808	-0.07868559510764228	-0.16294540519346612	-0.0041542724436846295	0.0810673922786481	5.766974349350817	-2.475877114216557

drug_459.txt	1.76981193047938	0.7930385285431063	-0.059573704148187495	-0.12070281604160593	0.012236620670451344	0.10813134564765664	6.08304109342685	-2.4572872987555208

drug_46.txt	-0.010199203359463	-0.7334548987831966	-0.24374174725303616	-0.9047245849166776	-0.014134383943043234	0.08548289455194938	2.17725963023344	-6.085831001649811

drug_460.txt	-0.195882650020457	1.0595649699274474	-0.07973841276538049	-0.1726387532341369	-0.032641920447240444	0.08718306112624266	6.633521383360113	-1.6396408988097897

drug_461.txt	0.00480835359362652	0.7150913630474395	-0.03705178727900321	-0.083778689800734	0.008908961923853173	0.09232383428743463	7.500523881571488	1.010307073294524

drug_462.txt	-1.73001617018409	0.900958722193705	-0.07043210162610233	-0.14999688117145515	-0.02281594379288552	0.03736226342904108	4.256256279737121	-8.874454381364744

drug_463.txt	-1.80547551637607	0.7939871268485426	-0.055417605419780136	-0.11317399079082324	0.004560946423238544	0.08478639956556991	6.964119976698999	-1.1632654568720249

drug_464.txt	0.0231807949316194	0.7881588089756446	-0.06251577273807174	-0.13155962143453748	7.139827894376134e-05	0.09357556685626736	6.60900255294527	-0.3599547505786514

drug_465.txt	0.00948034992812896	0.8408733263295175	-0.061027963606631874	-0.1243325775442074	-0.01402523926243914	0.07479484365623959	6.744240234886603	-1.045096743083493

drug_466.txt	-0.0325012481278083	-0.700092983650912	0.008081883030277848	0.0	-0.08341781342352775	-0.04525771396122551	-0.2594621221895122	-15.872440763909491

drug_467.txt	-0.0843516415517569	-0.49626207700727176	-0.2528893616996968	-0.8238093574653124	-0.11879313464220832	-0.1502474876316561	-0.2162829429633713	-13.10827867555542

drug_468.txt	-0.114777833250125	-0.5580691365073368	-0.24888497892477174	-0.8113253009343813	-0.08636054417433905	-0.09711802769551386	-1.941624345636731	-9.28578655620774

drug_469.txt	-0.0535478472432197	-0.4702852477954833	-0.2644067367086541	-0.8346962459416448	-0.08515682474318056	-0.15293836396467833	-0.6494606756508446	-12.235771746774406

drug_47.txt	-0.0714355179017341	-0.6746712189450834	-0.27964621493079467	-0.9323520558446543	-0.05656823195736512	0.03544508372073959	1.273640155913411	-9.227154719036763

drug_470.txt	-0.0534810460365789	-0.6742572978642395	-0.2312578042948355	-0.9269631133405567	-0.1334351287540109	-0.1963364183252518	-1.287667671424606	-8.293214398818574

drug_471.txt	-0.0620737907223672	-0.5004892836554037	-0.23191831515724215	-0.8068241606738022	-0.10096049650635174	-0.13215019626260321	-1.1286383379661666	-10.97673169107642

drug_472.txt	-0.0444832750873689	-0.7462553650989117	0.02311051872564568	0.0	-0.067882380527096	-0.0330456094374469	-1.8740318942228373	-12.460574976979277

drug_473.txt	0.00708936595107346	0.9352500043799341	-0.051187138035256874	-0.1039760326748995	-0.046904319954125286	0.02448032796974861	4.205013624830423	-3.2437244167302763

drug_474.txt	0.0226660009985022	0.7756215092839455	0.18746990780884654	0.6732952398969769	-0.03585899972496433	-0.026452956503013	4.8630812055531445	-1.7641586191749437

drug_475.txt	-0.0469840937027481	0.844640256444437	-0.034303702187020516	-0.08948814245671236	-0.053765642529182915	-0.050428996958603804	5.154496194039479	-1.2097799162103613

drug_476.txt	-1.80149598783338	-0.7163309836014344	0.021872551692093276	0.0	-0.10596296865857835	-0.13624974349589417	2.4865217782260745	-4.293724037436774

drug_477.txt	-0.11734651543811	-0.8050378637485648	0.052957880768392016	-0.022276601840516108	-0.09258792332615036	-0.09540873784493573	2.8120027523330324	-5.496159484801927

drug_478.txt	1.83917478760215	-0.7031573254797726	-0.19414436437565627	-0.8314661676042274	-0.07934264625887326	-0.13665846436822623	2.4387019465718986	-6.995861767788858

drug_479.txt	-0.063776869906408	-0.8217394616430904	0.04726743573018992	0.0	-0.08370556528486642	-0.09365517728924312	3.1947041046512084	-6.852800724788148

drug_48.txt	0.0217528685326988	0.9467065299082628	-0.07851847903914269	-0.1629046238647836	0.014294834259229786	0.1165274636105114	2.0659719371498495	-9.100546114110873

drug_480.txt	-0.0201697453819271	-0.6293004468173867	-0.2683659623271935	-0.7998597828804528	-0.07883723495230685	-0.04591395905671995	-0.20183710410777886	-9.413285911741792

drug_481.txt	-0.00104842735896149	-0.65023718121698	0.006954876294495954	0.0	-0.06875831940161967	-0.1123979308585685	-1.6535344413037614	-11.373612978239144

drug_482.txt	-0.0353751063545528	-0.6545956486123692	-0.018801157252886974	0.0	-0.08827945604277239	-0.08988434407470614	-2.35102997462693	-9.845969984801451

drug_483.txt	-1.79180595304227	-0.6020001352607653	0.0022473597338666107	0.004922837900690147	-0.08405057155330795	-0.0652124541372769	0.047989897686711004	-10.452776089538089

drug_484.txt	-0.120747048441422	-0.7424816277477149	0.014158918912818758	0.0	-0.07852873923225705	-0.012266705152788009	0.056463877583733085	-16.922667112260797

drug_485.txt	-0.0532128519007357	-0.6428054276383475	0.009132982151900837	0.0	-0.06498763079076252	-0.05232221703061607	-1.0005844798129664	-16.48441548618599

drug_486.txt	-0.054318522216675	-0.7061346424587853	-0.01903096684376869	0.0	-0.0866006885779756	-0.09758447648362273	-0.7305098462368492	-14.652588578704977

drug_487.txt	-0.0433776047714296	-0.6509646417579285	-0.27347703845282334	-0.8435790626743742	-0.09781421851911963	-0.10340385877658931	-0.9005289640046445	-14.141730069871906

drug_488.txt	-0.0418871692461308	-0.8279216793954896	0.044410188681651044	0.0	-0.04616774479906121	-0.008867080815560893	-0.08248789012561429	-12.714497850586078

drug_489.txt	-0.00109103462664673	-0.820155237816943	-0.24322367380512233	-0.6037034891919598	-0.061218186441832446	-0.031272066689553644	-0.24312796393818198	-13.557005762902774

drug_49.txt	0.0327863183579609	0.95076429081441	-0.08372634741161858	-0.16671795487881697	-0.008848518468063431	0.0764781598757064	1.727116344714074	-10.563061456966222

drug_490.txt	-0.0342767538832597	-0.9593313702956339	0.05299253280869738	0.0	-0.05611162242093936	-0.036086739332388006	-0.008129938267984973	-9.85375473457148

drug_491.txt	-1.84180349194518	-0.8037683087900852	0.007048387543976936	0.0	-0.07063499026480698	-0.02239817984916143	-0.14704261033766905	-11.433021259086212

drug_492.txt	-0.0739672181868043	-0.8570096692587261	0.01862480752847706	0.0	-0.07312340395368447	-0.040002634715891695	0.01088618086424821	-13.818674748397308

drug_493.txt	-0.0473571333141134	-0.7395776642461155	-0.24191603567676134	-0.7915072227542539	-0.06310704854758961	-0.03841358361496235	0.42175007721388835	-7.434464081039778

drug_494.txt	-0.0460703311230337	-0.5465229395455227	-0.2618598013654742	-0.8730809404532455	-0.18747301525726903	-0.22200991365536712	-3.0353405034736474	-12.964456867468815

drug_495.txt	-0.0146425383569667	-0.8558242066431616	-0.26243326701507547	-0.8235559791781826	-0.08095109678423856	-0.04092038532316189	-0.8006650168306729	-10.623666859212948

drug_496.txt	-0.0847011173380774	-0.6911850819780987	-0.26436226979861066	-0.8188273444200713	-0.10215876049557164	-0.013758667182742688	0.7647322144161262	-9.765834505864639

drug_5.txt	-1.82486094040453	-0.7569409659153221	-0.2512319850516658	-0.7948796561533119	-0.07653066955876896	-0.022810353626656177	2.8377882814729674	-9.865511586857284

drug_50.txt	0.0555521695811261	-0.8305225018815425	-0.10312556054478057	-0.2277856909284301	-0.00569053152600295	0.09401311430757134	2.150090115449424	-7.393915383340461

drug_51.txt	-0.118686472455819	-0.9911772842245898	-0.08615661114006151	-0.1806695073305694	-0.036717968682592125	0.07642920730140187	1.224670912453134	-11.921116012801667

drug_52.txt	0.00145431203843593	-0.7902651888752772	-0.09982122099701227	-0.2120905571198129	-0.07694064167736116	-0.11709107146683634	0.47861859466813667	-9.638980445740954

drug_53.txt	0.00319044024049897	-0.9384541958498854	-0.07804744736669536	-0.1520605695744675	-0.051647472753509935	-0.12754008955117788	1.046629369426428	-18.777178316584802

drug_54.txt	1.85200251570696	-0.855354304224771	-0.07835891873140084	-0.16991569439278795	0.026893214292995925	0.1226566252625895	2.7853434356466225	-7.885419473319918

drug_55.txt	-0.0653945793096223	0.7162729542406983	-0.0629944073034461	-0.12741290211766937	0.023961367004256325	0.1259381567760239	4.397485368456856	-7.259954930431827

drug_56.txt	0.0317171063720254	0.7922994908077706	-0.06240478416785257	-0.14173359090147084	0.0043996179926556024	0.07597619306033891	3.1185067029474203	-6.506337869864155

drug_57.txt	-0.0706085892805813	0.8103975653000712	-0.08163465898849064	-0.18120738268821943	0.0007435803456349264	0.12327258315378388	3.3478378156484205	-7.363226224933425

drug_58.txt	0.0599955045786299	0.8697880832412913	-0.06451052756684257	-0.12231883754232067	0.01550574292980616	0.12047758774446936	4.129490622910827	-5.524974290157165

drug_59.txt	0.0880888623774295	0.9727152399287481	-0.06717561593591781	-0.13192069620011393	0.010145418660311413	0.1109627044854603	3.7877556366138485	-6.427704294079832

drug_6.txt	-0.0568647029455817	0.7081717566442548	0.021439511507410913	0.0	-0.019968084589712682	0.05374550898476948	4.00794814354355	-8.946650109817135

drug_60.txt	0.0840803729470728	-0.8097121121363524	-0.0715712362566624	-0.16284445031672565	0.014928874752016973	0.06544614321841646	3.4244554954785893	-5.585976068418844

drug_61.txt	-0.0680462356279616	-0.8785490013549233	-0.06772090292996634	-0.13562129720140978	-0.028782556071227563	0.02742951619470043	2.534083578658472	-8.06478041489659

drug_62.txt	-0.0033577704901705	-0.9060934170784258	-0.07702463917004114	-0.15249926914520043	0.0012696121293527384	0.0297540246763581	2.7051230926214798	-10.709949525187834

drug_63.txt	0.0294701171217382	1.0344375524525338	-0.0291342482003219	-0.05178596253481205	0.0015153179537758282	0.06910314589017771	4.857150397016221	-4.260157979458182

drug_64.txt	-0.00870144998951794	1.0880787452477763	-0.05363320947619804	-0.10041081510906535	-0.023413269224353862	0.05578875601799806	2.739605446804518	-9.822567836870864

drug_65.txt	0.0675746121078123	-1.0023216010830027	-0.08047469349195105	-0.15549166496346645	-0.04245883988005346	-0.1156275032607736	1.0797277379653847	-9.727805529755846

drug_66.txt	0.0564348282770649	-0.7931341743498881	-0.1003188646117385	-0.2148152736694581	-0.06549980147610282	-0.1636903127225093	2.031749568970573	-7.424519565291386

drug_67.txt	-0.0337638563799323	-1.010301720465164	-0.05967122511637227	-0.11049018043160114	-0.03251967826661632	-0.036028844690601906	2.068964708366076	-9.924879164315403

drug_68.txt	1.85351644200062	1.0721184112740285	-0.04064698567407579	-0.08045033100686633	0.002097690731021926	0.04134536165035532	5.878862160503239	-1.992102308470269

drug_69.txt	-0.00845182442786041	1.0504769183833909	-0.04503933080491454	-0.08948262917196786	-0.016183791563885826	0.03025533745282642	6.23908156523303	-2.7569811836398816

drug_7.txt	-1.9114931437975	-0.7449289168972618	0.0181696245964601	0.0	-0.027740732342469408	0.013897377414467985	3.2142011001513002	-14.404119408575635

drug_70.txt	-0.0427430587549564	-0.5780469554820524	-0.25712362299018743	-0.8641294084203768	-0.02632180587076299	-0.029877660308084555	0.8734865100495341	-11.685852201525625

drug_71.txt	-0.0475857946511121	-0.5461940114664605	-0.2590793719547242	-0.8620331643798682	-0.01641199713559834	-0.013115443643540909	0.9150862254332774	-8.940078031909115

drug_72.txt	-0.0145072434638085	-0.5524033031387958	-0.25399211448215775	-0.8412872575370773	-0.007020625969898843	-0.013704608914106584	0.049506808505647364	-9.421404207882869

drug_73.txt	-0.0456387152701836	-0.5701733559472363	-0.24938359392559112	-0.8273673133748067	-0.01916098281255689	-0.025226411258604347	0.03437679595594703	-17.13826683120861

drug_74.txt	-0.0348105912590172	-0.5255093883019438	-0.25601186028878636	-0.8307038428372664	-0.017950341810117725	-0.022551020576931428	0.32088528166453595	-12.270797901819508

drug_75.txt	0.000320514898647817	-0.5461530507492598	-0.2653958440980711	-0.855748946961491	-0.0378700127927118	-0.04587409829851873	0.3756563180508478	-10.269814709728522

drug_76.txt	0.00511332568247191	-0.5293706837084302	-0.2595110899628956	-0.8514173666448125	-0.030713074622525732	-0.036717885394328784	0.6931989225241709	-12.677555775469887

drug_77.txt	-0.0165396926255639	0.909448502479524	-0.066762941651778	-0.14113241675031202	0.009160703877610381	0.0724226880852501	2.384998221148395	-7.01505767019505

drug_78.txt	1.89698504191764	0.8751618410372544	-0.0653398365918691	-0.14537787502692454	0.00358877593013137	0.07224452934265459	1.8955775012412865	-13.279461651929488

drug_79.txt	-0.0351786356195235	-0.5370343148507022	-0.24042851435717127	-0.941963277968134	-0.051701436722171555	-0.06658549954915363	0.28467685499036294	-9.423757484896319

drug_8.txt	-0.00227861670697416	0.7674814020253293	0.03740931863143962	0.0	0.008047591901642894	0.05658792575666721	4.0427002576402655	-12.515990479603492

drug_80.txt	-0.0501730454132836	0.7890353556265937	-0.06850837477297829	-0.15297105730122648	0.011996714707814963	0.11073272661831939	2.493510123815891	-8.729350791576854

drug_81.txt	1.88048879062359	0.8707591955732419	-0.0776439733032045	-0.16532794558408043	0.009071500283236137	0.08709396948454548	1.8660427002576403	-14.827732336992844

drug_82.txt	-0.0431852221667499	-1.3005491302343373	-0.11840056485390246	-0.22269964394307276	-0.058092504296376656	0.10878492216288649	3.185518584112314	-7.956129908611157

drug_83.txt	-0.00248159557505401	0.8376971366294643	-0.05855733899886301	-0.11335115758143732	-0.013598260239696553	0.06613681006586945	3.716087464765055	-6.714973523143535

drug_84.txt	-0.0768459986077221	-1.1831076931090954	-0.10586876370032855	-0.1950703109015702	-0.06148940967151476	0.061049688482884175	3.820736718233815	-5.849286879767701

drug_85.txt	-0.0540334519865224	1.2464972738004902	-0.07602854529878192	-0.15680824950793387	-0.04326965238877061	0.05927036898390805	1.714470860064977	-18.961954740648537

drug_86.txt	-0.0408886669995008	-1.2082152427956074	-0.08030407596904622	-0.1519896874690279	-0.04655227537641745	0.03378225700762649	1.7227141756879856	-11.015551003241335

drug_87.txt	0.00812179998400675	1.2954805934996705	-0.09849793320798314	-0.1807465422635368	-0.01991248617258955	0.14284588523131858	4.657690307799971	-5.501154305922005

drug_88.txt	0.0388756691802123	-1.1324227504461857	-0.04774109741724378	-0.08447995257319255	-0.007035064822880621	0.026124424257455325	-0.01397082683368324	-11.254789329343897

drug_89.txt	-0.00119802309827122	1.1856612691017863	-0.06638112830000814	-0.12699346742860124	-0.0235940458891005	0.04309092625829971	0.16149040397524464	-8.360495497254682

drug_9.txt	0.0637477050688219	-0.8545399136710775	-0.27894461198566756	-0.7909656985162152	-0.07283800101094157	0.014774830571439653	4.0664215370059775	-6.4598502883407845

drug_90.txt	-0.0960397432020983	-1.2746500636221467	-0.06568977540824536	-0.11660952650311229	-0.058677632874102256	0.09397449495455928	5.793098055773839	-3.6592294827256993

drug_91.txt	-0.0863043462974552	-1.1900920436662206	-0.09051161267864233	-0.17944903383555957	-0.07228262679867548	-0.03172799924247369	2.9994761184285115	-9.965374397968601

drug_92.txt	0.0230993336834575	1.3178662712862879	-0.08307792352203267	-0.15725742347070426	-0.004265857933615184	0.10781492012182604	5.925970451515543	-5.126717091355327

drug_93.txt	-0.00266051139740608	1.2432725623278198	-0.09421603293019461	-0.18281538248247978	-0.04588531970608296	0.07812018828500199	7.558023793606299	-1.5290303949757065

drug_94.txt	-0.0985859239310048	-1.2015848728613343	-0.09274253990596443	-0.1831138827005797	-0.04245379586113241	0.07925399821215699	4.621315724657229	-6.164337091192564

drug_95.txt	-0.0319021467798303	-1.0730759002779107	-0.09773171182896864	-0.19438748809545173	-0.07052675925930874	-0.0156779861905358	3.4684107231520467	-6.797765573560087

drug_96.txt	0.011516707622549	-1.1940418935017698	-0.07586799334796959	-0.14789043021569181	-0.03439864322155073	0.1137821423243348	4.711333434981997	-6.112370754356761

drug_97.txt	-0.00221118538642262	1.0985169883561534	-0.09543050208980215	-0.1772034744437416	-0.04712480536241013	0.023221823886427292	2.969075349026323	-9.266126406445348

drug_98.txt	-0.0214178731902147	-0.6476293856377903	-0.29222604484866654	-0.8346742222565369	-0.061101281207367505	-0.08078448791532467	-0.18514522075352935	-20.57645191720821

drug_99.txt	-0.0510878703589638	1.2674291225243155	-0.07920730493498779	-0.1549955143429189	-0.04228340397334183	0.06461681851666708	3.334040964411239	-6.350037204490604

