	SScmap	SSfisher	SSlincs	SSlincs_Norm	SSpearson_corr	SSspearman_corr	SSzhang	SSzhang_Norm
drug_1.txt	1.84182753469283	-0.6900619782662892	-0.23319702709736617	-0.8654884200825526	-0.08992540956512342	-0.20835222395650319	-10.644610114666811	-6.339524675069231

drug_10.txt	0.0336113715605453	-1.0055146412692078	-0.04500779867110344	-0.10133025368742363	-0.0593674415142	-0.09246274429607938	-6.557905831470679	-2.1919352740668714

drug_100.txt	0.0617204061259415	1.2663866224349225	0.05573544510619036	0.10300113201605071	0.06897702731494307	-0.030001118034123937	-7.0806392992785625	-1.6736517341763313

drug_101.txt	0.00208223180847045	1.163750428712077	0.06712169217063957	0.12765617650984784	0.05790386119211339	-0.04304330417904416	-6.90371440513184	-1.8892230212036623

drug_102.txt	-0.0931172453984833	1.3282389633039777	0.018903194521673272	0.044544695307197235	0.024430982268606852	0.12939397594398974	-0.633697686674299	6.419797386205393

drug_103.txt	-0.0119966498690134	1.1391770562917145	0.050717787496087824	0.08121806435858736	0.049805743945068114	-0.07344170700101575	-5.982004942848317	-1.0030993136306312

drug_104.txt	0.012866056072075	1.0734919178114268	0.036650149265167936	0.06945735532582725	0.05762136020619074	0.17302965734501827	0.7877164767667957	5.345213941730152

drug_105.txt	0.00757399416493576	1.110258477516692	0.05115272434594417	0.089898933061204	0.031339543588641834	-0.08311261130439765	-5.379499900052699	-0.5129977058878032

drug_106.txt	0.0071246681539523	0.9659525067820947	0.07415008504852466	0.14076021565786734	0.08987881342370119	0.17822103301027392	0.3540905704265024	6.255680839494031

drug_107.txt	0.000933954224845879	0.9346590131024135	0.02594948726180532	0.055061214707364414	0.0374518176196435	0.0017189225492692003	-4.885796579985099	-0.6526477304127459

drug_108.txt	-0.0702129839045453	0.8564827861115756	0.0414263415682172	0.08912522715768179	0.05706467762495293	0.03493903290148507	-4.190626760435407	0.1492194850880549

drug_109.txt	0.00193245647147589	0.9030276926021343	0.04517736897296949	0.09708439566649263	0.08434301968926228	0.03632136209702015	-4.505606134947028	1.0210164183389046

drug_11.txt	1.88292361415087	-1.0877155904500435	-0.04286903412392318	-0.0904560680827764	-0.07325308251333248	-0.10020244605243173	-5.885901070344727	-1.1751910939335521

drug_110.txt	0.20146359408256	1.008041315197984	0.04785680738777942	0.0994012419611976	0.11824559535101092	0.09764152482386154	-1.4654182340220612	2.882354174589482

drug_111.txt	0.17155845179599	0.8825582932326804	0.04026264604644386	0.07939005705387925	0.09838090122559992	0.03171490990804648	-3.53861145941231	0.7409412153302904

drug_112.txt	1.69832568220839	1.002118810351877	0.048467008099739556	0.10684694929879995	0.11321583614996229	0.13883051658150852	-0.6916262334405495	3.736188326913907

drug_113.txt	0.165168037417558	0.8760884095683368	0.0036347365377627505	-0.0005499948356447737	0.059319965409384584	-0.02145015770920146	-5.817859673990078	-1.2962360595992417

drug_114.txt	0.196570933074073	0.9382779209293433	0.06472638909864709	0.13124028201590376	0.1259971246521359	0.0755107620350929	-3.5757464246124773	1.7754528204043494

drug_115.txt	0.199017263578317	0.9003335122340701	0.05626788903126495	0.11425191122400863	0.11752715902495295	0.04686982009173542	-4.069963110359992	0.3818060146905503

drug_116.txt	1.72353706282681	0.8873025035325468	0.043220567809123506	0.08929122197762301	0.12339734485037318	0.19516026976617915	0.21371912991331843	4.738338245955016

drug_117.txt	0.206538875896681	0.9659597837902751	0.05193719975107461	0.10229425835702888	0.13683311395259765	0.17571669052338293	0.8253511784695342	4.96123757699411

drug_118.txt	0.0754421000078829	0.9481931656480377	0.048756225302459294	0.08931643519727234	0.1420797491421344	0.19933564551807292	0.7889113013138527	5.241134680614088

drug_119.txt	0.12516751189006	0.9698210875481996	0.04976656225108833	0.1091923174707381	0.11522408595548171	0.10711967389945601	-0.7109796652674044	3.9865239498570086

drug_12.txt	0.17474178120923	-0.9630385879757533	-0.05504550327906475	-0.12496100436807078	-0.06097451152349685	-0.010155283242662284	-2.4239401043086373	0.48152824011805967

drug_120.txt	0.05142812097643	0.860279075176869	0.03632418120496855	0.08825741795357894	0.09752812434803566	0.1376310481775119	-0.46445510548983265	4.241201061075503

drug_121.txt	0.159915390072785	0.9958266742528288	0.06266519822277494	0.1175520368035396	0.12093071272004488	0.14573548162506816	0.049460284577222915	3.633442149277018

drug_122.txt	0.0493811913708385	0.9865960692391705	0.04182571248275194	0.08712180797449509	0.07717688481631058	-0.05477272317628546	-5.5824292645695905	-0.5180508158651106

drug_123.txt	0.0808839372520167	0.9352190391402321	0.04488570874391401	0.08467850733244597	0.09278114623219035	0.017517899544382032	-2.541055625215795	1.4869353373969698

drug_124.txt	0.0791365583204141	0.9103737926507611	0.046198177220386244	0.09682937176134426	0.0978819522905859	-0.02929808142495401	-4.477825328463174	0.3133892004202516

drug_125.txt	0.0120680553837622	-0.9794881778428586	0.03499048965050919	0.0812510292207893	0.08466649413696653	-0.0421125450985851	-4.9585854731141765	0.3925561894879504

drug_126.txt	0.0542738523793257	1.0224546349681995	0.04198848061282126	0.08341355903053	0.06093200938003137	-0.060804470262992454	-5.140834832542841	-0.3771196331419143

drug_127.txt	0.068802060067793	0.9659172703459082	0.055510856384875296	0.11513686384759553	0.09384109693797482	-0.02912265596340942	-5.24272656235803	0.19488953935545628

drug_128.txt	0.0854717923115327	1.0768559046906152	0.054195977903085585	0.10198688925842397	0.1117294203594658	0.03785968628095285	-3.154091479038325	2.466313027959281

drug_129.txt	0.0702998134377381	1.148316077906616	0.030692862655625458	0.04925089737203342	0.08013546415826933	-0.032261656444779276	-3.59727143869596	0.6428266979991665

drug_13.txt	0.0520856605549528	-0.9815695914434279	-0.053310701478605754	-0.10449760574840028	-0.03916716431742494	-0.027126822017872212	-3.971646768067746	-0.9937489790261372

drug_130.txt	0.055616575137294	0.9959801243938707	0.04737972120884723	0.0963738773963903	0.09163897601934447	-0.009980637141512472	-2.3038988533318796	1.798347565274745

drug_131.txt	0.156470557321912	1.0274889062562342	0.06980821446266974	0.12930359409812942	0.09487991939714832	-0.048856111753106626	-4.249391230078686	0.16821207959799547

drug_132.txt	0.072391412880679	0.9769663371020743	0.04888556135990052	0.08784092336509708	0.09728346188565049	0.0023998110672509357	-2.642506678296898	1.7273765103999235

drug_133.txt	0.0386472922195653	1.0128685813773828	0.016391397055751156	0.03136196668696284	0.0617288334069825	-0.00323099149215584	-1.5580375801849933	4.597415749693555

drug_134.txt	0.0706492892240587	1.0800373608134934	-0.005077506521946412	-0.011412871857355511	0.06491300662945391	0.08946407120616337	-1.2203474531610605	5.6142554118668695

drug_135.txt	0.0714927608587119	1.0973848189419757	0.05365539779846229	0.11553865812999808	0.09283784895397756	0.01598997748052502	-2.8728852059823002	2.2782028538834758

drug_136.txt	0.0992064534776782	1.0561767915308924	0.03661316267383599	0.06971619859194589	0.09528878257780743	0.07742898811955728	-1.3764151629141	3.337747640443335

drug_137.txt	0.0628110465880127	0.8821350696997758	0.05371228917645135	0.10524178549751917	0.1088246124448132	0.0649635739006102	-1.0988978538588745	2.7107839555003865

drug_138.txt	0.0746432982105789	1.0480067445807801	0.05055945171539952	0.10346037734981817	0.11075397013383731	0.10517187597678329	-0.18634265569063585	2.8164100166990016

drug_139.txt	0.0528759492340437	1.1484318770115798	0.02653164735364555	0.04712993825000522	0.09928479074024524	0.043161650785046114	-2.1416889276563267	3.4422497172717166

drug_14.txt	0.00981617005386237	-0.8882056772789482	-0.2753639604605622	-0.8700717384986993	-0.09338811766105337	-0.1750791352125943	-8.30208617274528	-2.6642123166899836

drug_140.txt	0.0142846385107832	0.8556117253697715	0.059442538397102895	0.1203850110782056	0.10081447753947001	0.12765967073388243	-0.5611768340329645	3.697423599918718

drug_141.txt	0.0689518354047876	1.0936433406220565	0.02157782692075147	0.03312900554015519	0.09543562908909216	0.0669628252528229	-0.6315124752403278	3.8847325165824738

drug_142.txt	0.0572246892818666	-0.9692297151110075	-0.04397687527772237	0.0	-0.08949587395782903	-0.1909783811822946	-5.428564938486979	-1.043899376996854

drug_143.txt	0.0615182489423759	-1.1492070142688875	-0.025336927960414812	0.0	-0.055470394702143475	-0.013829499010479371	-1.6894319358883498	2.4901359730580337

drug_144.txt	0.0510339753527602	-1.1153046114981011	-0.006483749570260655	0.0	-0.030619427036886082	-0.024284236142375907	-2.4538425193988624	1.9752960605353473

drug_145.txt	0.0656121081535592	-0.9947214835821344	-0.039731805097234396	0.0	-0.06762563889016704	-0.17540612171646888	-6.368723763833615	-2.35079723630838

drug_146.txt	0.0719026723073285	-1.083711229854915	-0.0015703739303808972	0.0	-0.031316938421111176	-0.056660883978002716	-4.0730069599665635	0.6476264480620844

drug_147.txt	0.0636727407818525	-0.71211840199708	-0.06210859894665885	0.0	-0.09006701710750374	-0.1800699934860067	-6.889703610823384	-2.730946665245922

drug_148.txt	0.0562761121475681	-0.9342299985070872	-0.025254217467565343	0.0	-0.06634765644078028	-0.20067049311637386	-7.446364644096749	-2.8497102287651406

drug_149.txt	0.0682581391071289	-1.1228611044652006	-0.00978593684027057	0.0	-0.05836680203054293	-0.11483714913371262	-4.9130276763161245	-0.4638415118562859

drug_15.txt	1.85727753043093	-0.8395536820300429	-0.058557240361199456	-0.1382488412082237	-0.1052304908352057	-0.1946711133951587	-8.674130912791437	-3.963820865910037

drug_150.txt	0.0576740152928501	-1.0252706173421127	-0.005336207766682172	0.0	-0.04999977412884828	-0.1590362861852495	-5.32906740082502	-4.038008099147739

drug_151.txt	0.0457918385579527	-1.0014939185624874	-0.03970127049616434	0.0	-0.07500968314959984	-0.15315191357990834	-5.7305375347544025	-0.6633376149220159

drug_152.txt	0.0471897417032346	1.0478814554466258	-0.014085017801812552	-0.002350367734010317	-0.02063420723126127	0.05229386375372368	0.8766468589289284	3.68558656125125

drug_153.txt	0.0219276348634941	-0.8946251482585827	-0.04950987281748423	0.0	-0.09041463639390673	-0.21936950889141232	-6.343845972123789	-2.7171054687626586

drug_154.txt	0.0395012744041833	1.2416349847796757	-0.018869344292995305	0.0	-0.02189807666388833	0.10649311893646764	2.103858874411674	6.181019691295057

drug_155.txt	0.0274193972199597	-0.9541827513613019	-0.03554148044194075	0.0	-0.09230606532724185	-0.193036012398807	-4.694084028421377	-0.6203660079859903

drug_156.txt	0.0396587617503996	-0.7223035340675487	-0.029956874486467333	0.0	-0.07542718944312003	-0.14041999647085046	-5.972446346471861	-1.4696643513284882

drug_157.txt	0.0378038205849121	-0.9065065650985001	-0.03501879792249962	0.0	-0.0860063555616884	-0.1552251279484056	-5.857466063348416	-1.47167327094954

drug_158.txt	0.0437449089523611	-0.6494508642519081	-0.04444505942099225	0.0	-0.08293275827663059	-0.14774431896344062	-6.370763597375929	-3.3940356825856477

drug_159.txt	0.0352154267528959	-0.9664812335064283	-0.005591481103145612	0.0	-0.08499316861688616	-0.20320061896174482	-7.062894110378164	-2.4827867744243695

drug_16.txt	1.85561457770554	-0.8830831755044908	-0.056441028558212605	-0.12691188053948688	-0.07581005198103818	-0.14956360103604702	-7.845967580730161	-2.206375886431785

drug_160.txt	0.0548282838899545	-0.99951200250302	-0.04405125013286593	0.0	-0.07819097997528943	-0.18590232023321684	-5.464309727598176	-0.5146574285802493

drug_161.txt	0.0724019234306434	-1.137927211667495	-0.021665550948556683	0.0	-0.04305784793469477	-0.11612120514261574	-4.993635174180887	0.09540538965921298

drug_162.txt	0.051982552487059	-1.0050902208129506	-0.028462069840147902	0.0	-0.09372118776883458	-0.21449730996783992	-5.354417670682731	-1.4809328292390873

drug_163.txt	0.0342668496185973	-0.8590391858607996	-0.028210343064658	0.0	-0.08372551874986241	-0.17504757588717904	-6.440826655036435	-1.9918638194287304

drug_164.txt	0.0637648789972936	-0.9282763783060392	-0.05011857334842859	0.0	-0.07698117086549305	-0.15112351539016275	-6.738842246815316	-2.139730429530904

drug_165.txt	0.0603699713587514	-1.0803607773827815	-0.044589234480983175	0.0	-0.08411548494762892	-0.18163869317673395	-6.547929273655709	-2.1168266494743158

drug_166.txt	0.0278187981186115	-0.9854388608834208	-0.02963831455921287	0.0	-0.07017910232421559	-0.1787701575438229	-5.744443838703229	-1.9694842698911659

drug_167.txt	0.0367631052351726	-1.1468277088365546	-0.003183992090384724	0.0	-0.03384279818530846	-0.14392568348273344	-5.77615439132094	-1.7562137242142686

drug_168.txt	0.105801823580419	-1.1905887901617422	-0.04796602009438258	0.0	-0.03425249148732876	0.07209925101641813	-0.16906085881989497	3.697468791711047

drug_169.txt	0.0354074151929999	-1.0215899458529067	-0.020992326101692077	0.0	-0.057053451424816076	-0.15803364956751115	-5.384211052354213	-0.751193695845056

drug_17.txt	0.0707248070982958	-0.6272834410173729	-0.04868758363883427	-0.12282837995590168	-0.09236014221045195	-0.21777769783085948	-9.32566464954842	-3.8530213207613295

drug_170.txt	0.088927135612371	-1.141143618844008	0.0012030913999850068	0.0	-0.02665744603405467	-0.12987829775249232	-5.313371131585164	-0.043369107638066416

drug_171.txt	-1.76064970793702	-0.7282553771467501	0.007856431075811493	0.027957452736087574	-0.0520875088592324	-0.11801548186561812	-5.506628323247742	-1.4495238753968664

drug_172.txt	1.92264086753908	-1.079869819686276	-0.01103866885115154	-0.03305992548426656	-0.03896894635277068	-0.15471894782870654	-7.677174762398009	-3.193365423852568

drug_173.txt	0.138655805337779	-1.1490565783544542	0.01010672114274569	0.01737165247734107	-0.04674203817597783	-0.14467514348379068	-6.957186210906976	-3.956314025230505

drug_174.txt	0.0493665684613858	-0.8760374994153375	-0.010693246167591486	-0.017697875093736493	-0.06081999756353072	-0.16817068666744028	-6.960261861927347	-3.1263086430566753

drug_175.txt	0.113737117900385	-1.0920566936404135	-0.017939201410817174	-0.03776086684831803	-0.004516209676450873	0.0054890017008325616	-2.4552463246651763	0.9761586183564104

drug_176.txt	0.0492898542643887	-1.077070739568775	-0.008863346755014628	-0.01688218334607644	-0.03152099005188402	-0.01823129157361898	-4.376460593505243	-0.17166927455805508

drug_177.txt	0.0192573249667646	0.863396212402695	0.007788584851207564	0.01130632949706617	-0.011339545465036923	0.10942605767424744	1.0202665867088263	4.884334554585996

drug_178.txt	-1.84293359917334	-1.1626379025663818	0.005358531337599282	0.010643745563430174	-0.03880609813627259	-0.08152838635119061	-4.475172181940431	-0.5673000374754723

drug_179.txt	0.0655654408844586	-0.8247131703832331	0.008133496410138996	0.009005124663798991	-0.04645659840327895	-0.13017379373753438	-6.337590179723419	-0.9704533962562296

drug_18.txt	0.0575197857898646	-1.0542160864617147	-0.04573871728837167	-0.09853077273455751	-0.050376261087666525	-0.13220830226133826	-8.249868251285685	-2.9003488688415913

drug_180.txt	0.150414995820347	-1.0233034034399326	0.005495343946922138	0.010717083350789691	-0.015041779426387954	-0.16949742854509287	-6.919415217430809	-3.514504564854869

drug_181.txt	1.90336977417912	1.1939439094100177	0.013763376684995526	0.01898545956066522	-0.030768078264815254	-0.13715980089387345	-5.987865489105745	-0.847317051900648

drug_182.txt	0.0677390097993787	-1.0212709608250776	0.00726689875655992	0.00977561753463796	-0.021141885543953787	-0.16344508619785836	-7.27847589452834	-2.643081216475559

drug_183.txt	0.111014372749818	-0.7914888922981815	0.017120537191295943	0.03580498851820785	-0.03445797353715334	-0.14965809288739307	-7.224286285413146	-1.4091547241824234

drug_184.txt	0.069492103308452	-1.2852930419504118	-9.393475356189729e-05	-0.0006366061625087127	-0.04690341034971834	-0.11916755611700072	-6.255442584818914	-1.520552219199006

drug_185.txt	0.090228446376221	-0.7115174331814778	0.00903040573228761	0.01865469710996187	-0.0480519130490809	-0.18226168423561442	-7.734889785385888	-3.2822064917441995

drug_186.txt	0.0351111223622419	1.1062656005753155	0.02134198577568222	0.038441570779552625	-0.004704492972628832	-0.057133876360962066	-4.58640444129459	-0.8104511531498512

drug_187.txt	-1.85546480236855	-1.0951862277096915	0.0066499476982660455	0.01908168992347753	-0.045733690389504374	-0.18592504036125845	-8.507995784041142	-2.7639405665216716

drug_188.txt	0.101588235960138	-1.1618248515890555	0.007851310956057789	0.022212617580188554	0.020436676755638494	0.10167213833073914	1.3862145414236131	4.441883886127963

drug_189.txt	0.0597181463576992	-1.2685673783717921	0.01579934451876297	0.023468038343049835	-0.030133578785845883	-0.14603931766664888	-6.000140834832543	-1.7926006284954707

drug_19.txt	0.0508874578589967	-0.5911085890676799	-0.22373083881493505	-0.8880212740481661	-0.11733853169649784	-0.21362091610499717	-8.957867669774119	-3.411038808133611

drug_190.txt	1.81789798186759	0.7837734378047609	0.03886293927330724	0.09636598714214423	0.0671041703079905	0.15085271269599929	0.8076196187464791	3.8455048932152063

drug_191.txt	1.82920419328218	-0.8022102507186295	-0.16849114378066252	-0.7491738157449163	0.027860379328804325	0.03248899626121196	-2.621272419996729	0.9060164091956987

drug_192.txt	0.061271080114958	1.0854749948318574	0.017643547759553957	0.03876138036642662	0.025991181397400864	0.10209698558704902	0.3902987515673554	3.5813358115133065

drug_193.txt	1.83002978416415	1.159307854951022	0.011519091006453847	0.02009812888030471	0.00836040099919686	0.018591651247772626	-2.9523342237729198	1.3820674712805034

drug_194.txt	0.0271730295015329	-1.1676623019157581	-0.006485738488500231	-0.014984762007031027	0.010848449254690867	0.07631659491720974	0.3995302476875829	2.7062461297605465

drug_195.txt	0.0571220405164611	-0.9161933918363339	-0.009004398023217813	-0.02574294909207231	-0.01872361770481323	-0.112590667045414	-7.580021443239019	-2.0562867862373437

drug_196.txt	0.0208479642538759	-1.1255613826120878	-0.021538419829114225	-0.04719817339435611	-0.01821969320458364	0.0718429886865554	-0.7172854313180324	4.22534925093954

drug_197.txt	1.82201497710644	-1.1810722746720732	0.009989898677219444	0.02011106060916157	-0.011760092466433716	-0.08138296873011513	-6.357316142397645	-1.5227484228965549

drug_198.txt	0.0876591296196483	-1.0302109367531376	0.011037374160830421	0.018657398899968536	-0.04509455689768872	-0.16424646425577413	-8.518204037870941	-4.50796098650373

drug_199.txt	1.91969528591153	-0.8267535470242364	-0.018288083718914716	-0.03599281135115273	-0.008844162478891842	-0.0889304793101947	-6.528902942085082	-1.3037176594716453

drug_2.txt	1.82750673946291	-0.5236519950099002	-0.21707879936952074	-0.7889953388090449	-0.12372444519930967	-0.20559301305221084	-8.992317687037744	-5.484572697883389

drug_20.txt	0.0469932990971396	-0.6175329852805537	-0.20994872381789303	-0.8418686007893457	-0.10340993687642044	-0.2036994330556767	-9.05030529357248	-3.640675701967165

drug_200.txt	0.0671123182577439	-1.3939602442647252	-0.008558655402661902	-0.018423659067788756	0.0025904066974056527	-0.07561158160194141	-5.172649875520181	-1.5908046179895008

drug_201.txt	0.0789944949926414	1.050401212227595	0.0029710834179596246	0.016851307934951598	-0.009728070914729976	0.03289302122049432	-3.0829426302495047	1.21535033816627

drug_202.txt	0.0490893527060713	1.053313202834945	-0.00625205757341199	-0.023289506629501855	-0.009135639217657024	-0.006148812418654946	-3.77380108669974	0.5266757304942675

drug_203.txt	1.83825606263262	1.0710617261325477	-0.0155406684357981	-0.03358889688614075	-0.002446519065922787	0.07836782789082102	-0.31687837322139234	4.005106118430255

drug_204.txt	0.0227674534411476	1.0907181905022592	0.026438783177555852	0.04629042329283556	0.007069680231136107	0.03301948216861283	-1.9394410220065783	2.4089237316291414

drug_205.txt	0.052833736130934	-1.0351275968372617	0.013763295302196582	0.01468977108036329	-0.0005857436133820669	-0.03144656097395581	-3.481314397862945	1.415545086931816

drug_206.txt	1.80835092034605	-1.036394439423409	-0.0204382631157235	-0.04471426589597488	-0.030714834165925273	0.01832178914497599	-2.609946573624816	1.7214481873823342

drug_207.txt	0.0687099218523519	0.8926716490533122	0.009895697785176433	0.00874212870089186	0.028867333075448795	0.09154619937781801	-0.6028775736429882	6.83235715500173

drug_208.txt	1.87655998885711	-1.1305612258052191	-0.003903054905474379	-0.018485384532066607	-0.011394591344545929	0.005238516595717103	-3.2662096349197696	0.44965951917116115

drug_209.txt	1.87820751756405	0.8330111045901066	0.022488022012230546	0.049121951756744164	0.046203715056355864	0.11386594186392412	0.8667657053553581	5.252217320962255

drug_21.txt	1.90323542286057	-0.548736591442281	-0.24152816237735145	-0.9008948608342525	-0.13352946515318917	-0.2381064984950899	-9.502621345108942	-4.799472747760747

drug_210.txt	1.83111677156922	1.1393248573915602	0.008677209111406126	0.022160950275977753	0.000931120993551417	0.08510904586945008	-0.8929200966762979	3.402132273527372

drug_211.txt	1.81908481949733	-1.0385249634234284	-4.803981837070426e-05	0.009214613300386976	-0.0007089872413204978	0.03602995695108021	-2.0180268585654835	3.4041269179985805

drug_212.txt	0.00249785783455747	1.0002183178475765	-0.006155821092660635	-0.021971486845687394	-0.0036693544259001334	0.08211280314672549	-0.32970342910101946	3.8134644397486874

drug_213.txt	0.0816904510585427	-1.1727615424479079	0.003446256325461944	0.009455928835040539	0.004268061554537614	0.032900709831051804	-3.17551200276218	1.9208875070037474

drug_214.txt	-1.82259174353574	-1.2068088631133498	0.014506742717604826	0.03177384507317571	0.001596033154768364	0.024163302447358866	-1.7382471060713443	2.9619686196650314

drug_215.txt	0.0984652888019275	0.8137518430220009	0.0197972839930092	0.05303464356688098	0.018161173781522846	0.041248595735571617	-1.943243562485235	1.431504234220399

drug_216.txt	-1.86597666615182	-1.1646628402230053	0.008353194217242649	0.016946136278724044	-0.0026783275714510626	0.050409101964289285	-1.0801668211306765	2.5723962567401184

drug_217.txt	0.00599261569776266	-1.14370674270369	0.0012087772085763449	0.0011707449561061956	-0.03145005245350928	-0.07430279288706262	-6.219775027712661	-1.4972112047196917

drug_218.txt	1.83781810168786	1.2327663313657757	0.01964993358258238	0.03713022623483969	0.020639899968937777	0.12809679389854675	-0.5156780970033982	4.883833085889403

drug_219.txt	1.83681959944123	-1.114694806084712	0.004867774034594513	0.015396348554840122	-0.0033583947023300732	-0.019995878363470554	-4.028380490286939	0.3932770192560004

drug_22.txt	-1.85264826337729	-0.40453525169966575	-0.2640292564565854	-0.9788381114439126	-0.2654689112420228	-0.3201127856679099	-11.397962892293155	-6.0764203232202885

drug_220.txt	0.06245266246971	-1.1907714940133336	0.0038545766375960577	-5.162124597279938e-06	-0.0329369442265061	-0.083065039258776	-4.979519889512803	0.2092249088893505

drug_221.txt	-1.84183524670205	1.2206357175342888	0.026299072702082982	0.03229259258161865	-0.0002605152330042087	-0.0412300792384037	-5.022056551999855	0.05931392754809267

drug_222.txt	1.87220513901805	-1.1730904505885122	-0.006726808438590193	-0.012468971957207586	-0.025134815493247017	-0.03649105893550456	-4.442616620327463	0.4221093650131299

drug_223.txt	0.00113450919042912	1.2107131727301157	0.04488478081437028	0.09209686611669593	0.0030541781776836363	0.013167244723806244	-3.1143987715568153	1.779295725505732

drug_224.txt	0.0329489185135433	-1.3477346758083353	0.018198315341465737	0.022087505522425444	-0.013952133435419968	-0.023800212709053636	-4.170296570898981	0.5188855762896045

drug_225.txt	1.85094840623105	-1.2727203326691146	0.01620512475624633	0.04032833998436497	-0.0033620556746122776	-0.028047205144929484	-5.1220629122826145	-1.6544746960763628

drug_226.txt	-1.70826849157159	-0.8186684567874674	-0.21069165581770455	-0.8125323961110729	-0.009967715634340008	0.0013816298604685047	-4.473822893383488	-0.5260474460296379

drug_227.txt	0.0768753053560438	1.2591410946737316	0.031216205545914172	0.06393131538860708	0.01434174106004298	0.06326381122651974	-1.196555452579549	6.159351979234412

drug_228.txt	0.063695075700527	1.232003756330445	0.010883792353232946	0.017142608337528786	-0.006986822174367084	-0.04705155873376836	-5.567287248541678	-0.9247072882562671

drug_229.txt	0.0281370306542752	1.219829705401429	-0.0005613971574141008	-0.014875306489838869	-0.015238841736471434	0.03582181514326188	-2.722696214723146	3.2548693518065246

drug_23.txt	-0.0387954653385775	-0.563542735672526	-0.23993601642536805	-0.8956074176197002	-0.13449264335602235	-0.22719258979059792	-10.352396009376873	-3.7442069563041462

drug_230.txt	0.0923520901788096	1.2791003194106083	-0.0010912172519172425	-0.0046853320169628065	-0.010475882833927194	-0.052724638931588755	-6.3773374039143	-1.4037991715585818

drug_231.txt	0.0474418239991318	-0.8739638062936963	-0.20615763786975297	-0.7512589338489717	0.005158259592503039	-0.018474684023151805	-3.8679332715477295	0.901721581419585

drug_232.txt	0.138682594422444	1.2916476141842723	0.008540544118838034	0.019690482019786792	0.006180715512307083	-0.060123566981704804	-3.9573452179759765	0.5473532842682756

drug_233.txt	0.0778470185180082	-1.2671384257705505	0.007376468154421861	0.015348644394453215	0.03435713277653357	0.11549160958775458	0.57528303258282	3.2334094239670232

drug_234.txt	0.0850130986660788	-1.0957692905727188	0.2980476489617163	0.8249600493951871	0.023908844332999803	0.0063005413867810835	-2.6491668029584403	1.7858150111928734

drug_235.txt	0.0515364843193064	-0.986788238299301	0.2730512800570969	0.7836526772146574	-0.005900898805476937	-0.10970374005400683	-6.256410256410256	-0.8846695662226173

drug_236.txt	0.122956184038021	-1.0505673659395947	0.2813166151301154	0.7839170089495544	0.009149638009354102	-0.05727031598561654	-4.938305257228007	-0.06744650413066433

drug_237.txt	0.0825667681618351	1.235383733411533	0.3075232935574248	0.7827957134679415	0.025988422297314157	0.004876710940690902	-2.3522778898399026	2.0880742770237823

drug_238.txt	0.0808693143425641	-0.859266964348393	-0.009047727885365953	-0.027395442878190845	-0.031856851878614874	-0.12448097530597117	-7.1231259881153575	-5.753228466604257

drug_239.txt	0.177211760450894	-0.9850005528532889	0.009049792987820188	0.017526283550482913	-0.025231079232704706	-0.13969357857177683	-7.528121535917426	-4.545196222104337

drug_24.txt	1.88427159218383	-0.846746141755716	-0.04271678439259394	-0.12888267174286103	-0.07872112594110604	-0.08187788167423739	-5.6045675916335025	-1.6306952932222707

drug_240.txt	0.0838148959701226	-0.9096135717417383	0.2742082812638826	0.7928066968674958	-0.005096748014619867	-0.1227043886834381	-6.766841120136656	-2.0269628500965036

drug_241.txt	0.127948695271171	1.170282060393308	0.04638672147594455	0.09249460125407016	0.03524327048701057	0.006806990803753999	-3.7192798342692037	0.9797963963703561

drug_242.txt	0.0590520402536973	-0.9940713673259702	-0.0017740250047601769	0.0027734168411026605	-0.03898078013212657	-0.14824696737516355	-7.920805393519781	-2.8954871242510447

drug_243.txt	1.76271365309759	0.679234051147123	0.1983942175154701	0.8082205167663312	0.10380345549224435	0.12155008126276573	-0.5816569445201621	2.084411092215118

drug_244.txt	-0.0137846396857432	-0.6685135089556091	-0.050678698623691926	-0.12347311583733775	-0.05291574501606924	-0.11314530378141761	-7.718557487870032	-1.8886392854030447

drug_245.txt	0.0775474678440192	-0.7426179123898247	-0.0006340154366634015	0.005647408271977183	0.00031944795139851254	-0.013580170780779189	-4.751930800123572	-0.3663312695828156

drug_246.txt	1.72279669926005	-0.832265857085071	0.2231373588485698	0.7312160270318486	0.05494143049004365	0.0069317117959352016	-4.705650656926348	0.08883063298406627

drug_247.txt	0.0526579728182651	-0.7938638608545882	0.21315946956676896	0.7600088513883962	0.049533940333475766	-0.014578366459812203	-5.0880353995166185	-0.10100809576126514

drug_248.txt	1.71758541050213	0.5979993859330928	0.18550023853905379	0.8181536844065564	0.1035501833076437	0.14594798099079373	-0.2679178251467408	3.7467872761918515

drug_249.txt	1.72359550105736	0.7654716541730111	0.21627150315767446	0.7565472656474133	0.08552706839509219	0.11312710844024863	-1.35111940976576	3.8268963708420776

drug_25.txt	1.73860553841894	-1.1366996848068105	0.02389424650523808	0.050442519730627466	-0.059624690549559684	-0.15816090644590294	-7.886673390394156	-2.5801593165934307

drug_250.txt	1.7641614813552	0.719328213743162	0.025709370209792498	0.08861809069749299	0.09356320912597073	0.1494210069490606	-0.3110314561413073	3.8555401406188565

drug_251.txt	1.71738571005281	0.7512818215230157	0.18003581819285747	0.7775387001606324	0.06480067469195001	0.0884509500529338	-1.2081447963800904	2.949558579359829

drug_252.txt	-1.74038741844443	0.8757681093879242	0.005918466841800349	0.011583811034799496	0.05762782565173332	0.08099267001620689	-2.469797743008232	1.3474847616150023

drug_253.txt	0.134938210997581	0.7668987273118373	0.013451374778853373	0.03265106672709778	0.07224960924006565	0.09823669424188003	-2.0207617801522835	1.2121685200211163

drug_254.txt	1.7388725854308	0.6025369830204572	0.18414867621895264	0.7732335616718048	0.12010110318518236	0.15613765260736276	0.5911155935961039	5.2098742313885404

drug_255.txt	0.174945305618808	-0.7918551793402857	-0.00355545011102143	-0.010080944429489924	0.023094154107434206	-0.08258245709017191	-6.878536771520471	-1.1676258013945806

drug_256.txt	1.76451095714152	0.8887498676540162	0.22978456487396887	0.7513585222501886	0.06383479327524622	0.06307406437400441	-2.396599974558869	1.9890001265792634

drug_257.txt	0.214019588930682	-0.9426450045309192	0.20343037493222801	0.7203256583994977	0.03585062746950278	0.005953793620742997	-4.646086608878955	-0.32257292996325176

drug_258.txt	1.72609175667393	-0.9136475829391948	0.013348979280220663	0.043429417387646496	0.047741595438155905	0.028074784177374575	-4.797447709389594	-0.023300546161916066

drug_259.txt	0.157110216147751	-0.7896564335059972	0.016688588250700298	0.0	0.02609336017142263	-0.02235554992706457	-4.714636827854404	-0.19567950580264887

drug_26.txt	0.042874648233042	-1.1636192448293565	0.053513112349067055	0.10991286296493541	-0.04095055438225712	-0.14545726915688365	-7.3054298642533935	-2.4998820244587767

drug_260.txt	0.0174600209228305	1.034966292666239	0.025360502312031907	0.07119426226252001	0.019771036566363708	0.11539305646993926	-1.622753457267986	4.280458241575839

drug_261.txt	0.0549038551714576	1.0323473195244592	0.019672403571256297	0.05294526401668026	0.0023311276323369997	0.0808950465463529	-2.07655508913482	1.2967881465728754

drug_262.txt	-0.099564442382212	0.4825646874799351	0.22544642626185718	1.0076378222885722	0.10981557270874562	0.2029506341796424	1.8439413763651893	5.739909454199717

drug_263.txt	0.0296417483317172	-1.0067078237466955	-0.0061482544604903044	-0.017449083924211517	-0.022200355405354297	-0.043227178758360595	-6.135128750295299	-3.376308204118766

drug_264.txt	0.0879959265210015	0.8083563853986773	0.03520333691404787	0.0901611286003764	0.021002690132572988	0.07192339593841113	-3.3110178269639645	-0.234441151030108

drug_265.txt	1.8470197463753	0.9891474182025262	0.026340284792424118	0.045971189978950444	-0.001928085433943481	0.04340848543596644	-3.5772320049428483	1.5738210792488352

drug_266.txt	1.78276612680466	0.6860205074471455	0.06607051787947356	0.17043926230422218	0.07059709909420643	0.1704705728372686	0.7423267731559723	7.54529096430577

drug_267.txt	-0.037607377978817	-0.9854072737366417	-0.011705049003375656	-0.035334513322232086	-0.03331057720340166	-0.023573563048819583	-6.609146995220701	-2.2597583001780315

drug_268.txt	-0.0114571296670741	1.0428898508075055	0.00889603778260481	0.02217096447939887	-0.021490855409599975	0.023455183287310877	-4.511412164495084	-0.8620129712059401

drug_269.txt	-0.0359598492718775	1.131187810469048	0.01881207313899433	0.04087796366219015	-0.01672786228949078	-0.05900003856500697	-5.466694833633175	-2.2331503827325236

drug_27.txt	1.84849071066058	-1.2553065634129636	0.0305264580575485	0.06709178866107496	-0.04467617049592692	-0.13374052500298755	-7.165585418597467	-2.9471680843468504

drug_270.txt	0.0148639150815923	1.0712889715034335	0.031038903271248947	0.06701849334717902	-0.007053519721044129	0.0027589695143256164	-5.392715659016155	-0.4490066595811217

drug_271.txt	0.00698586266941048	-0.7749766495573115	-0.01354308525807929	-0.04066819801952737	-0.04797006126455327	-0.05916692749215101	-8.087776445147105	-2.302677922469401

drug_272.txt	0.116879430533276	1.10294542195266	0.039072874547568914	0.07881192456518898	0.0027603440751093797	0.0476911530391392	-3.267249995456941	0.027180750766314675

drug_273.txt	0.00769006951703377	0.687309895163299	0.04755611858385332	0.11908200851411	6.696630017881617e-05	0.053563421159508906	-1.3522188300714169	3.0008543410876602

drug_274.txt	-0.0355450777620476	0.7231972589537355	0.026957693268990418	0.0728172867314662	-0.029243746808129686	0.03270112550933139	-1.621622235548529	2.2380716769171842

drug_275.txt	-1.82359024578237	-0.8469615588917088	-0.009755431942339216	-0.03829286776541224	-0.06616273432932512	-0.06456203971984423	-4.624925039524614	-0.9347615734547611

drug_276.txt	1.8072420573248	0.7256129987916268	0.040818765133117246	0.09880583230851142	-0.0005061802940591604	0.046282459806657045	-1.5266723000599685	1.9540292772105847

drug_277.txt	0.0144299596817866	0.7330444324855714	0.048626438029130845	0.10826292901411183	0.018147168067472696	0.056735748236075426	-1.9560686183648621	2.5355752806377514

drug_278.txt	1.79496047969125	0.7939689558171008	0.025436990088390815	0.05600411350738893	-0.012578724372926429	0.04002293778241211	-1.809018880953679	3.163152832389755

drug_279.txt	-0.0186703897939997	0.6773951362529764	0.02934888085313897	0.0598846150182617	-0.00967666759877904	0.03875338704546443	-2.4028239655454398	4.447836039685152

drug_28.txt	1.79032795479438	1.0809037651994877	0.035074019631274156	0.07450561497461072	-0.049183473006724265	-0.1449576023423045	-7.573511239528249	-1.5281672066849536

drug_280.txt	1.85368292234306	0.7275855248147621	0.032822207838437006	0.08530633160514978	0.0030608069186930623	0.05685812768159167	-1.5086090970215704	2.1882539238004934

drug_281.txt	-0.0144880454243753	0.967993223870832	0.002720204963078815	0.0017767673371936188	-0.021826723405166983	-0.003036353823140758	-3.663218484798924	1.0433519420550503

drug_282.txt	-1.77666064019076	0.8905834630991227	0.0013599163616241083	-0.0008379534319256088	-0.028824539198519624	-0.0009203250644263497	-2.9566501299314907	0.9235673527642134

drug_283.txt	-0.0295195097811136	0.8042643963674527	0.017218176751436637	0.054566434348349846	-0.016568487235409574	0.013402598096033044	-2.7368160424503443	2.1714655674765697

drug_284.txt	0.00824369991867135	0.7647534255128638	0.03172152275975626	0.08788158377312305	0.009054747442829766	0.0918703118777476	-0.9295462392556652	4.07447269790883

drug_285.txt	0.067420723856449	0.5518500943834532	0.19624707186747356	0.9595804571500842	0.07674353457333813	0.13402080865510463	0.5266495847643969	4.26832179192374

drug_286.txt	1.87030798474945	0.6041567286498877	0.046231511621261656	0.14539285690445686	0.04897849979418989	0.1269355424921271	0.38377037562012756	4.655242230793407

drug_287.txt	0.0958026375071539	0.9932913320488117	0.016291752576137047	0.04546618915490802	-0.004859757637381221	-0.017473235260614787	-6.026517836050083	-2.6254453903941255

drug_288.txt	-0.0136433240596957	0.9071524152149011	0.02523759047055016	0.05324418627446037	-0.011044718152898871	-0.00056040837924723	-4.995488742299515	-0.21739075759698392

drug_289.txt	0.0129269510368593	-0.647250725167597	-0.06444538805070951	-0.1847473966910831	-0.11082585055074025	-0.1389559556114454	-9.675666466772066	-8.782279358450367

drug_29.txt	0.0202464061716582	-1.241738360198226	0.01959019112791227	0.033185234666201324	-0.057133371365742425	-0.10542599163490506	-5.715867996874375	-0.5794711280815599

drug_290.txt	-1.65920918579341	1.1537429061141702	0.03699349804793364	0.07334490647957181	0.060029634975880763	-0.02008857744933756	-4.145073506696469	0.39684141808915185

drug_291.txt	0.0474194890804572	1.1232908845629943	0.04648491436910948	0.09218342220668335	0.07343302158800044	0.001968249884679529	-3.3845881262606987	1.8551259438179222

drug_292.txt	0.0682037598288062	1.187645310462945	0.019125453342952098	0.03997986352548705	0.023189139939327152	-0.08827616552711882	-5.775341183739483	-1.2640685723199778

drug_293.txt	0.0489326664688462	1.2069527974733016	0.026784424247834754	0.055421883023398955	0.041196254977456735	0.05250004685923921	-3.045625942684766	1.5621818903110083

drug_294.txt	0.0863342876143637	-0.9640539683369365	-0.007890018067872734	-0.008985037155141817	0.012777972365969746	-0.0323033617397203	-6.427733558669066	-2.8230686994155487

drug_295.txt	0.0410444987204688	1.093564285861188	0.023376862612183996	0.04027597526097615	0.04737358374249203	0.027197630829726264	-2.1260926057169858	2.7647836919074997

drug_296.txt	0.160498212886062	1.2167493361557244	0.03185434092750014	0.06041884996762259	0.04676109503228247	-0.08618037318727119	-5.755265405513456	-1.8344259309903197

drug_297.txt	-1.86470094814988	1.148104558454698	-0.000690795026993124	-0.007148397842700938	-0.0037986002770983795	-0.05811907363148896	-4.4442839230224065	0.05797742698464915

drug_298.txt	0.0665639431310886	1.0939153271005573	0.032186549905622114	0.07408988589442467	0.036209211936818295	-0.049010646456697234	-4.457054462192662	0.28869636644751423

drug_299.txt	0.198074742827992	0.9197723087946408	0.22018660592873684	0.8240453691024578	0.09322469782059617	0.11866106226794697	-0.9534427301968054	4.867419901120377

drug_3.txt	-0.00999033114854886	-0.5078525408326975	-0.24603263986158874	-0.8406870669005795	-0.14527316652189656	-0.2249059681288314	-9.372262806883644	-8.30734055858795

drug_30.txt	1.812886393559	1.1240636813491922	0.04212693766946826	0.07176691023719456	0.000500832296199408	0.04243087678056012	-3.4382189391048357	1.2867649878707879

drug_300.txt	-1.7159623316416	0.6474765074025897	0.2014246693480708	0.8656314074749223	0.09624948865206329	0.15525366214302308	0.6936478947464064	4.27265916058505

drug_301.txt	-1.70688766807	1.1217237758697953	0.029076999438546608	0.06417094928556621	0.031039887015813426	-0.022806692485058764	-5.147331407076269	-0.7088761088495995

drug_302.txt	0.221658131117402	-0.6774003730864933	0.0007593834004730737	-0.0061507276870007566	0.02561050767475477	-0.13629294090871757	-6.9302004397681225	-1.9647267151670533

drug_303.txt	0.150836731637674	1.2444376755046362	0.03242525761011486	0.06042216113959542	0.06690516250462376	0.07124845140756907	-1.3780143197223282	2.741428634452363

drug_304.txt	0.1244271483233	1.0996181243480745	0.04420157586447465	0.10438482218580142	0.069497362961888	0.03635896557185409	-3.8173099638372494	0.8235972366312143

drug_305.txt	0.135487387233228	0.85466288417352	0.0244817829871984	0.07237446445006518	0.10453320229697714	0.13344039016530496	0.35968307619618745	4.8938500459417

drug_306.txt	-0.227739285380872	1.1446819566402335	0.02880314319227717	0.06446836266347467	0.03988711617553558	0.04116546846862177	-3.5302749459375966	1.792577017490574

drug_307.txt	0.163561066188479	0.8828564836610486	0.030365323208546957	0.08246630913063441	0.07839474313652707	0.0774245914102334	-1.21173835613949	3.7392007871067343

drug_308.txt	0.0909042619211961	1.1538682933504465	0.034055700267699524	0.058479430107025054	0.03551166562239989	-0.09705151365126885	-6.285140562248996	-2.5740992016813347

drug_309.txt	0.0654424546321296	1.165356172129196	0.05182209491420628	0.0990965493666382	0.07107996579230354	0.03355967372811851	-3.187283068927293	1.343507299797731

drug_31.txt	1.74170860739272	1.1092264404827876	0.04396532179898838	0.09161770974669103	-0.04788814230931252	-0.15428760675551167	-7.06645132566465	-1.8134482176929967

drug_310.txt	0.0891568829895935	1.140306713764704	0.041210719156374254	0.076114151805108	0.07081207110161354	-0.04623948057925318	-6.553280997292337	-1.8740519439174912

drug_311.txt	0.216598615128228	1.1474342813924698	0.03707890396446806	0.0723996753181646	0.03660158988539281	-0.1010710919978446	-6.153191953333697	-1.138143733129685

drug_312.txt	0.00608555502219488	-1.057804043669391	0.026473796861856053	0.06298837281996861	0.019660393514281962	-0.08222251002164722	-5.680513910847008	-0.4721394194931876

drug_313.txt	0.116965170558241	-1.0891822802450934	0.03511544934896707	0.07782732444216078	0.022451731682238973	-0.12850970741183795	-6.633697686674299	-1.396042914385601

drug_314.txt	-1.71487974499526	1.1369857650135184	0.02285554595149966	0.06059940729473723	0.03279741983445234	0.06794240099469322	-2.7082447436806047	2.293428100434132

drug_315.txt	0.0847135479920896	-1.0492293013918563	0.004796136391784944	0.007744763361528684	0.05022387592638072	-0.10513856212317127	-6.383520507368842	-1.582803519293052

drug_316.txt	0.102218527151506	0.952776109661432	0.026919396069940635	0.06656325114513839	0.05541284021408442	0.08321546555527157	-1.3077195660469934	2.8617574178713285

drug_317.txt	0.200206098639802	0.9009708183826898	0.01087532883179082	0.024211103578757942	0.06465108632403473	0.11467609408343175	-0.9144541968780098	2.977081932102279

drug_318.txt	-0.0439049064400832	1.128944852941244	0.015123058521775562	0.027458938429790636	0.01538543520947346	0.03638134186137269	-2.4735094223046032	1.6766346816294082

drug_319.txt	0.0603655171927603	1.1780220169059001	0.020288474780353727	0.038919962102542005	0.010379842719223369	-0.1554499850413083	-7.194879063766377	-2.715181072771529

drug_32.txt	1.88628402069553	-1.1101749482111818	0.03521471515882743	0.06413945060792026	-0.026000995164918692	-0.14328151285995666	-7.519626015373712	-2.7851463331129596

drug_320.txt	1.85495783923601	0.9515587318740697	0.04884210250349988	0.10600550165928252	0.09046422891871742	0.08528900023448058	-3.456323029675262	1.4925280401326917

drug_321.txt	-0.124876474334284	-0.9599821265972995	0.031289673068077645	0.06340530019852636	0.04886022059688004	-0.06418898787837395	-7.050446128405023	-1.8400504904939141

drug_322.txt	1.87593409842446	-0.8836249240443417	0.000300646048625286	0.005999587754189906	-0.02370753797727779	-0.14153746513709528	-7.600233513238474	-2.6054633543874397

drug_323.txt	1.86829555623774	1.1475747511044037	0.027373152321562844	0.05502040411276177	0.004240085757009945	-0.13907861723612996	-7.3737438441549	-2.2171303763409296

drug_324.txt	0.101903210652571	1.1174006798376421	0.04315576099464166	0.08436395068452024	0.021097314831772754	-0.08051316285665099	-6.110282759999273	-1.3599029294624452

drug_325.txt	-1.70471210172332	-0.9503857606841479	0.03252455656898917	0.07211383332922305	0.001291828384855616	-0.12054702812632154	-6.746015737156772	-3.7367208555883624

drug_326.txt	1.86684772798013	-1.0640069383681654	0.03417610163581025	0.06234972698743907	0.0106703937821683	-0.12903094752052993	-8.090974758763561	-3.0157616255257245

drug_327.txt	1.81781355566137	-1.1729087745688935	0.029075776501817696	0.0688434459957864	0.03332615331809165	-0.07761067521180598	-6.82649148630722	-2.2340682010531783

drug_328.txt	-0.0339669037308393	1.1816961418896512	0.047632123604218535	0.0954339812407426	0.04592520921780345	0.027613274542803466	-2.548029220956223	1.8825426756693842

drug_329.txt	0.0123493300912987	1.1153159260366707	0.016220369745441665	0.025149423092487688	-0.004068468372685722	-0.14621682132181488	-7.107602355121845	-2.211771061323487

drug_33.txt	0.0748989801562098	-0.7466658305710405	0.009154352501377389	0.023292895453381868	-0.07013606781428025	-0.17360589489578349	-7.546507296152938	-3.5860595402420485

drug_330.txt	-0.041001537915634	-1.2546501975842586	0.023630847525261817	0.04421066642695637	0.001158942764550506	-0.006644473489741238	-2.787948172781624	1.0686268107148802

drug_331.txt	1.81522516182936	0.6852220687613344	0.026334730012939067	0.06562598429916428	0.0162196072798602	0.04285156958373829	-3.7266532192116886	0.1716550585868936

drug_332.txt	-0.122829544728692	-1.1320551156534058	0.03767413659450217	0.07629726262051834	0.013595789797557892	-0.1525182867312852	-7.912686946882553	-2.747973758834938

drug_333.txt	-0.0473926999957915	1.0971527755743944	0.028272739175023237	0.06624762144020241	5.8988357388449725e-05	-0.11600955182194614	-6.741172836140944	-2.3493052094318108

drug_334.txt	-1.84418172698163	1.155439493053858	0.025448766308581033	0.052121150559027996	-0.02590002338378887	-0.1799809727774558	-8.292050555161824	-4.547033938861618

drug_335.txt	0.0291384382561801	1.235191544716494	0.05820901104003465	0.12385586506718577	0.022909618609027103	-0.09897497473291705	-7.113235748423558	-1.6813973057246425

drug_336.txt	0.0468589477785888	1.1225047080084325	0.045207313518769804	0.0826043583556405	0.02369282354868245	-0.06449116615521203	-6.847162405277217	-2.1779711023963846

drug_337.txt	0.0613863009507988	-1.0277693924975124	0.02981454406433623	0.07171794349016886	0.0005682842969368452	-0.12618942636293506	-7.69963110359992	-3.1116761332864944

drug_338.txt	-1.84448127765562	1.309400122459306	0.02748976672730638	0.04285175945087227	-0.0011323018773991235	-0.04683102670028863	-5.050359810281852	-0.9347515313146254

drug_339.txt	0.116326259434126	-1.0510561264661584	0.034984115607918614	0.07838805503546309	0.020632663585311416	-0.13146200172701084	-8.382116702102527	-4.2364603026077186

drug_34.txt	1.76002341160916	-0.9172722202915656	0.01695802089101922	0.03419725235274673	-0.06737262485863356	-0.1752592632268955	-8.031678751203911	-2.318740627060009

drug_340.txt	0.0426681436980174	1.0679862197623278	0.0508369412873807	0.10343796119701992	0.020237136599443394	-0.030702038932405903	-5.608342873757473	-1.6824183151889136

drug_341.txt	-0.000962345527493969	-1.2239526221737365	0.026946845203061925	0.055312768886921215	0.019053022999206113	0.0525792667046125	-2.6199367606171293	0.6505041982923946

drug_342.txt	1.79211389377209	-0.7761587061351471	0.15815970584911118	0.6523129285596287	0.014577595012073574	-0.0156353450218434	-5.55843736938705	-4.237169714857067

drug_343.txt	-0.147941876231438	1.171453499290673	0.046273224714769134	0.09588995246610366	0.011944894848518156	-0.028482841156363597	-6.0311971869377965	-2.409858652036719

drug_344.txt	1.74903988689623	1.0819225565603028	0.030854235639234395	0.062007823570978726	0.017884212451021203	-0.09067733359205765	-7.615766232350215	-2.843265122124068

drug_345.txt	1.73329805249336	1.0097055305986704	0.03459097351946058	0.08808289290764182	0.06161741744033404	0.07144719623491322	-3.0673553944283922	0.5149290805607347

drug_346.txt	0.0566442697955634	-1.1520156637314631	0.026645120395343447	0.04544118023886751	-0.0074465562071854485	-0.16092515407702865	-7.986602518671973	-4.431291000322315

drug_347.txt	1.81343191673764	1.1571831874639709	0.05515425327213924	0.09934526710331099	0.017022033476981745	-0.09756691842311523	-6.5575560159188795	-1.8594782677218376

drug_348.txt	1.8960693427125	-1.0154572238423714	0.013524974505997045	0.035381351276450035	0.013219680322631969	-0.11847180628419934	-8.6311853749841	-4.395993311889497

drug_349.txt	1.84061390797843	-0.9758392970413179	0.021157711006430935	0.0	0.0019473753475882077	-0.03252318720789182	-3.8586245434225592	-0.1995593265339365

drug_35.txt	1.86574166349962	-0.8906269270793112	0.03449334093187284	0.07354481007830355	-0.04335706623980798	-0.1564400684718044	-7.445678642170492	-7.4316376032987295

drug_350.txt	0.139902619327321	0.7736313049042062	0.038528035641650055	0.0	0.06781668124305866	0.17034598122296926	3.2032564647731196	4.460884958831661

drug_351.txt	1.80234448284783	1.0076492130306203	0.019098945788068034	0.0	0.017075406809370742	0.09471552333963834	0.3522142870123026	3.3339398154158717

drug_352.txt	1.93517207073429	-0.7992757443389723	-0.011433203774310799	0.0	-0.05863422455579679	-0.16792156090113722	-6.543513420196623	-1.2164694743788755

drug_353.txt	1.81809768231692	1.0910317201803226	-0.013558265644499787	0.0	-0.026981426268187135	-0.09043001112942624	-5.135083319704156	-0.15024109711784886

drug_354.txt	0.118862324826838	0.830768750765078	0.012491718965342319	0.0	0.024716738464204868	0.12877702444052602	1.7709707608715404	5.863397829543631

drug_355.txt	1.87950557048467	1.1455706648854735	0.008201413953298597	0.0	-0.009067923474477674	0.0042471156945923395	-2.70118937287612	1.992719500335332

drug_356.txt	1.87768147735607	-0.8705102918459322	0.003459359478296939	0.025750831714870026	-0.0019814083776266388	-0.016184405159936098	-3.1351832670046704	1.8772852010014196

drug_357.txt	1.80137276968586	1.2029069243073656	0.23331669491201915	0.7637986371953024	0.025912350959263884	0.14428211188891238	1.9439568227661779	6.996687195222421

drug_358.txt	1.84665484657054	1.0638145220678021	0.24965293363716767	0.7532885040976424	0.02712935893487505	0.11266344370408535	1.09965654473096	4.434620671553826

drug_359.txt	1.78002795763565	-1.030880652942087	0.023969667912402015	0.0	-0.009890822490239577	-0.09480130563902711	-7.034327354667539	-1.4557314037044264

drug_36.txt	1.82557508410042	-1.0624983259863643	0.015437406249545982	0.035468320979523515	-0.05343453427334663	-0.14065961137326188	-7.382375656472042	-2.6297729150470777

drug_360.txt	1.82493742270633	1.0743098334554446	0.19683428880638368	0.7190975902442512	0.056200464771111645	0.1552170749768275	2.347039742681132	4.548772775625186

drug_361.txt	1.90601580513269	1.1837856217690377	0.013839454321114442	0.020879170050636275	0.0005280478991678346	0.06776279777352069	-0.4123734758036672	3.436653087888131

drug_362.txt	0.155106642560763	0.9957811583122361	0.25830386183965987	0.7562585337054637	0.05268907072171257	0.12723092457815727	1.0474022787984518	4.75121257773319

drug_363.txt	1.92104326394448	1.136021941683827	-0.003436762832181278	0.0	-0.02367361974145666	-0.1278096967577278	-6.841315488197132	-1.226039014600209

drug_364.txt	1.8923095352692	-0.8617604328848989	0.02532133460212789	0.0	-0.030254121792975576	-0.12837598615592624	-7.230923694779117	-1.4599132304463254

drug_365.txt	0.0677390097993787	1.1435229197434091	0.0154765985072714	0.0	-0.01630834854195017	-0.07427299430215893	-5.361663849970016	-0.26924728405212117

drug_366.txt	1.78774321401936	1.1381385347105772	0.021365698297045682	0.0	0.008297316056556281	0.14261639008982221	3.288838612368024	8.078185434057755

drug_367.txt	0.143973342510838	-1.169227226400493	0.02292971185597384	0.0	-0.005756639310414312	-0.1454199212491071	-7.45150738701412	-1.3376876614260418

drug_368.txt	0.13538622318982	-1.1887290245746445	0.008394416791951798	0.0	-0.016280966855852834	-0.056693708830658926	-4.862181758709045	0.2916058199401748

drug_369.txt	1.81287868154978	1.1331273355033384	0.010254526197110009	0.0	-0.002244082343396711	0.008773083063615295	-2.398199131367097	1.4392203486837343

drug_37.txt	1.85400926210171	-0.842424691062327	0.022102554493458243	0.045188447062757986	-0.048025323647948794	-0.16971753295024467	-7.708453724399862	-1.8470027238260993

drug_370.txt	1.77825744267638	-1.1247809346249484	0.006963163905349554	0.0	-0.03650236673029735	-0.1268789260803788	-6.034268294899054	-0.9560258075766093

drug_371.txt	0.123020219350051	1.1989028809035809	0.008469408820366647	0.0	0.04525941104324414	0.17428000959701193	4.728252376019917	9.996628623726679

drug_372.txt	1.87378731859421	1.1579039427769056	0.011645103445708266	0.0	-0.007116269946616558	-0.12284534048878971	-6.60632575551073	-0.7543629245096036

drug_373.txt	0.147833000178808	0.8156746468395367	0.009042026354349364	-0.14719064601933174	0.039919197215730125	0.09712336924098985	-0.8066337749186793	1.4352918121155456

drug_374.txt	1.87633349932312	-0.6662472140279246	0.00012281133820540857	0.0	-0.0791402499645026	-0.15335962911783121	-8.5078549492086	-3.443402850182668

drug_375.txt	1.92718405276125	-0.5953430764525072	-0.20189109212458042	-0.7589594470040444	-0.10635664197704608	-0.21589662886972813	-8.528766650311654	-3.1370739855761767

drug_376.txt	1.85993492645072	-1.1082304445117095	-0.2388854350266443	-0.7728182661154224	-0.03161936388972028	-0.04082222264879965	-4.252362390739428	0.9754239472231571

drug_377.txt	0.075218067208131	-0.5843786124013982	-0.1943272383445545	-0.7534946509199079	-0.08043549101061721	-0.1323477162536524	-8.200576059895692	-3.1869195233294545

drug_378.txt	0.0808193892302325	0.6978099730580692	0.06746197164959078	0.3857182571648896	0.05788004077674333	0.11322550235263211	1.1653855239964381	2.665858551960648

drug_379.txt	0.0882083058552949	0.6073079297012982	0.2967464562046026	0.9497818219851946	0.14272938770845733	0.2517879205609403	3.998355412600629	7.854613350807526

drug_38.txt	1.80944927281735	-0.7998572298157824	0.01765793242923147	0.04187492832427181	-0.07419031052667158	-0.1892676579633014	-8.014415126569627	-3.1254740701478525

drug_380.txt	0.0828387286421672	1.089133475227288	0.08174029026061061	0.16111122810817058	0.053573105486754986	0.0637077428422115	-2.2151683657707752	1.144549744732251

drug_381.txt	0.103955737339647	1.0728054892775334	0.06590282743880985	0.14710474463752365	0.08805582427172831	0.20084524806120135	0.8168283995711352	5.199455756750485

drug_382.txt	-1.77773546142062	0.6242744187542388	0.29789942060987756	0.9007899785077933	0.062488225901545694	0.09749444694701896	-0.6906085881989497	6.056095015002644

drug_383.txt	0.140351144229313	1.012080227034014	0.05132075344954834	0.09951459430056098	0.0626101037506116	0.1259266099307796	0.5251231169019971	6.203716562598982

drug_384.txt	1.75906911989739	0.7200459151474303	0.28937763064409006	0.956322870375768	0.15043749297107206	0.22995500227087504	1.520198440822112	7.3338321581749515

drug_385.txt	0.0626466483415654	0.8755515030997938	0.028651120713137995	0.06729708766930964	0.047478469585076406	0.03798819698924722	-4.444951752712206	-0.39532664058772793

drug_386.txt	0.161470780564284	0.8883627417511851	0.062194155814116706	0.15469256884113464	0.08497181226134308	0.14592095644882006	-0.33409656726453324	3.5448652130249245

drug_387.txt	0.138982145096433	0.6085504947276292	0.24734074243084264	0.9383996373682764	0.1376742274615846	0.2242470531851572	2.2941767068273093	8.106464536247843

drug_388.txt	0.0978190074750946	0.8639231899107946	0.05470503861363972	0.1295892318871839	0.07029932407920021	0.1758191013680462	1.8440549528430463	5.604567001538699

drug_389.txt	0.0796820814990608	0.9190797392227117	0.07047284955091478	0.16173647487932102	0.071087103385446	0.1279681228160852	-1.334778026131676	4.068720789265483

drug_39.txt	0.0280871055419438	-0.7667404962182569	0.006551935372601125	0.004929764252319557	-0.07377230457825386	-0.18964638704256923	-8.075033164331535	-3.209697618335541

drug_390.txt	0.173995414665763	0.6050151354552299	0.22901653749556106	0.8937460566363761	0.14757784112694314	0.21201346706574611	1.8397890203347327	6.659902586151561

drug_391.txt	0.31723187576359	1.0124458403182564	0.06393171332844896	0.12011747005942885	0.08001235178397866	0.15909502511653886	0.3181049991822494	5.264559762030531

drug_392.txt	0.140080497567726	1.0854699094042983	0.09035186999345249	0.1822834206832465	0.09167074805906118	0.1370012133006801	-0.6068618364862164	6.2251256384179

drug_393.txt	0.103557650259741	1.2104114359497808	0.07968725427083939	0.16199184438911035	0.05052420507947834	-0.019559503643282405	-5.249632012211743	-0.05979781294974813

drug_394.txt	0.128914352049162	0.8789807705655438	0.08749018505165534	0.1703380780374863	0.07276078486472526	0.09019866254316393	-1.5306383906667393	2.2089541010870164

drug_395.txt	0.144694629002154	1.0040738412403258	0.05464559368822525	0.09245326038383461	0.03551394814326828	-0.046178530265897556	-3.9744407494230316	0.4139218440135246

drug_396.txt	0.210690372229418	0.5582803912703624	0.26019362976819704	0.9925567464653405	0.15385123216244537	0.23336696271906138	2.814961202275164	7.503718659081308

drug_397.txt	0.124524883620226	0.990402303738066	0.08824843310901806	0.17244954987651184	0.06324508372232451	0.03405635755888314	-1.7206109505896892	2.7054213133080145

drug_398.txt	0.131164923560316	0.9232813418543802	0.238200753264391	0.8677115317333151	0.10184803874835618	0.16880163531391357	1.482572825237602	5.599841473618846

drug_399.txt	0.0762513589478854	1.0439327899884576	0.0511406836088866	0.10946038039894684	0.05957538673111692	0.17777367836666305	1.0147058823529411	4.363271550342542

drug_4.txt	0.11881845609848	-0.5130759363902807	-0.22432424425366077	-0.8061044811018242	-0.12731500204702406	-0.21499345466918912	-8.619700521543185	-3.0506095028639635

drug_40.txt	1.75201225760845	-0.6712063698997011	0.01999259711769058	0.05256017952073688	-0.04237097308669687	-0.15290816854220438	-6.530838285267768	-1.6573973833551026

drug_400.txt	0.137555337938749	1.142108262653622	0.0317916961377796	0.06362404717712034	0.03745786006315891	0.042976029828022816	-2.0546666303221937	1.2042232764414664

drug_401.txt	0.0950979713570422	0.814294615360055	0.0006813223735061408	-0.004057919863453219	0.06168307853044259	0.07012841933887135	-2.5685229606207636	0.3702076434061229

drug_402.txt	0.0317487183858359	0.8557291443864602	0.06556440476996367	0.12239283606532259	0.041128427490426875	0.018863195046956337	-5.1562903196496395	-0.9858601014688987

drug_403.txt	0.246586527995768	0.8297468609223999	0.09181819598252469	0.22104937787121187	0.12786659528006938	0.22645693225307031	2.2969252575914516	12.513394292653926

drug_404.txt	1.75133072748601	0.950547722634097	0.0803054478499941	0.1634893750438795	0.09299981383800113	0.1820437842386416	-0.27275618310345456	2.6852368730963634

drug_405.txt	0.0975577284479785	0.7415266233178772	0.21000458433158076	0.7751631143295266	0.09999878431817275	0.08250930322530327	-2.9072943357138965	0.8813145889965527

drug_406.txt	1.71483547037168	0.8911744884909332	0.08390330248815825	0.16481367480152498	0.1085086979948911	0.22844402776333317	2.647095168002326	4.643710798568934

drug_407.txt	0.0656121081535591	0.7562484138101377	-0.005383287152658414	0.0	-0.016238970551458124	0.06780031856948425	0.09707608715404605	3.606055607178546

drug_408.txt	0.055477310350264	-0.9160122746982245	-0.0031392096312462536	0.0	-0.030729670505613867	0.02668445919718541	-1.8206854567591633	3.36138621573121

drug_409.txt	0.0420474551330898	1.1892929655245967	-0.010606131916495953	0.0	-0.029742259061453086	0.06403653160666085	-0.5904659361427611	3.332555599356466

drug_41.txt	0.0513351282447317	-0.8224167162324785	0.016162911465284896	0.03570303370286504	-0.07115359059902031	-0.18232245862545982	-7.1014419669628746	-1.7500269367023178

drug_410.txt	0.0833355230312426	-1.1590360114089582	-0.03756473181587883	0.0	-0.04712062867812024	-0.0016884058930398543	-3.0087681040905703	1.9835729708500234

drug_411.txt	0.0615182489423759	-1.0264755951188114	-0.04576328981017455	0.0	-0.06602927428748298	-0.08677420243780924	-3.7292382198477165	1.3896214081041807

drug_412.txt	0.0500853982184617	-0.9582127335267536	-0.03292930299318844	0.0	-0.06942880639931037	-0.054421668390407914	-4.63562848679787	0.9833613910003864

drug_413.txt	0.0442940851880074	0.8036844270634491	-0.007865756479425917	0.0	-0.03743772933591567	0.021217643826598978	-0.4494630104126915	5.2866283550284

drug_414.txt	0.0389520981685367	-1.1489158177047207	-0.022450795800199735	0.0	-0.05549430214346097	-0.05538259795608584	-4.485462210834287	1.0609118738470718

drug_415.txt	0.0416979793467694	-1.075845005737605	-0.002548907081528079	0.0	-0.01881618924935921	0.0024896171009485047	-4.506396627232913	0.48487656709453164

drug_416.txt	-0.00897600966970602	-1.032276991747349	-0.02586886973146607	0.0	-0.0825804584074582	-0.1834648530054231	-6.715736248160061	-2.2046930539608827

drug_417.txt	0.0485876448485169	-1.1033908198419287	-0.006483504660652256	0.0	-0.04964597211416016	-0.16863133639131944	-6.576168929110105	-0.8730488474394048

drug_418.txt	0.0351078645190108	-1.0269521168589701	-0.0329220861440358	0.0	-0.07211715276408416	-0.0966140299849941	-5.713696414617747	-1.7317078108709616

drug_419.txt	0.0247733662663899	-0.9953407905699212	-0.024514198127267017	0.0	-0.05645113240867818	-0.13377062226252698	-5.505737883661342	-0.09337598048083656

drug_42.txt	-0.0101526251487125	-1.1353433459908109	0.042605415136700436	0.07152863974062479	-0.04220074782903143	-0.13799096469501412	-6.969984008431918	-2.3778686669129327

drug_420.txt	0.0573744646188612	0.665874668764401	0.0012312260392087077	0.0	-0.011689661502307186	0.13838891420317426	3.9627378291446327	5.197698377924608

drug_421.txt	0.073450350789605	-1.0765725500655665	-0.028188159319568834	0.0	-0.03546869131330831	0.01846585575759784	-1.2337131330752875	3.1353948933395333

drug_422.txt	0.0539795569803191	-1.2086750287122339	-0.01464739072037563	0.0	-0.013991122749217145	0.04761865272577403	-1.9740545893983172	2.202865260022336

drug_423.txt	0.0498856977691358	-1.0092443996046814	-0.019056950904049963	0.0	-0.05989088769030391	-0.06904638447592965	-4.202038924930491	0.3619290009951536

drug_424.txt	0.0387024726068792	-1.0292585023550196	-0.035438738063623076	0.0	-0.0570662764612805	-0.036876320406304966	-3.38740936597067	1.0301718501793704

drug_425.txt	0.123269043802717	0.5576064629889468	0.041212075822861544	0.0	0.08087089399616632	0.17733743687489603	2.6112186301768157	6.316007091027044

drug_426.txt	0.0709041700606985	-1.2191195589861583	-0.017684052480547524	0.0	-0.03130611481594498	0.10943244539861635	1.3452634065674463	3.91607863727637

drug_427.txt	0.0686076148934492	-1.0866003804795845	-0.016512594319420454	0.0	-0.03692516157949173	0.020460406232477222	-2.8803312798706138	3.2020355440151533

drug_428.txt	0.0585227422024858	1.1468133313006126	-0.0022585000165706304	0.0	-0.016901816612347506	0.10951760080135509	0.9529202783986626	4.621158751155994

drug_429.txt	0.0444937856373334	-0.9570101319506841	-0.044585481733131316	0.0	-0.05876456697612391	0.057838252214491195	-0.35931054534881607	3.414234841791688

drug_43.txt	0.0544046040481425	1.188107726792078	0.05215956155979923	0.10273203949185145	-0.02107541634872076	-0.04975000365116821	-5.1608333787639245	-0.5639903665277072

drug_430.txt	0.0559765614735792	0.609528810095903	0.05357282000908875	0.0	0.05255190967520477	0.1326359477609584	1.0372076541459958	4.981716853160076

drug_431.txt	0.0425966313687364	-1.076442581960576	-0.0026277060484805603	0.0	-0.01692499896693931	0.12373800428780261	1.5798942375838194	4.354442137582738

drug_432.txt	0.0402002259768242	-1.0744687253673535	-0.004883350592429447	0.0	-0.023886888775105516	-0.03812292210648364	-3.5103627178396843	1.8858796195023397

drug_433.txt	0.0693564915784218	-1.1942755374717435	0.014513136000440074	0.0	0.0009710073587995111	0.013007862359259818	-3.1355376256155845	1.2899211119840606

drug_434.txt	0.148381375305463	0.9417446872661139	-0.034479259338661514	-0.07373657157225463	-0.07188604815244212	0.036235756014009336	-0.5760553526322485	2.1524729133939164

drug_435.txt	0.0921722679139185	1.1250182773208899	-0.01120450979321315	-0.02286431499693714	-0.0037982680432328626	-0.03796365695435027	-5.051968053208308	0.09418898349495014

drug_436.txt	0.0691928410336998	0.5506736765556203	0.2020358291076822	0.8423849248335936	0.08244961846875208	0.18403644327656385	0.5436269966744808	4.325567749446048

drug_437.txt	0.0029817383466948	0.802073831352462	-0.018047388534081193	-0.04206924492701258	-0.03516859620168544	-0.010508413143816802	-3.3744616474949574	1.5383278476856448

drug_438.txt	-1.76208656634219	0.6212638319711878	0.02413632264411089	0.05225489724518512	-0.0059177030342302695	0.08749805040944356	1.3092596630867361	3.9622126583201074

drug_439.txt	-0.0248265492219523	0.9384121704949941	-0.0122632441622193	-0.02848720969975327	-0.03279300554379342	0.004994595799622264	-2.956036816951062	0.9369485662288773

drug_44.txt	-1.83762445762251	-0.8858664590793626	0.021480246864650332	0.046169466808258564	-0.05991774267573637	-0.15847129837231275	-7.800123571207909	-2.414513797590662

drug_440.txt	1.89185249724899	0.6737844990232006	-0.017345046337557513	-0.05199433390875824	-0.02274013599272946	0.11472409720166893	0.5617992331316215	5.301968530491039

drug_441.txt	0.000228091751974135	0.6094804505678142	0.028932731371154152	0.07918141554920305	0.028199260757239095	0.1441957281226185	1.245665921604972	2.874498295433094

drug_442.txt	0.00527052809745587	0.795133461475479	-0.008765637365810292	-0.016294840153488255	-0.048522207124530946	-0.04714387143831392	-4.122862490686729	0.4218902252004322

drug_443.txt	-0.0407348327102841	-0.6934014030366513	-0.0831869936122445	-0.22373320346481845	-0.1511928726935821	-0.17475075839335116	-7.800418870050337	-5.199140479448243

drug_444.txt	0.0313761065718495	-0.8202966886831382	-0.03679553174595368	-0.09679947816551482	-0.07995581956557617	-0.09064237127261637	-5.263288447909284	-0.1677499096883133

drug_445.txt	-0.0169729359747287	-0.8339372592589729	-0.05437554582877163	-0.12704667977629897	-0.09950708133050604	-0.10424991860828535	-4.485371349652001	0.17422103782059295

drug_446.txt	-1.8418628368957	0.7297846365153273	-0.009856819955165408	-0.021174573271924624	-0.05005855339272991	0.002649002960552704	-3.2161133220665468	1.066231079867513

drug_447.txt	-1.86193273205297	0.7409025939720084	-0.025890850840990576	-0.06719333667600513	-0.054777222662982586	-0.048185242412141574	-3.4719693252648605	0.9728452329301609

drug_448.txt	1.85920147378419	-0.7892173430366622	-0.017297852592158866	-0.04747208516628859	-0.0653125955113974	-0.06827330734227857	-4.289620018535681	0.14856409029751363

drug_449.txt	0.0434210793352119	0.6107551125516326	0.020655073901850035	0.07207783946742868	0.018384499217182312	0.10190320314887345	0.7829053771647677	5.2772978650087525

drug_45.txt	0.0893050027013395	-0.7193995439880525	0.011905118675013093	0.02187662082520031	-0.07023338032090132	-0.18510811847026143	-6.4412627887114065	-1.2982037704313496

drug_450.txt	1.70333527308524	1.0795308978784786	-0.01439905544226494	-0.03147685113203125	-0.04307829600541927	-0.03728251770849269	-5.448699776481492	-1.4125759612634674

drug_451.txt	1.86773866799288	0.8934407589767059	0.021478702147634726	0.047418678997225905	-0.00807364121275354	0.008974499138166262	-3.6015737156771883	0.9992852008307864

drug_452.txt	0.0401860623698598	-0.7542078904858796	-0.059212259279300294	-0.1732374933747023	-0.07296896153697716	-0.04067090157588778	-4.2985562158134805	1.5576712960683468

drug_453.txt	1.84672019570131	0.71618113736495	-0.00776816020693924	-0.018240313244057005	-0.04412006376082904	0.0333435811630046	-2.7062049101382906	1.3362998211592132

drug_454.txt	0.143208358194416	-0.9339864923808159	-0.02040193752509628	-0.04204209726283936	-0.054834375622229155	-0.11140897291146676	-5.271488669610569	-0.8092820020926189

drug_455.txt	-1.79593304736947	-1.0245112005524208	-0.049674304005783015	-0.11226813072233416	-0.06948262212303496	-0.028637494210985128	-3.4826773155972304	2.1414385773586377

drug_456.txt	0.0893930285572924	-0.9171398519911731	0.0025706672041820866	-0.008525318236883461	-0.03510778596626322	-0.05599120152641767	-4.634256482945356	-0.08361681774229715

drug_457.txt	0.136817943815983	-1.025976959548377	-0.010775726372863864	-0.026861034365554592	-0.03929511722377706	-0.06892718686141704	-5.274364426029911	0.1443600755976275

drug_458.txt	0.0362419784956711	-1.0408852538834978	0.013368555232435686	0.02760463143250158	-0.03758741239868552	-0.10626965937966219	-5.760812480691999	-0.9641598986697738

drug_459.txt	-0.0439977923572493	-0.8664576760414928	0.0018738455082894234	0.015649544291293005	-0.045548820426891366	-0.10881096490396117	-6.244366606698287	-0.9566065360860446

drug_46.txt	-1.79638631483669	-0.7242117499029859	0.03646973416487917	0.072691162773876	-0.03977181507773121	-0.1207802722237791	-6.7724835995565975	-1.9862016584785929

drug_460.txt	0.127248088073282	-0.988258758105609	-0.014750933114966447	-0.033163852160438545	-0.03557272404769178	-0.060025098059421626	-4.616665758054844	0.3774878447039096

drug_461.txt	1.7744286330453	0.9676700719984579	-0.019894151373722746	-0.04273424289599087	-0.060957685094400554	-0.07506612207049478	-4.772460884261026	0.9626248860609437

drug_462.txt	1.83605935769004	-1.112055308729831	-0.0033548356670299595	-0.011188339329103791	-0.05020393106080007	-0.0948044384861707	-5.053285540351451	-0.23024159568165553

drug_463.txt	1.83598629655004	0.9655681397115251	0.012519192185057176	0.03515263674074898	-0.028408790016797216	-0.058102273928873426	-4.627151138490614	0.43117614851499847

drug_464.txt	1.87048454917111	-0.9406461357749862	-0.008308738378873998	-0.018547359851569634	-0.050248495316523006	-0.08379088452799988	-5.160088317069182	-0.27365334478278264

drug_465.txt	1.83603622166237	1.0273645788748857	-0.012219682952465394	-0.023761301889474007	-0.0386641763164037	-0.047583102397084	-4.687542023296807	0.4503081782618296

drug_466.txt	-0.043145861011649	-0.9076137475743343	-0.03446940131433161	-0.07723037078160366	-0.026090290580311943	-0.04139006658980025	-3.0131476130767414	1.962652456959196

drug_467.txt	-0.072252201500915	-0.7309883188170994	-0.04436985911301117	-0.1139229896497092	-0.06090026367568077	-0.09161242389749208	-7.491854295008086	-2.4792489407908147

drug_468.txt	-0.0875292858743548	-0.6678616155276658	-0.20979419868875526	-0.8414866024094976	-0.031074088890298546	-0.073682104978074	-5.29055134565411	-1.2226347003806886

drug_469.txt	-1.81962382698951	-0.4924115663437806	-0.06761007313412737	-0.15031264456655563	-0.11165672161725383	-0.21332789028942803	-9.885646659034327	-5.203230200857216

drug_47.txt	1.70784395721352	-0.6602906772023778	0.0062581094855286845	0.008822514150087946	-0.05088871496056903	-0.1504279589338926	-6.501630958222028	-1.2082640255837742

drug_470.txt	-0.0106754609207284	-0.8928237371516106	-0.04028720410666056	-0.1245373168871029	-0.034539398827434335	-0.02907993167781415	-5.366924712424358	-1.8532630053633694

drug_471.txt	-0.000740363566759328	-0.5722187414201103	-0.04659033988165237	-0.11577257285348286	-0.09038200966039926	-0.1877254387935221	-9.472587181304403	-3.935105438619217

drug_472.txt	-0.0618487010605188	-0.6510583174231854	-0.04067001537221722	-0.12708958891549366	-0.062282380090496345	-0.14652052763204923	-9.134329171891185	-3.96907183028094

drug_473.txt	-0.0360873430974633	1.043405312811985	-0.0088806199434594	-0.014489673245673906	-0.023500709209013617	0.07279560819302569	0.22141507205291755	2.498036724992791

drug_474.txt	-0.0279994748997597	0.653590151928753	0.004964913999283421	0.0051319786513578936	0.0237173930682673	0.1517890699305711	2.706350288029948	5.994145181578314

drug_475.txt	-1.8926642663305	0.7241807900660614	0.0025384382831140084	-0.0053858648167999235	-0.00043483769582467174	0.11860183858174501	1.7969888604190518	5.488402778752936

drug_476.txt	1.77497780928094	0.6548784345263429	0.028189328584725323	0.08605563778990932	0.05505232091544604	0.14582885778069532	0.195138018135892	2.77934051464841

drug_477.txt	-1.79011808560159	0.7387976826163859	0.02952514081328768	0.060890561238438945	0.02365534459423098	0.143478546176778	0.9135364989369241	3.3059422174920243

drug_478.txt	-0.0167241115220622	0.7518105583024244	0.012829700194183682	0.02827752935772615	0.04282573250168364	0.11414964153975991	0.08716767522579004	2.378414883466802

drug_479.txt	1.79450624021178	0.7309935347618961	0.0006829646904411707	0.002099349025581343	0.026021361926633155	0.13186936270019928	0.8557306147667594	5.467062441913906

drug_48.txt	-1.88205780759755	-0.9341216901874019	-0.01631813131487367	-0.04007966876543584	-0.04569738717963015	-0.1884080045681233	-7.117656144941758	-3.1834143665813843

drug_480.txt	1.8174795038935	-0.7786134881467978	-0.012126828367444636	-0.025898717605453703	-0.02042812678011071	-0.1025769463606874	-5.823897399552963	-1.6934438423671543

drug_481.txt	-1.90309861480778	-0.8295519121763493	-0.011404624913188222	-0.02556570584191059	-0.02587644925146968	-0.06230271647278288	-6.074015519089935	-1.9571426280487776

drug_482.txt	-0.00635425765929631	-0.8419800800593155	-0.032959621574763634	-0.07326749649402964	-0.03585399754433753	-0.09930632363221802	-6.0848279997819334	-1.9589074649453853

drug_483.txt	-0.0144697694579226	-0.8042997744823694	-0.024886424530321846	-0.06380235021592762	-0.033814840915206715	-0.10003777836774487	-4.553017499863708	-0.12098336769964597

drug_484.txt	-0.0760465100381094	-0.8960276471338648	-0.02016778719716278	-0.051725372948708936	-0.04296364790597606	-0.09702589687972317	-4.973704773846517	-0.3410796881820265

drug_485.txt	-0.0533115068518317	-0.7338659073813609	-0.0033787041561818276	-0.00740741865008443	-0.03944304913347637	-0.1171763575681619	-5.914426938523324	-1.4519866221893734

drug_486.txt	-0.0192625802417469	-0.747186310710596	-0.23297990827468107	-0.8121204630303571	-0.05413941783425602	-0.11745995379333349	-5.139621835759327	-1.1678062852698485

drug_487.txt	-1.92811109608587	-0.6423745080041903	-0.2773982721747172	-0.9029909855181892	-0.10338674938585775	-0.18434009684175365	-7.399489360155554	-3.14903697347026

drug_488.txt	-0.0551278879712096	-0.7896260277755217	-0.03520416002478241	-0.08124204809416236	-0.07280375413168867	-0.17304483758059705	-8.093723309527704	-3.2015155372994233

drug_489.txt	-0.0801902943616239	-0.8741764066710085	-0.04544196082748604	-0.09584774876766694	-0.07982283123208316	-0.1552291284882568	-7.7150865907067185	-3.874013754485139

drug_49.txt	-0.00440477495139402	1.2824391284189913	0.008880544162360254	0.01810623498480124	-0.006637256692653119	-0.10159669631154325	-6.267413545585055	-1.18976403584822

drug_490.txt	-1.91483101620569	-0.9468561376592193	-0.03484287587989737	-0.08351499579907923	-0.06875175772299914	-0.1291856741257048	-5.88839520979847	-1.273207887579901

drug_491.txt	-0.0205606331623659	-0.7907308516087368	-0.017213708257166754	-0.04255895446565633	-0.03621280699007918	-0.11985967290292246	-7.233363317523487	-3.0614618095504222

drug_492.txt	-0.00488414789027403	-0.7195308224431483	-0.021073592929384793	-0.04389738985558711	-0.05548956743040822	-0.1334682688594076	-8.384656272147414	-2.233554389034645

drug_493.txt	-0.0281991753490859	-0.9925553037543804	-0.009998221828326714	-0.023256476718894692	-0.029955681276919947	-0.05826208784348625	-4.380849188609642	0.24963677646224727

drug_494.txt	-0.0351387659631647	-0.6761735004356775	-0.04293612204617532	-0.1533543892995401	-0.04702954294891026	-0.06445750034301578	-5.316487670137564	-1.8634812636695433

drug_495.txt	1.84298352428567	-0.9332084859795204	-0.014742840036091803	-0.03093131851753267	-0.027973317082439966	-0.09334689251900513	-4.9786657943993164	-0.9006296766890185

drug_496.txt	-0.0552277381958726	-0.8632802477057413	-0.024659822820451704	-0.05813352637180674	-0.0702553584447878	-0.1188808715664578	-5.894169437932726	-1.2795130193243176

drug_5.txt	0.0853029398990944	-0.6342427547186795	-0.26579347840385226	-0.853257340215319	-0.09418157585460833	-0.22872988383860782	-10.767913282087626	-3.944968210969639

drug_50.txt	-1.83138381858107	-0.6946777356320943	-0.010910678671068513	-0.021117236632475667	-0.026181274273779143	-0.16125939749646379	-7.550736884188337	-2.7429995364900823

drug_51.txt	0.0910711169018829	-0.9260063517742312	0.024327053642549112	0.05599630010419132	0.013922642806901708	-0.12802090876954644	-4.984326446055716	-0.6437575298826866

drug_52.txt	-1.83368037374832	-1.0912794474075	-0.020001602786816564	-0.04078030826633916	-0.04250476316254975	-0.137863520319297	-9.313248468989078	-3.3123069311549127

drug_53.txt	-0.00287252048756137	-0.9896469505921519	-0.027683423751334924	-0.05262969342964613	-0.043140951491430074	-0.13944062692709966	-10.197668502062548	-4.201554841313758

drug_54.txt	1.91899633433889	-0.7525642588031003	0.014585764378110128	0.022250928476755527	0.0013500586722924104	-0.13350489010033673	-6.581407076268876	-2.307665001329252

drug_55.txt	1.92838225545721	-0.8847237596623212	0.026576595620363047	0.0585003362253953	0.019633956360195517	-0.08115580935621555	-5.768885496738084	-0.7729165082697363

drug_56.txt	1.86321090678915	-0.7275626208940678	0.004301291119160999	0.005770419589777198	-0.027367967958771992	-0.14039308788973864	-7.876742263170328	-4.220080074722327

drug_57.txt	0.048285295633785	-0.7841858044642561	0.025951931986522347	0.05636797275045469	0.013769865269579691	-0.11288000884343355	-6.172504497628523	-1.6674775090603042

drug_58.txt	0.0727985257885529	-1.027446995254544	0.04066828906936942	0.07999541464739424	0.011878033446842705	-0.10267026677100999	-6.499323084191971	-1.309309017446031

drug_59.txt	1.89662988401437	1.0984498439791572	0.029858571697103042	0.05769560793495515	0.01989504074715015	-0.0858635111269979	-6.174058223845608	-0.7659716695157301

drug_6.txt	0.0811672093913046	-0.5963684594345166	-0.21832079375369506	-0.81263300496882	-0.1138187056387519	-0.18616790861206495	-8.401029457195296	-2.54733813799369

drug_60.txt	-0.0476399222304754	-0.6774262114012914	-0.0020933326085011417	-0.011985593925156857	-0.02625756651066252	-0.14426491426287438	-7.367397190572244	-1.7564614789055033

drug_61.txt	0.137367461858133	0.9521609992649802	0.061169747430445204	0.13265575384645317	0.06615146595835568	-0.01761251769291991	-4.768935470388341	-0.07609566383548312

drug_62.txt	0.132075399950993	0.9222805831384284	0.05656696131868241	0.11204713610973815	0.06763301041878547	-0.025945877573326656	-4.499313998073743	0.9735068863550481

drug_63.txt	0.0113374012579762	1.079033850631276	0.02704502816739962	0.04885664791738842	0.023003956854408602	0.018139017357997344	-3.4904050591506297	1.5303839246938828

drug_64.txt	1.77854562828415	0.8820970205947702	0.07087018357262997	0.13801386718534175	0.04379284252650273	-0.00685563999386759	-5.201534645368805	-0.7889935747758007

drug_65.txt	1.86154795406377	0.8914562106346682	0.07225494622747897	0.1387112473361286	0.1123017598339019	0.18430872940594165	-0.696619055407149	2.5783330415509673

drug_66.txt	0.0715316093040583	0.7481782964096783	0.07269476855260784	0.15746301086109876	0.12186301024540507	0.20940999642240568	1.0687910011085064	4.064085901990666

drug_67.txt	0.067049714260445	1.0302047743260614	0.03389824084292861	0.06308326711823992	0.06368045499090849	0.059032790522241675	-3.778689418306711	1.1409163839205179

drug_68.txt	1.84024535511666	1.080114994638854	0.05257986093160946	0.09662595320236894	0.052494802785547245	0.1078114390024894	-1.0591324574315362	4.368560189382758

drug_69.txt	0.0803372177506099	1.0576811361787066	0.02944841381530941	0.050706517187721734	0.05983290688654736	0.0895734886201426	-1.4212960439041233	2.575930671801114

drug_7.txt	0.0811749214005266	-0.5116443284030601	-0.22259016222114913	-0.8311360595225064	-0.1302032558300011	-0.21737191309285192	-9.327981609696705	-3.6339655812173897

drug_70.txt	0.129029968098772	-0.6279184674707667	0.01602493955248216	0.04849792234555861	0.03078075590390177	-0.0603127673242746	-5.114198876955787	-0.3078781656006179

drug_71.txt	0.0613505394454318	-0.6495364022710762	0.015911217544176195	0.03536536132750118	0.02454925189592005	-0.06703668357662264	-6.277090261498483	-1.8947972996432825

drug_72.txt	1.79730975851157	-0.5901626453909761	-0.0044268172061720235	-0.015680476975515223	0.002503097820914869	-0.10606682863809701	-5.9832406549274015	-1.8012938930667408

drug_73.txt	1.89847711317064	-0.6326989768558339	0.00010813910474954946	-0.005180948770022342	0.022947422533048743	-0.06921382643908522	-6.135610314561413	-1.2610846694085673

drug_74.txt	-0.00924991417452348	-0.6685722368904425	0.012024823842033128	0.018986196917645082	0.01206091112430637	-0.07588062333378663	-6.048424467099166	-1.1067191308057343

drug_75.txt	1.82838225545721	-0.6481243328245743	0.011292795878164924	0.027280052076899708	0.02620333513983953	-0.07648099369764677	-5.853949735593959	-1.1088110458398297

drug_76.txt	0.0690889318568148	-0.5899147168373802	0.004527834869264752	0.006380071653828645	0.010270505392670803	-0.09606312558828642	-6.249136818768286	-0.8201063813226839

drug_77.txt	1.79839268696442	-1.026247809971791	0.007321507754467049	0.006271347674909222	-0.0022169859970564685	-0.1303320476484395	-6.93303985171455	-2.6597985505557094

drug_78.txt	1.88644516109875	-1.0239691995190037	0.05374926957781123	0.11999653319757891	0.04541891149573556	-0.06794213703315076	-6.943043667884207	-2.041391975537663

drug_79.txt	0.0499827494530561	-0.5443739723799046	-0.061762797321408824	-0.15355887497844967	-0.07821012429019308	-0.18151468952672112	-9.617215468207672	-4.835266790913222

drug_8.txt	1.80424163711643	-0.5432839391684066	-0.24032117917931142	-0.8416376864431356	-0.14523815175438493	-0.2029622248579823	-8.125479292736557	-2.6374356887909083

drug_80.txt	0.131576148827678	-0.8533738865293767	0.02137210630449876	0.05451096691916546	0.023948423702320937	-0.11124208737568808	-5.9809282378382305	-0.9786439538017949

drug_81.txt	0.139314541239061	-0.8852340172987991	0.032188870420660376	0.07311586873654619	0.02587257054716651	-0.11387541855699905	-7.161923712951353	-2.417121755878253

drug_82.txt	-0.0755935309701258	1.2399662680242436	0.04092222745318819	0.07503536237648173	0.01894641667663037	-0.05985683730507384	-5.60111940976576	-0.24822004153945718

drug_83.txt	0.00822302062524527	0.9346122212641896	0.04813015372419699	0.1003728889685826	0.041851433196465254	-0.0575250810450236	-6.1020689091206455	-1.0415229056762263

drug_84.txt	-0.0790257916505644	1.1322168085523687	0.07693022051174545	0.15068248157263164	0.05946818108554997	-0.0304860848352631	-5.432344763670065	0.05313973405295265

drug_85.txt	0.00652556680597416	1.0591096005576586	0.05528358951159734	0.10394726495443712	0.059009735773816255	-0.06210876741834194	-6.24085027894383	-0.5284863108296741

drug_86.txt	0.0203048978094689	1.1028223319046784	0.051109005883851505	0.10121125102012818	0.04056852210499158	-0.1273324885236454	-7.954265023896491	-3.78089794140609

drug_87.txt	-0.00485735880560845	1.2167773714418146	0.07343688349336497	0.13888792456369886	0.044792491482511604	-0.05315326883629866	-5.821230623852878	0.0018172086334287151

drug_88.txt	-0.0672982503138745	1.0620031215607855	0.07967040604962367	0.1497370690237011	0.05703316224780314	-0.004996204260347831	-4.101269330716531	0.6478098836525886

drug_89.txt	0.00392946096473601	1.1610008363585556	0.050674544156121076	0.08780299664588714	0.04284920648970768	-0.050376531430484046	-3.3613549219502445	1.1082043194628568

drug_9.txt	0.126374227704229	-0.9456954196935892	-0.26125995684451897	-0.8070343349848422	-0.06534203642771681	-0.10172553452575085	-6.391598066474041	-1.6418077888166653

drug_90.txt	-0.0197695433742839	1.2260908738224336	0.04411397309066503	0.07259951891528182	0.03384694200261285	-0.0023053311325780573	-3.3298578931109053	2.8868364521251024

drug_91.txt	0.104755852955697	1.0718319655389066	0.09840610208617218	0.19581975717604228	0.07790922475330646	-0.06907426282902521	-6.832302058914391	-1.3576668206983855

drug_92.txt	-0.00166215161639227	1.0911252834490242	0.037115074250068825	0.06905619544957625	0.04615769844845324	0.00033915091888717406	-5.844354794744589	-0.04442069052179969

drug_93.txt	-0.0451315004386873	1.2049220163779768	0.0512512085316599	0.09682602886075947	0.018601784439011587	-0.01115604261794422	-5.670746333751294	-0.2762189335780926

drug_94.txt	0.0213533251684305	1.1242267424657502	0.06342294903298054	0.12177547264456912	0.058691705525019344	-0.059511442099367505	-6.505701539188428	-1.7100159824852892

drug_95.txt	-0.0161404341925281	1.0731170686600415	0.057781842291134256	0.11254032461076247	0.08357350396069398	0.04433732655568776	-4.818036853295535	0.32975326448952197

drug_96.txt	-0.00236110318903326	1.1261321211096038	0.07374898902351401	0.13879551405926804	0.05279093355700425	-0.03508739321869326	-5.992390375983573	-0.8419607339860056

drug_97.txt	0.0194062457875019	1.0525307245780264	0.05412617416765758	0.1123351684826025	0.04780554774691839	-0.03475258752913746	-6.512970433771284	-1.6314650705606568

drug_98.txt	-0.0897337028261629	0.8664287508885673	0.026563803939638198	0.05106947897696812	0.048795546987537054	0.029859984335741316	-3.8613730941867015	1.074215255498193

drug_99.txt	0.00338028472908958	1.0262823679868005	0.08222658316946219	0.1537286955903851	0.0679925872851675	-0.06558642175075502	-8.009776663213941	-3.325329707704747

