	SScmap	SSfisher	SSlincs	SSlincs_Norm	SSpearson_corr	SSspearman_corr	SSzhang	SSzhang_Norm
S1.txt	0.167052896725441	-0.5779745441827184	-0.2389322873604892	0.07522450603920794	0.07845894275350504	0.44696356275303645	-122.73846153846154	0.6785697972222771

S10.txt	0.100420987781086	2.481836149513302	-0.2336245644337865	-0.07634365718716263	0.05761853895876914	0.270817376080534	-156.81511470985154	-0.4509749878132562

S10S1.txt	-0.0430327868852459	-2.3676924129933097	0.1402866159119691	-0.22494672289358908	-0.07867728446269251	-0.2307692307692308	-212.18536585365854	-3.392178976182913

S10S10.txt	-0.120765487553809	-2.5542886725761322	-0.14177164583615035	-0.01472168402438262	-0.026237083912808365	0.007894736842105263	-126.29102564102564	-1.5125250706014626

S10S11.txt	1.76206417579674	-2.5627103680804315	0.21445605270471313	-0.02541053757092926	0.07167816987007362	0.006275303643724696	-154.48846153846154	-1.5812581482995858

S10S12.txt	0.308414539829853	-0.6725550379171623	-0.29612846133436665	-0.17040653263969796	0.07035433932704568	0.3084427767354597	-85.92439024390244	1.0166733050749817

S10S13.txt	-0.150435026662924	-2.9549814129646608	-0.38145723972472123	-0.8750389843752623	-0.13456409631973107	-0.14716599190283403	-154.03205128205127	-2.1022676980653867

S10S14.txt	0.078136084636501	2.621348116013487	-0.17374705450304245	0.07242029013709489	-0.20982378373054952	-0.3151969981238274	-154.2987804878049	-1.0391483134390858

S10S15.txt	0.0214770274437249	-0.6781933764039193	-0.23264904590015728	-0.029507564302539646	-0.2122951491879809	-0.3318949343339588	-110.10243902439025	-0.057957540264636113

S10S16.txt	-0.0509118541033435	-0.785940789884188	-0.1771459312308205	0.1278258300552262	-0.22394583601377077	-0.35566801619433197	-79.75	0.30789972980027774

S10S17.txt	0.122652256912371	2.732939976841207	-0.19384446035838213	0.006589001996066268	-0.17511814089830446	-0.26829268292682934	-128.10731707317072	-0.077670159458277

S10S18.txt	0.165006150061501	2.7565684977076503	-0.15368931766441207	0.06386745218259865	-0.13260331556855293	-0.23765182186234818	-135.43589743589743	-0.24315504606782082

S10S19.txt	0.0935480412876352	-0.5138215317050066	-0.2571665065738802	-0.10942050270295806	-0.2121441560221045	-0.37992495309568486	-123.03780487804877	-0.9462830490004744

S10S2.txt	1.71483094502201	-2.4831666684157763	0.18337142257635214	-0.1210204700646379	0.08781312539247682	0.050844277673545976	-218.64878048780488	-3.8545238557947856

S10S20.txt	0.107318459789189	2.666478574258987	-0.24910443989262493	-0.034066134087596955	-0.1376163486568396	-0.1530956848030019	-117.44390243902438	0.8780444351402531

S10S21.txt	0.0635159310323555	2.614220616411002	-0.17841035009068018	0.04001734533962653	-0.12420778367915875	-0.19838056680161942	-124.96410256410256	0.8361596763026389

S10S22.txt	0.0755838934413651	2.6239605494206097	-0.25814073388587155	-0.0655950177183463	-0.19086215923605648	-0.2894934333958724	-133.7158536585366	-0.07545199533692887

S10S23.txt	-0.0178670360110804	-0.46712680099891624	-0.2315448819836731	0.016960994657423956	-0.17765835746414302	-0.11619433198380567	-94.99230769230769	0.4688772975041631

S10S24.txt	0.0490576496674057	2.506685454406557	-0.24426519961362936	-0.08790765066880135	-0.17456533596225024	-0.2026266416510319	-87.65975609756097	1.6656400253857928

S10S25.txt	0.21447809893188	-2.98997595048499	-0.23891646795791083	-0.16674863556042846	-0.17773722598059216	-0.3366396761133604	-130.05769230769232	0.10009077168795122

S10S26.txt	-0.206390248407055	0.8401952954164362	0.19772119563623036	-0.03271909668840489	-0.03287082409388489	-0.17992495309568482	-221.43048780487806	-3.2913069192131914

S10S27.txt	-0.24325073964497	1.2172239133108773	0.17150910967720615	-0.09515367239652928	-0.020178427032368593	-0.17550607287449393	-235.03589743589743	-4.2540093138945485

S10S28.txt	0.255020920502092	-2.382026449049865	-0.4997654068685661	-1.0907613060997206	0.0031970526291807714	0.005668016194331983	-172.83076923076922	-4.194492322425111

S10S29.txt	-1.4711977274844	-2.34432832121186	-0.4943524391379803	-1.1197736772498308	-0.0026691401357892995	-0.0340080971659919	-193.0102564102564	-1.2615111140484354

S10S3.txt	-0.0401180485105598	0.8804444354895052	0.24545630816722155	0.21865966164345862	-0.01702439028343796	-0.20975609756097563	-210.5890243902439	-1.3940484190132605

S10S30.txt	-0.0794669980668324	-1.0771625190663068	-0.2017647932224248	-0.10388336918056945	-0.15139905607725673	-0.036639676113360324	-32.9	-0.9902504342831621

S10S4.txt	1.57441867713983	2.359249435647547	-0.03850600094273346	0.18040892307740802	0.01926243646426303	0.015384615384615387	-125.35609756097561	-0.6780212443269225

S10S5.txt	1.69891573729864	2.749528961626729	0.4906728918391864	0.8880672364310915	0.08816680186551017	-0.12195121951219516	-102.25	-0.2083783116108602

S10S6.txt	-0.0193042991700083	-2.82336091183811	0.19111299717311736	-0.017908967604091663	0.10047493394824648	0.053036437246963566	-191.84358974358975	-1.2064723350833848

S10S7.txt	-0.0436191887386553	1.0979965282404756	0.17779232141095253	-0.286476638177647	-0.0025353903638474957	-0.24352720450281426	-216.5	-1.6620950003723902

S10S8.txt	0.0672720764466026	-2.511726828023167	-0.4289042564145039	-1.0974125290227892	0.015132937460097258	0.08011257035647282	-171.02926829268293	-2.316354097854514

S10S9.txt	-1.47401166759759	2.993189707827457	-0.40325088554483	-0.8122031372367561	-0.17344161447401976	-0.29493927125506075	-172.5628205128205	-1.9306415054716204

S11.txt	0.217900850445966	2.388981002868527	-0.22934304144732176	-0.15337148086015706	0.10828502468304727	0.4502680818470292	-118.1727395411606	0.06744204087403476

S11S1.txt	1.70666290231508	-4.605170185988091	0.5121813450367751	1.1064501749414168	0.18922488855747296	0.1406061932377722	-58.07692307692308	1.6449878157774813

S11S10.txt	0.269530882767698	0.7417522427606504	0.2837676889878201	0.09562356439954145	0.07832390001506788	-0.06554327606959186	-201.80836707152497	-2.0340016091646964

S11S11.txt	-0.0187318535169054	0.7017469947117855	0.26875519919439894	0.018224797582488073	0.019272369573406563	-0.10789473684210527	-207.73076923076923	-3.104172966167157

S11S12.txt	1.6235921348122	2.9359489958306915	0.5191342106684879	1.0227841870523482	0.17647205450371842	0.12047269942006783	-51.0863697705803	1.207302231175981

S11S13.txt	1.47693903403246	-2.621940396417646	0.47054729877903223	1.0765492166270794	0.24070447928676791	0.4312287996498523	-99.9284750337382	0.3105569237218065

S11S14.txt	1.67451165721487	2.0597364612230216	-0.04459032177149988	0.30083809788535104	0.0397209622569294	-0.09595141700404858	-131.05384615384617	-0.4378444733498799

S11S15.txt	0.436613100272531	-3.108443301303306	0.2912012953670511	0.2213802456072041	0.16289486490218275	-0.04015756647335595	-183.5897435897436	-0.5619595315816116

S11S16.txt	0.146499203299278	0.672069090261384	0.32409134254654315	0.07684623622611253	0.08544859961479814	-0.08582995951417005	-179.57564102564103	-1.4164617634081722

S11S17.txt	0.284813699661272	-4.605170185988091	0.306231005875118	0.27509515879220126	0.1418014266451559	-0.15658168289747235	-88.61268556005398	1.265456833157524

S11S18.txt	-0.118110975495259	-2.8913250470314553	0.4715441372248672	0.9214263417450522	-0.018770833704714503	-0.3156800525221578	-130.32388663967612	-0.13132173604593594

S11S19.txt	1.45744771660265	2.4401721389921023	0.5373312178019447	1.2379855047303612	0.18605573503708414	0.024619761461866726	-23.819163292847502	1.931475228886553

S11S2.txt	1.75485970395302	2.3024019763466956	0.5639675419996583	1.1422632389533782	0.20405049981446385	0.14213808950651058	-76.59649122807018	0.45173029347697635

S11S20.txt	0.349683992076219	-4.605170185988091	0.5453782743194164	1.159705893348343	0.16155098415244223	-0.08151876572929204	-117.95546558704453	0.07784383348122335

S11S21.txt	1.60287441327599	2.373852148414052	0.47500576697597885	1.1231997521926178	0.2075082275204731	0.28482328482328484	-51.936572199730094	3.4228904028570875

S11S22.txt	1.6730321298897	-4.605170185988091	0.5279719372818352	1.0889307491547	0.2887866372872962	0.2552795710690447	-40.00674763832659	1.9392367885637394

S11S23.txt	0.111224541881476	2.188095855824624	-0.09412681977242915	0.4877412002920102	-0.08379095355864609	-0.11784659153080204	-51.19163292847503	2.311033939338522

S11S24.txt	1.48392658984208	2.262667419821205	0.049624363285357326	0.6384622567227176	0.18386397438917568	0.1953167742641427	-81.29284750337382	1.2253437000282197

S11S25.txt	1.67607754564276	-2.93120371743919	0.40134539241625916	0.7808199331360162	0.04372582644929939	-0.14126272021008862	-113.87854251012146	0.5179407752059308

S11S26.txt	1.46938060058828	2.449754905955964	0.5525231928319283	1.1994012183692422	0.2547415061919931	0.3152423678739468	-34.6531713900135	1.8950785020607184

S11S27.txt	0.221722003376477	0.6570585888962923	0.5004957905969313	0.9851267919134856	0.12430561583850798	-0.10449720976036765	-151.0634278002699	-0.07872630007834394

S11S28.txt	0.190779610194903	0.8826935609935667	0.3011423441536772	0.14639022691311032	0.039779989895894506	-0.17246963562753037	-175.59358974358975	-0.3188891965957589

S11S29.txt	0.0943147590361446	3.1110548296380616	0.35573089936218905	0.4210759939248859	0.14470409177339233	0.05372579056789582	-200.1120107962213	-1.42794204341267

S11S3.txt	0.363841614641238	-2.3547564092019995	-0.09488333817628844	0.32548006916158034	0.15946926182437826	0.2244228033701718	-79.89878542510121	1.8098768726384775

S11S30.txt	1.32049045762364	2.4212401613922254	0.021216042167365196	0.4971926179698203	0.2147422396707959	0.3097713097713098	-87.81106612685561	2.0898964562732254

S11S4.txt	1.62425098442048	-4.605170185988091	0.2209193346012686	0.10079403435685819	0.16346251807223625	-0.03993872414925046	-124.92037786774628	0.9279675026954124

S11S5.txt	1.7291415990374	-2.6234783444930194	0.2510809405090667	0.18463544568968304	0.1864960904891385	0.1027464711675238	-79.12010796221323	1.3115623553086229

S11S6.txt	1.7562030268712	-2.3359188238126145	0.5220876193403523	1.042435276231044	0.18219496719069028	0.07889265784002626	-76.84480431848853	1.2249611094154698

S11S7.txt	0.396094111200534	2.0034899125262426	-0.13967892104819984	0.24072090875287722	0.11115770670224423	0.18349928876244667	-35.10661268556005	4.048615746511925

S11S8.txt	1.64613632081128	-4.605170185988091	0.4384000748764447	0.9721223868062109	0.26202934254183763	0.24302440091913777	-20.80701754385965	1.6213360753810175

S11S9.txt	1.51412550478852	-4.605170185988091	0.5176134812169665	0.9857204294093018	0.2158057045655114	0.14213808950651058	-114.21187584345479	-0.05137701714923577

S12.txt	0.150988700564972	2.36600684980087	-0.11238356922561302	0.09770151444449604	0.04744112955616196	0.05263157894736842	-26.78272604588394	0.40994379228502326

S12S1.txt	1.58005918650044	2.6298213932413774	0.4861565267337905	1.2003033222609554	0.23807547858893496	0.5190283400809717	-98.4076923076923	1.5038902201699391

S12S10.txt	0.00289623645813764	2.2615301286384266	-0.16101514113119209	0.31741948922928065	0.04610139770127635	0.16093117408906882	-98.35128205128206	3.0850111650208714

S12S11.txt	0.234859990507831	2.4610489132681668	-0.20507390336809692	-0.11168116193174882	0.012591015458989368	0.07373358348968106	-115.4890243902439	-0.18674081634782916

S12S12.txt	-1.73258321612752	-0.9019798265719928	-0.3853072113047057	-0.8251373947884011	-0.31013045624248425	-0.2757085020242915	-79.82307692307693	-0.4902822338006084

S12S14.txt	-0.0488697120345184	-0.28805890523438404	-0.1836953548209937	0.31611665285096335	-0.0003106569562095485	0.12206477732793523	-62.746153846153845	1.6619624067373502

S12S15.txt	-0.0200374531835207	2.180581038730907	-0.21973694102227756	0.2759211248730806	0.0328834239801643	0.3263157894736842	-92.06282051282051	1.1968091791813675

S12S16.txt	0.0378581493658995	2.1732695199212824	-0.186699632052983	0.20699223519459753	-0.0004153968050604924	0.16660412757973736	-67.78048780487805	2.338272240655466

S12S17.txt	-0.0178487109264331	2.69954679289196	-0.14697616830700483	0.33193718065732236	-0.01862755589618575	0.06315789473684211	-110.59871794871795	2.2563857087874575

S12S18.txt	-0.0113106490233145	2.1154345364573772	-0.13316268327394537	0.3149342872598968	0.0016953232971329574	0.11700404858299596	-104.75256410256411	0.5897796178088777

S12S19.txt	-0.0215008431703204	2.2099488048914346	-0.18775547545060328	0.4640954773588003	0.025740147304375495	0.19068825910931173	-46.746153846153845	1.8356738702714257

S12S2.txt	0.259820426487093	2.60882560537818	-0.11530790595225876	0.29068793790425984	0.22169470788351203	0.5933198380566802	-62.034615384615385	0.8318991982549104

S12S20.txt	0.165440129142532	3.0144001866863523	-0.08978251101802423	0.17149231462130093	0.002289356830589143	-0.08481781376518219	-39.052564102564105	1.5429862349351953

S12S21.txt	-0.00290452543802122	2.2859530461737894	-0.13757464428129973	0.5008711500348756	0.009843345182089708	0.12125506072874495	-60.66282051282051	0.8975239159045387

S12S22.txt	0.0898219191058065	2.690257375536821	-0.15731466023718296	0.16918533543317893	-0.006014771113646989	-0.06491557223264542	-85.09512195121951	0.9518257395217231

S12S23.txt	1.40782215882073	2.2602409625187243	0.5096598002123023	1.1196947644028836	0.05751495741957789	-0.2524291497975708	-41.59230769230769	0.42312212285143047

S12S24.txt	1.77987242642415	0.07251952281899066	0.7231965528269731	1.4882204731476387	0.26021893357856724	0.10708502024291498	121.29230769230769	3.0503483711149983

S12S25.txt	0.135621225057711	2.5453667301364904	-0.1606459330578763	0.07881577689382835	-0.05536052101039056	-0.07449392712550608	-94.25	-1.0515201423897855

S12S26.txt	-0.0180749402741104	2.2981540686418716	-0.18745586001652126	0.30922588207211976	-0.08467534850341217	-0.08198874296435274	-88.47926829268293	1.1195458212658265

S12S27.txt	1.29436246689368	-2.7323717591812056	0.284707709706294	0.21994072238804702	0.09195455792180972	0.0776735459662289	-205.59878048780487	-3.5395960445996235

S12S28.txt	-0.02306674229533	2.2388944981314927	-0.10072118167335936	0.32938257761283474	0.03876254880090303	0.08866396761133602	-42.06666666666667	2.5849450565708123

S12S29.txt	-0.0622450260465701	2.6837657622456037	-0.19307985671954375	0.19089475780008291	-0.07056328624389649	0.07004048582995952	-60.41282051282051	1.45708086802128

S12S3.txt	0.0469092846843457	2.535892153332321	-0.09567631510285812	0.24523887729962163	0.1622399088288288	0.36417004048582996	-40.69230769230769	3.187588880004564

S12S30.txt	0.16453515809344	-2.5735594429904296	0.07544830660750276	-0.08796476850659835	0.07042565663267673	0.1291497975708502	-126.80384615384615	-0.7245246045212423

S12S4.txt	0.00387377173091463	2.0644847698362723	-0.17080964794803333	0.24331255405980057	-0.017205219907827668	-0.004453441295546559	-16.26025641025641	2.547732250166893

S12S5.txt	0.117907634307257	2.1466409017178325	-0.19813032794948318	0.06832452594700933	0.023852184107573816	0.11983805668016195	-104.05897435897435	0.8608177624847754

S12S6.txt	0.17723898129875	2.4536382155626137	-0.10942082680220486	0.2906747442889653	0.09163975954645434	0.23299595141700405	-58.02820512820513	1.031869336338409

S12S7.txt	0.22892585283338	2.296723361146016	-0.10219273937583356	0.32427638610814447	0.15100810755693217	0.3123481781376518	-35.62307692307692	1.80183883344308

S12S8.txt	0.297205438066465	-2.697743855534225	-0.08094107807925	0.2516037192818198	0.16804314895080275	0.28704453441295547	-70.26538461538462	1.2452803399684618

S12S9.txt	0.272710050203656	2.791394903678881	-0.11045293024360203	0.14633393839244696	0.1364247281736817	0.1840080971659919	-123.18076923076923	0.29369552446696023

S13.txt	0.315459167461074	2.151508040463888	-0.05277916109374839	0.3127118671197735	0.07268750275095076	0.1576758945179998	-119.74224021592443	-1.3965785391657057

S13S1.txt	1.77469435280419	-2.601167389360947	0.2692288763359746	0.0722978484334168	0.23822808200160517	0.3228893058161351	-31.46829268292683	-0.07772223047951433

S13S10.txt	0.134555382215289	-4.605170185988091	-0.1442742655744895	-0.025622678641887775	-0.05251557462861042	-0.0018218623481781378	-24.956410256410255	1.2114120685069152

S13S11.txt	0.040216771249287	2.443950610224908	-0.24260918587318883	0.052288706238892035	0.05341167783359778	0.3384615384615385	-66.07051282051282	2.277860963082665

S13S12.txt	-0.0315481986368062	3.093783305758994	0.48452694184814116	0.8960459026170493	0.037770681460629556	-0.11194331983805669	-178.5653846153846	-2.0280679759725926

S13S13.txt	1.45568133968192	-4.605170185988091	0.21864312486345538	0.2326187944400746	0.08816683233948235	0.011336032388663967	-117.12307692307692	0.38694372525970494

S13S14.txt	1.52067327952284	3.59602750719952	0.24063561119082	0.13674797214744872	0.14536955169204174	0.027935222672064778	-179.42820512820512	-1.4639126404729992

S13S15.txt	0.0593821949347659	2.0549390597450667	-0.24217657714516835	0.08172151120046789	0.08317968303530991	0.27287449392712554	-65.85384615384615	1.5103576147266051

S13S16.txt	0.0657093952073031	2.483050562005772	-0.2142388900236129	0.009967856044564738	0.10548892373331521	0.32026266416510324	-78.63780487804878	2.2404095806078623

S13S17.txt	0.148766750825403	-1.9947260681983972	-0.529273195025702	-1.120353398201273	0.03405296840370815	0.15910931174089069	-169.32435897435897	-1.0036453375887684

S13S18.txt	-0.0293916609706083	2.450208815762318	0.45113689101881377	0.8558687142590478	0.1146734246237908	-0.09878542510121457	-111.42564102564103	-1.3057028274721243

S13S19.txt	0.0470959113488728	2.1341053972424895	-0.20097075008626725	0.23495208967332049	0.10008895927323729	0.32611336032388666	-26.41923076923077	2.5076804159134323

S13S2.txt	-0.0403155127081507	-2.6241111592727875	0.5649517541802832	0.9779823989416834	0.14742618901416005	0.025910931174089068	-105.00256410256411	0.05682221924381381

S13S20.txt	0.0874987914531566	-4.605170185988091	-0.21741578364601172	0.09866047688434332	0.06744098388615814	0.31093117408906884	-107.67307692307692	1.4631117601737893

S13S21.txt	0.329784296527304	-2.180606501448803	-0.4212090908015286	-0.9131454325284791	0.028541644317466038	0.05101214574898785	-97.43076923076923	0.2277607910978724

S13S22.txt	0.02320230105465	2.2250098030337626	-0.2220839367669929	0.19178122631734695	0.020068102782322836	0.25303643724696356	-65.39487179487179	1.1081950875708773

S13S23.txt	-0.246412183930489	-1.9875405706976412	0.20282482282013878	0.034318164314642796	-0.041089732906801985	-0.14149797570850203	-159.14871794871794	-1.5819442045201941

S13S24.txt	0.00126347980041852	-1.9334296025588555	-0.24897374617356402	-0.02810835629446229	-0.026929010344129697	0.18097165991902836	-125.28589743589744	1.3409966696872446

S13S25.txt	-0.290497913229157	2.8084059832254455	0.5265832500983116	1.0860883791011993	0.050611841870016876	-0.08765182186234818	-114.90641025641025	-1.7867734791708165

S13S26.txt	0.0173653253664457	-0.735998507557188	-0.21739756125650245	0.11417835750466465	0.03391619424200221	0.25748987854251015	-31.328205128205127	2.2431380786016497

S13S27.txt	0.0223218455216214	-0.8773238709613249	-0.20054660321472018	0.39288519961814583	0.034028792282387386	0.26720647773279355	-54.29615384615385	0.7841924995309475

S13S28.txt	0.11105755326328	2.1811699042158104	-0.15796262967390384	0.2625925425655017	0.06296981223655808	0.11437246963562754	-115.27435897435898	0.06392853156556999

S13S29.txt	0.0841831216587867	0.4767704502519481	0.4612833247321718	1.2753039177192882	0.20280273145380873	0.23380566801619432	-6.1461538461538465	2.260058515803706

S13S3.txt	1.66851204351204	0.4571788403387954	0.2660760784858551	0.09149942333745942	0.24114554910043223	0.3525328330206379	-129.34268292682927	-1.5306440589141903

S13S30.txt	-0.206866368410815	0.7169870206087606	0.45090215959464225	0.8035932042940556	0.02305231307523111	-0.17267206477732794	-83.12051282051281	-0.9589205789904262

S13S4.txt	0.423277414463084	2.4041170345249196	0.39345000183400036	0.9564069635674004	0.2312077478385288	0.5294559099437148	-76.70487804878049	0.824183071717376

S13S5.txt	0.290436610299035	2.1404616441080764	0.10784655291916442	0.8473065795200163	0.25166466719545644	0.41761133603238865	-48.40512820512821	1.4076288010557476

S13S6.txt	-0.0561492131338645	0.0630543185564083	0.5404124763229337	0.9940167378778455	0.15393122165507553	0.04574898785425101	-132.86666666666667	-1.0125840856122288

S13S7.txt	0.227887515812007	2.3307513838776694	-0.11605633390284165	0.10711175183095589	0.10946542623619795	0.17004048582995954	-80.72948717948718	2.2116706495603444

S13S8.txt	0.380027495364154	0.033443080695682845	0.7428378315943103	1.5612756156017806	0.21357627110701696	0.14149797570850203	14.178205128205128	4.531274882059478

S13S9.txt	-0.211607751485052	-2.1933999567132694	0.16918466278941197	0.02544169099084198	-0.009429267070726636	-0.11234817813765183	-102.90641025641025	0.5562366328574918

S14.txt	0.038917940466613	2.431157767289895	-0.27842961380319625	-0.12302573705674902	0.0624630517345281	0.40628077470182733	-49.51012145748988	1.4261461846955275

S14S1.txt	0.0776234278205369	0.8055452190156052	0.16563526794996422	-0.2983667704235755	-0.021181943479076818	-0.18612539665171243	-241.08097165991902	-1.878096402613118

S14S10.txt	-0.0149759819157954	-2.4289157290019148	0.1847535591309161	-0.1409663365457665	0.07740537130531877	-0.07911150016413174	-230.7638326585695	-1.8819934536698402

S14S11.txt	0.0132406798760447	0.8771973001990094	0.23866591443317636	-0.16852664316980626	0.07072568793445312	-0.13632053105737316	-216.0782361308677	-1.9435579584972762

S14S12.txt	0.0499387543578631	0.45811033430445447	0.23574179616010882	-0.15973133983832655	0.12179089438941507	-0.07420578473210053	-198.17496443812234	-1.0763223892951719

S14S13.txt	0.158396226415094	2.9996280079758773	0.5122230932324479	0.9625328707176538	0.22210481542432034	0.23886639676113355	-93.84615384615384	-0.24755288525218394

S14S14.txt	-0.0601123595505618	0.7222338947859848	0.247566217694181	-0.28947803142317885	-0.0072323328163570455	-0.21610679505416344	-232.4655870445344	-1.3979486779354855

S14S15.txt	0.105200326362348	-2.163228391759535	0.13160709808481527	-0.14439712847010977	0.08164073692646791	-0.015884305357989566	-209.11664295874823	-1.9855382670275146

S14S16.txt	1.77245225940632	-1.314553499381045	0.17264273839593652	-0.35890817964020816	0.08366431092657307	0.02330670751723383	-208.05263157894737	-1.7513887228181044

S14S17.txt	0.326465028355388	-1.6660241361904817	-0.6104594889807006	-1.1225640491645417	-0.07688267199570002	-0.06313601050443154	-171.38056680161944	0.09765356290544235

S14S18.txt	1.72280037842952	-4.605170185988091	0.2893196003717225	0.2416439099088626	0.15358292670640375	-0.04125177809388335	-64.07254623044096	1.2568969866536646

S14S19.txt	1.63834920934327	1.827779023134562	-0.4004211569784092	-0.9505169176767163	0.06870798719074235	0.1097165991902834	-114.29358974358975	-0.29091922050439945

S14S2.txt	1.70943139901808	2.846659409571488	0.524676769361986	1.0317432845408423	0.16040964666775115	0.07207207207207207	-80.84068278805121	1.083854959782283

S14S20.txt	-0.048794219761659	0.60810692687216	0.2530693233040028	0.2167811881105044	-0.013692423946533794	-0.12064777327935224	-241.23333333333332	-4.927888881565877

S14S21.txt	1.53567715716851	-1.5890645105723133	-0.6464716827097158	-1.3399695408851056	0.002814940092118685	0.03461538461538462	-150.39358974358976	-2.5851168459065015

S14S22.txt	0.0387516500094286	0.5073546706940821	0.2409734537195748	-0.019563058472181982	0.051749898704482426	-0.12138454243717402	-220.5433854907539	-2.351052346956685

S14S23.txt	0.0455617394585416	-2.190743120086377	0.12533324885740135	-0.2918647843096296	-0.017574190168702056	-0.05571360834518729	-239.67140825035563	-2.1110901100490476

S14S24.txt	1.38520044639025	-2.6804764687697604	0.3111545290872094	0.19012823721768457	0.18580709108700197	0.06164058795637742	-110.21194879089616	-1.7861804906086522

S14S25.txt	-0.263202089942153	-0.8212498258224605	-0.44301144136391496	-1.1816238970391002	-0.18505237242376302	-0.24858299595141697	-130.05897435897435	-4.024259613044414

S14S26.txt	0.11958879562388	2.272389047636869	-0.10457158023751856	0.22075084190980682	0.07056831137494032	0.19630156472261734	-75.79800853485064	-0.2954040485233679

S14S27.txt	0.0600546808711229	0.5656068995653302	0.2159685996780215	-0.21591342597809726	0.0659331102272518	-0.04103293576977787	-253.05937921727394	-3.6687081422977164

S14S28.txt	-0.0290511224297303	-2.2406792480257756	-0.004115809393822112	-0.48727881813287777	0.0009114207409048804	0.16026552868658128	-168.31294452347083	-2.8313262612864314

S14S29.txt	1.53335071664087	0.5202641167909333	0.7137711803333622	1.5405456357163452	0.25038787928451595	0.11150016413174307	-23.23211875843455	1.7198520240096988

S14S3.txt	-0.0246575342465754	-2.420288415617179	0.24656354440555614	0.0771681631292025	0.09834871927051862	-0.11000474158368895	-174.95163584637268	-1.1538341158110912

S14S30.txt	-0.135454030583349	-2.2540750011232418	0.13753284698530827	-0.3216896688136851	-0.07664683641845428	-0.2467994310099573	-214.39260312944523	-4.831535158402345

S14S5.txt	-1.35112045176889	-2.8190293241255766	-0.43635012265997186	-1.0176851803863647	-0.11891889138876159	-0.11071597913703177	-109.75960170697013	0.5440116655027263

S14S6.txt	0.119166588102197	-2.4225352064922783	0.10293383941326983	-0.2639526142693658	0.0518257829967797	-0.16524419155998102	-155.0	-0.9767756697690693

S14S8.txt	0.123802367086229	0.6949689690375038	0.1905563946482899	-0.17931326530209746	0.1873155774668458	0.058321479374110946	-218.38833570412518	-2.473093048323771

S14S9.txt	1.53490548381059	0.5330129602562201	0.1819968360827674	-0.252217059042551	0.14398750668295277	0.16533537586169164	-161.9460188933873	-1.6830582400624725

S15.txt	0.0814164648910412	2.3367305283721063	-0.29122052753997507	-0.13481061154210183	0.04103488894260196	0.3988401356822409	-42.944669365722	1.8965716877102954

S15S1.txt	-0.0656683099246582	0.8650650713048752	0.23613286121814692	-0.14828580383580992	0.007751901249055181	-0.19181529707845496	-238.82186234817814	-2.125753734669248

S15S10.txt	0.363873857062885	2.696158007179858	-0.036932321147947755	0.46077883703634465	0.18520952286106857	0.26615186615186615	-144.70420420420422	1.1233604675880193

S15S11.txt	0.209704562453254	2.249806322702987	-0.03900097504467487	0.44002341100840886	0.14561438299924429	0.2818532818532819	-144.68018018018017	-0.1569634096329035

S15S12.txt	0.363304298960382	-1.831513037643801	-0.5200898460446997	-1.0629616892729956	-0.04309921906421691	0.06615186615186616	-145.6906906906907	-0.14717963249441313

S15S13.txt	1.55834578043316	-2.210172749488009	0.41227811930675295	1.0709902496362214	0.007709906897331281	-0.02625482625482626	-172.58858858858858	0.29618861489976617

S15S14.txt	-0.371863046926019	-2.4727073779705644	0.11371636004396912	-0.5504519304271425	-0.1921509283201314	-0.4082503556187766	-259.3143669985775	-4.416302062263503

S15S15.txt	0.00128604766041518	-1.6783564646019675	0.20162936488648014	-0.10126349821305847	-0.0145403735845442	-0.1003861003861004	-140.493993993994	0.26223260487478317

S15S16.txt	0.09375	-2.316628883899176	0.21721259214816074	-0.24767908518593074	0.035465830174133114	-0.15339023233760074	-243.21621621621622	-3.114906290798819

S15S17.txt	-0.0741068767298275	-1.943682973880623	0.08205062173220534	-0.21682183162786467	-0.1115468074924534	-0.38841698841698846	-105.2957957957958	1.1175951900802663

S15S18.txt	0.108471558429388	-1.4069801591563773	0.09644194262154238	-0.3797901596491663	0.020688060574340767	-0.15308020571178466	-152.76113360323887	-0.9458653782232633

S15S19.txt	-0.0428996836032012	0.7895653627169401	0.27367061357979694	-0.2025417064597913	-0.005249413890982359	-0.2123864755443703	-259.502024291498	-5.690086287628933

S15S2.txt	0.0403579471376081	-2.268170203365078	0.19754214985720644	-0.06283875315897713	-0.007113532930870371	-0.15030820293978187	-161.73684210526315	-0.6227576245115701

S15S20.txt	0.00346669165183178	-1.7334698172564669	0.22322523803701158	-0.1710200468977645	0.008901607249320065	-0.17562096509464928	-301.6140350877193	-3.6755280598867124

S15S21.txt	0.0155212716222534	-1.9810377169039317	0.18393289316402278	-0.25488315865421596	0.023306886376356577	-0.2164532954006638	-224.47083926031294	-2.316232181530371

S15S22.txt	-0.0597866766467066	-2.2784539792392615	0.17052386381849785	-0.2574241669713515	-0.03559569853873511	-0.08321479374110952	-227.7425320056899	-1.916931481102382

S15S23.txt	-0.260531735630032	-1.7845590892227232	0.06360494578951359	-0.38467888061437966	-0.04867086042774743	-0.09862494073020389	-154.91465149359885	-0.7998335336227597

S15S24.txt	-0.081840957594878	0.7653440666037623	0.29226836078472823	-0.13888104051873384	-0.006075604578270891	-0.11675237991027465	-271.2618083670715	-3.7488748682812285

S15S25.txt	-0.452501405283867	-2.4675374444311093	0.15220200829334538	-0.06719013480947078	-0.19437556086969937	-0.39768339768339767	-255.7117117117117	-2.32025699257337

S15S26.txt	1.61913239014335	-4.605170185988091	0.35039035122066764	0.8019226611135915	0.06050020160736568	0.04144144144144144	-120.36786786786787	-0.022212085487677453

S15S27.txt	1.46132208157525	-4.605170185988091	0.26933843540018887	0.5262302825882796	0.08087074763887041	0.12200772200772203	-84.18468468468468	0.8484440162829501

S15S28.txt	-0.264967675442706	-2.7996887824729964	-0.3852332061763827	-1.0879852132888654	-0.17814443899032587	-0.19253539253539254	-70.60210210210211	-0.6143373635974646

S15S29.txt	-1.05628392130258	2.565771826549095	-0.5218532214750674	-1.059776739243521	-0.08020334486933409	-0.07823613086770981	-206.86486486486487	-1.4697345665557788

S15S3.txt	0.0254205607476636	-1.5929637539086767	0.14989566632084766	-0.3734383835945593	0.0051298973539164435	-0.1465149359886202	-226.72334682860998	-2.416056075211875

S15S30.txt	-0.00101795298908014	0.9103984791749022	0.26756478628237057	-0.40857622686944806	0.016964594610999424	-0.14153627311522046	-285.58748221906114	-3.3211591137781227

S15S4.txt	0.243735976065819	-1.8141069205655458	0.10549291648295117	-0.3868158613277495	0.036524554287782465	-0.11877667140825035	-204.76813655761023	-1.1018680269686765

S15S5.txt	1.45113062978882	-2.018459163553307	0.06071816345661066	-0.3004776972866724	0.04764199961863291	0.059716859716859715	-126.2102102102102	0.6140242587896814

S15S6.txt	0.0593994778067886	-2.082029508499815	-0.3371052798820269	-0.7521085334306852	-0.05088438562124178	-0.11454311454311455	-194.54354354354354	-0.006402144226835508

S15S7.txt	0.267627906976744	-2.6436602241737024	-0.4953560126255264	-1.1535760468211906	-0.1265360829711304	-0.11454311454311455	-97.41741741741741	0.5216597619493685

S15S8.txt	1.74399877552062	-1.7477647831392515	0.25967308520814836	0.08430624062052272	0.20672105896339568	0.2560455192034139	-109.1394025604552	1.29831526878666

S15S9.txt	-0.0220058057870588	-1.67782593333642	0.15587537812457566	-0.2758554208762761	0.050938893526032314	-0.1603603603603604	-154.1891891891892	0.059513188471735874

S16.txt	-0.0519087053120582	2.3564656799103934	-0.19190189496250495	-0.04271101751064088	0.07085919877380809	0.4563956669219827	-64.71794871794872	1.0494319781551313

S16S1.txt	-0.0676003734827264	-0.5842492756197225	-0.2349041282294638	-0.0711562485043461	-0.145614779877689	0.021457489878542513	-119.87051282051281	0.9407320185658429

S16S10.txt	-1.7885692939858	-0.5535760486752941	-0.4150609290593761	-0.9690247693211529	-0.224148937017811	-0.3609804136119925	-138.6302294197031	-0.9491921209866552

S16S11.txt	-1.72667000568765	-0.9568854109788241	-0.23039113640715977	-0.1617787858598843	-0.22545389266183558	-0.22836196520407048	-125.08232118758434	-0.11182682555087799

S16S12.txt	-0.0491024466388408	-1.6501824171296702	-0.1220121686781783	0.27724144763355907	-0.08995397391039868	0.07752489331436699	24.70697012802276	3.3721084091844147

S16S13.txt	-0.141982864137087	-2.672037959500192	0.12455613883912517	-0.28086205866856867	-0.06844343329555924	-0.15607287449392712	-203.7679487179487	-3.580676391012768

S16S14.txt	-1.51196711926104	2.799782531696014	-0.11123779632718384	0.2670243309240427	-0.06784675229900397	0.06756756756756756	-127.25320056899004	-1.4841868928530748

S16S16.txt	-1.6913986013986	-0.9734758959986956	-0.2704860801923241	-0.2077675123928785	-0.21566112706328025	-0.10471605208447313	-78.54385964912281	0.6935306651937737

S16S17.txt	-1.31862962634242	-0.8837962563961002	-0.42066462386657477	-0.8130239075526395	-0.2121165820573784	-0.3384615384615385	-131.07692307692307	0.9925966299480353

S16S18.txt	-1.63196910234847	-2.9862258039630256	-0.532905207752229	-1.11788691905678	-0.2543411674923037	-0.24783893204945834	-128.75033738191632	-1.018427235310671

S16S19.txt	-1.61445521182756	2.754878304618028	-0.28754738293795784	-0.2463812094271423	-0.14594679854694312	-0.01214574898785425	-65.67071524966262	2.453540791671087

S16S2.txt	-0.352869122773956	-2.5094111298665815	0.11718417879683127	-0.3267145253026331	-0.16183155994260784	-0.39271255060728744	-181.6153846153846	-2.1456062569624375

S16S20.txt	-0.0334861217214159	2.600719133490955	-0.21340900184995149	0.004794025624731746	-0.10240029252004403	-0.04646752015173067	-150.8805120910384	-0.8782521151247101

S16S21.txt	-1.70610316649643	-2.9869748296347125	-0.32425132238000076	-0.19095617933334258	-0.20974913247510152	-0.1353722143195827	-105.91891891891892	1.2223930751539485

S16S22.txt	-0.0351774972464628	2.5482737236039386	-0.28152894584438926	-0.05561239070474944	-0.053719757739963014	0.09862494073020389	-58.75960170697013	2.6157204169258623

S16S23.txt	-0.126819920122784	-1.6987805070093855	-0.20136802490778938	0.2081807280660224	-0.12461557395146335	0.03816974869606449	-14.349928876244666	2.8131356378537165

S16S24.txt	-0.150817783725638	-1.704025970053736	-0.1859741341850255	0.15954832561728838	-0.13532530692091996	0.0021337126600284493	-17.37411095305832	2.028203142071014

S16S25.txt	-0.152940629071282	2.4058272555217783	-0.20506444666597842	-0.030839584242988938	-0.1678109150067475	-0.09838056680161945	-84.68846153846154	1.8954265777980774

S16S26.txt	-1.69869165189499	-0.6607228571894828	-0.22992002201711154	-0.04866995238696198	-0.29947039643504303	-0.21384542437174014	-110.08534850640113	0.2856376071916385

S16S27.txt	-0.0275126333520495	2.5277035501915543	-0.2882396770115154	-0.08986105595897731	-0.05138001665235539	0.3072546230440967	-38.173541963015644	1.3631633719369665

S16S28.txt	-0.275371501465731	-1.9445770775068656	-0.18027214301432087	0.08152179677517424	-0.22926942384383042	-0.14366998577524892	-102.33428165007112	0.4125887586507319

S16S29.txt	-0.251475357091451	-1.893004369114777	-0.1802662017081863	0.1065551313116263	-0.23051564023357304	-0.08392603129445234	-37.327169274537695	1.6660522722511772

S16S3.txt	-1.58267395126853	-2.7544593844338965	-0.47840637477888104	-1.1188794582705448	-0.16920014531595876	-0.17732793522267204	-113.54615384615384	0.09710315557464184

S16S30.txt	0.0419215895339883	2.5764466384271145	-0.22398812060982565	-0.030464015350021634	0.046121149924855484	0.09071014334172228	3.443994601889339	4.880468912855423

S16S4.txt	-0.323413072141646	-2.5956354470261624	0.12619555045192887	-0.367479340912205	-0.13931775311196645	-0.3504048582995951	-141.42435897435897	-0.9203472140884673

S16S5.txt	-0.322292274395408	-2.612916328122786	0.10056788265262984	-0.30671099686276426	-0.175886093012001	-0.4	-174.47435897435898	-1.1946434855622468

S16S6.txt	-1.62010113244624	-0.8333338036256293	-0.19943253684205503	0.0344417443649383	-0.12551130384018325	-0.024838603785972205	-78.90283400809717	1.7667754123912423

S16S7.txt	-1.78636826042726	-1.100391487825185	-0.22065307792158226	0.04286396558873262	-0.25262034706715686	-0.10265528686581317	-45.47083926031294	0.8655548987578315

S16S8.txt	-0.0358233823937796	-0.8280856059906085	-0.31496547977706696	-0.19841882140206968	-0.16125032159554223	-0.019148703359229673	-72.04588394062078	1.6700233853779083

S16S9.txt	-1.72120145508437	-0.656684910503399	-0.4950494751479682	-0.9310028161638537	-0.27672470694995627	-0.2677535835430572	-65.93522267206478	1.905420945702449

S17.txt	0.110853805879984	2.5416437250039983	-0.2748240718827175	0.060941529934073424	0.05948734268333191	0.40825035561877665	-117.75843454790824	0.5492621563692597

S17S1.txt	1.65842439525544	2.7244326693335723	0.5981254005124339	1.3546811559195218	0.22056853738673915	0.30495677864098913	-69.95816464237517	1.7270378173298842

S17S10.txt	-0.227823332090943	1.405219210003639	0.10229395153290333	-0.5099425876728632	-0.07435706026252747	-0.29160739687055476	-243.4264507422402	-2.314279133519776

S17S11.txt	-0.201543898809524	1.3891040293764523	0.10039658104911842	-0.40932481527194153	-0.0904882744290624	-0.23930408140934456	-255.73684210526315	-3.188889613970573

S17S12.txt	-0.144320297951583	1.238223144459825	0.1833410127501421	-0.15814024602731203	0.05519479319642368	-0.09333625123098807	-203.79622132253712	-1.992203265162703

S17S13.txt	-0.158066623122142	-2.477604400920347	0.18734855493086697	-0.1693102145062193	0.01748051905226048	-0.14191924718240506	-216.0931174089069	-2.3296775425456606

S17S14.txt	-0.144822457705893	1.1254109910447643	0.19562825304368817	-0.09978599970682456	0.06735158150596895	-0.12156691104059525	-193.73144399460188	-1.9221456630325056

S17S15.txt	-0.182182088996462	0.9232271491197286	0.18005226672045688	-0.24704584178578015	0.024478434872766155	-0.12375533428165006	-219.95681511470985	-5.478371815988128

S17S16.txt	1.65390110572742	2.501908438225997	0.37360446248365986	0.9655159011452571	0.15595153360375807	0.2977349819455083	-151.79082321187585	-0.4461505899198788

S17S17.txt	1.51364540594306	2.6040802898815123	0.41984684250167686	0.8977893288677539	0.17586336733352334	0.3491902834008097	-155.97051282051282	-1.1053029544789306

S17S18.txt	1.57008582890195	2.574151042100912	0.44460341509062673	1.1382648121653722	0.18286335830984582	0.3141481562534194	-149.01079622132255	-1.2417880154349745

S17S19.txt	1.74864877457832	2.7028571561849866	0.5777456261413573	1.3072476158342552	0.20432135315399297	0.26053178684757633	-107.39001349527665	0.6300328980906791

S17S2.txt	1.44820217411502	-0.8033705667429046	-0.11785695019001985	0.1520528391162408	0.12149391489803912	0.16578947368421054	-80.81666666666666	-0.30886313895790574

S17S20.txt	1.47802684313543	2.51996980544215	0.337565358787342	0.8203448843060218	0.12739189786402266	0.2353649195754459	-113.17543859649123	-0.07392226698890642

S17S21.txt	1.59239265326384	2.29845901779657	0.09619353937713265	0.537212786978834	0.2031953540956245	0.3242149031622716	-84.5910931174089	0.6341485407279834

S17S22.txt	1.38157813417385	-0.726814910703258	-0.24000520445930892	-0.001746423570201161	0.01703799713930812	0.17780938833570412	-112.03643724696356	1.851869418775592

S17S23.txt	0.225315515961396	2.4221350044437933	-0.11758497871271795	0.13606284433805704	0.12392887853690235	0.30829959514170036	-101.75769230769231	-0.0384338332903746

S17S24.txt	0.281935013797166	2.350969745042517	-0.0812939489885364	0.33470150269696297	0.11437566545911082	0.2642521063573695	-98.66261808367072	0.12718369443822683

S17S25.txt	0.289685499409534	2.290439730236431	-0.09877393428966899	0.20676278974463158	0.10235953111872004	0.2922639238428712	-117.83400809716599	0.9675304484270121

S17S26.txt	0.0974312241019409	-0.058318690121984096	-0.14533339700956194	0.29645932750523607	0.04874145810787927	0.2421490316227158	-141.93927125506073	-1.622341046400641

S17S27.txt	1.43668901719749	2.311475056707481	-0.1840542608471283	0.08871716877301572	0.12697381593074816	0.25506072874493924	-128.75438596491227	-0.24954429870413425

S17S28.txt	1.48653198653199	2.1185657416995216	-0.18311754486471798	0.19815873807812956	0.13429572207484708	0.3721413721413721	-83.1336032388664	0.3664044400502817

S17S29.txt	1.57044456897357	2.5666034796517545	0.3287782265585838	0.8063323199545984	0.1369836983512991	0.2268300689353321	-100.65721997300945	0.7328536450121275

S17S30.txt	1.78206907184706	0.16509030798223004	0.6871781096777607	1.4351801366038353	0.2739190016664398	0.07276507276507277	26.614035087719298	0.7556627210684425

S17S31.txt	1.49085840652837	2.2576808021887	-0.1688889916975597	0.12957197054457648	0.1424658952576186	0.30386256702046177	-81.76653171390014	0.46300181914437205

S17S32.txt	1.48493527055975	2.4910581980063826	0.4668160332913358	1.0061559157578919	0.14239513384447403	0.22157785315680054	-105.78407557354926	1.0675321559395592

S17S4.txt	0.268470471954534	0.6870391832593372	0.5015910415997886	1.019782615616968	0.23246196045659545	0.3136960600375235	-99.0109756097561	-0.7958152736673747

S17S5.txt	0.434079142011834	2.274276522075266	-0.03830708420847351	0.3572825116470065	0.1500106400652332	0.3230769230769231	-72.22820512820513	1.565521615246184

S17S6.txt	-0.364916534551898	-0.9906404072459302	-0.3858251288667914	-0.7226848532109942	-0.19522505752637825	-0.1708502024291498	25.51025641025641	0.795257449292955

S17S7.txt	0.138046359657234	-1.4138309620418832	-0.11625117844386534	0.2730272948036979	0.03349720167787899	0.12200459568880621	-42.442645074224025	2.007144964065106

S17S8.txt	1.61110594363315	-0.7316884109204853	-0.09999644315438416	0.3275315460343995	0.18724984980691814	0.3595141700404858	-46.294871794871796	0.6267943940262619

S17S9.txt	-0.2395813866567	-2.015810651874372	0.15453356185228015	-0.11233941902132116	0.041555449375904205	-0.1331655542181858	-237.73144399460188	-2.599178123857246

S18.txt	0.285890914229193	2.513267045550893	-0.11457377908256264	0.06790286387796113	0.07104939329167244	0.1782470729839151	-75.3157894736842	-0.010970496816267822

S19.txt	0.00483933410762682	-0.4302846890987416	-0.2656898445952322	-0.06769568600132903	0.03509936460155465	0.36732684101105156	-76.70715249662618	2.607244558409766

S2.txt	0.20593285005723	-0.94501691178429	-0.22609139036011822	0.11959753090892278	0.13548027785097858	0.5090056285178237	-114.22682926829269	1.689928225336346

S20.txt	0.0652383709708551	-0.5278724595707727	-0.27916224235539777	-0.07333485267209972	0.03179118287598695	0.3780501148922202	-88.41160593792172	1.3328164426903273

S21.txt	0.0717648189067153	-0.5482518532838383	-0.2682043381041251	0.07432642745641016	0.04124315640042316	0.3846153846153846	-88.88124156545209	1.0600428835164026

S22.txt	-0.0167602910028548	-0.8750648698948486	-0.2691829074289044	0.16074868170616885	0.052960262541282846	0.4292682926829269	-34.019744483159116	2.8491962129059054

S23.txt	0.15849563465413	-0.9032900614324417	-0.2133335734240741	0.03833564831512193	0.12571695233220853	0.41463414634146345	-82.57560975609756	2.497888001847179

S24.txt	-0.165960451977401	-1.1670534986790462	-0.3280238855138008	-0.41271745186739894	-0.19215685030541402	0.20275741328372904	-55.27395411605938	0.01867266833076201

S2S1.txt	0.156772456786625	2.2578730881810496	-0.15068916555340028	0.2749052468281763	0.07952904545518208	0.27003319108582263	-56.4352773826458	1.9288991931495225

S2S10.txt	0.205901700967954	2.3846405537602022	-0.12223204521135395	0.3570895451461856	0.09501140798291971	0.2882882882882883	-45.46230440967283	1.6705948466084866

S2S11.txt	0.0886435977435315	2.560194647562966	-0.1574964704583772	0.23098944420422374	0.020046936625787708	0.27003319108582263	-64.83926031294452	1.6574531159889838

S2S12.txt	0.303946085370073	2.4832808724170934	-0.1401673381428221	0.1587938705168871	0.11042596699789035	0.2524893314366998	-84.00426742532005	1.1371077179105311

S2S13.txt	0.30660022564874	2.8187089470252484	-0.13727745437317254	0.2569064528258704	0.030531681503472435	0.20910384068278803	-57.60597439544808	1.2280204684573375

S2S15.txt	0.113288943074182	-1.2815840425113247	-0.13880665653995164	0.3147698580206164	-0.027260519173379762	0.0910384068278805	-35.02560455192034	1.5500896584816672

S2S16.txt	-1.63553990610329	-1.118175449576804	-0.13635189063075948	0.3700058434323973	-0.03346562320337401	0.10739687055476528	-8.396870554765291	1.8928311249552008

S2S17.txt	0.112910798122066	2.30010481733306	-0.1326835077447542	0.45113703236042957	0.058164471831138764	0.2642521063573695	-17.44264507422402	1.8524875181596199

S2S18.txt	-0.0179107276819205	2.505640104059967	-0.18513898907070425	0.1441623054394986	-0.028642593531427365	0.0910384068278805	8.246088193456615	4.321753472066157

S2S19.txt	0.195092460881935	2.2073733093329095	-0.18944052240424755	-0.05413882981952173	-0.12770930692082752	-0.031294452347083924	-82.66287339971551	1.0950965097624064

S2S2.txt	0.123202737489797	2.460097198636123	-0.20402148869023545	0.10043636335705142	-0.015636036830920078	0.16026552868658128	-31.344238975817923	2.2496438231128497

S2S20.txt	1.41862520301901	2.0752415440806518	-0.03240107040532761	0.22364568764133247	0.04454560032246085	0.04006638217164532	-95.72830725462305	0.41087073198999224

S2S21.txt	0.0737927801218941	2.4710092165710145	-0.1563698873514839	0.29238823478448983	0.019940906795618968	0.11119013750592696	-4.237553342816501	2.8967329301592453

S2S22.txt	0.171005722863308	2.4074172768103477	-0.133320201368961	0.3650644708691301	0.03270960488139462	0.21005215742057845	-18.37126600284495	1.9278391525954315

S2S23.txt	0.244315523533265	2.675842316667358	-0.09160961745675983	0.26392066771311634	0.051330001819002775	0.22214319582740633	-52.78378378378378	0.818074141454276

S2S24.txt	0.352533483188161	2.8032187915948246	-0.07919473368544183	0.34587999633697414	0.09301510835000534	0.26600284495021337	-44.99288762446657	1.9851836778408118

S2S25.txt	0.149498201098277	2.312544013647211	-0.12547139262214085	0.39549264340122714	0.08135639159061764	0.21929824561403508	-36.900426742532005	1.366943243247246

S2S26.txt	0.282806286688127	-3.5313698197789862	-0.0409083868845041	0.5268052892260908	0.15590003727677523	0.2728781412991939	28.927453769559033	2.915168482363654

S2S27.txt	0.177264150943396	2.412006630926465	-0.0886885807453685	0.5858059289665813	0.13513462219060432	0.3250355618776671	-41.985775248933145	0.5230026733336233

S2S28.txt	0.205703998483987	2.897847886802041	-0.07540188938503234	0.5473888715668007	0.12872242346933443	0.28378378378378377	24.183499288762448	5.519381047441758

S2S29.txt	0.310580123632905	-1.1063845680213504	-0.2152146523499101	-0.06477239025672621	-0.06911771234388508	0.022048364153627306	10.470839260312944	2.3386139087456215

S2S3.txt	0.103527704152467	2.4201582919990083	-0.18529449197615241	0.1891249509698506	-0.05592513202798474	0.18041725936462777	-46.79658605974395	1.5938567477382823

S2S30.txt	0.357471755435299	-0.49646844045152266	-0.23087208231442025	-0.10318454868735527	-0.0789022130711722	-0.0030820293978188716	22.466571834992887	2.0204184978010598

S2S4.txt	0.135964912280702	2.506813388555066	-0.132691825712198	0.3343387556423356	0.08760919682647231	0.37126600284495015	-20.71977240398293	1.9474272994659911

S2S5.txt	-0.133844116534241	2.6583256067051733	-0.22392311164873713	-0.045174538121053265	-0.15474360447325783	-0.11762774920669658	-104.8272604588394	1.3220704249089712

S2S6.txt	-0.250809061488673	2.3482375713157437	0.17281973062855505	0.03539334705823444	0.03024214141043961	-0.05144618302513039	-147.27453769559034	-0.09131733614548136

S2S7.txt	0.140409235318172	2.434892170788251	-0.17510322724239366	0.16023341641050937	0.024513135098999838	0.26173541963015645	-24.94452347083926	2.162924856415198

S2S8.txt	0.0592061845950788	2.4238392631523964	-0.16280820020126385	0.1713911206045422	0.09102548660191281	0.3736367946894263	-33.486486486486484	2.4502397391744712

S2S9.txt	0.172073463783041	2.461783488153979	-0.14653875060126367	0.31887392796812364	-0.011776005528986068	0.12256993835941203	-59.61308677098151	1.3083530978903302

S3.txt	0.128338136407301	-0.5323621719787617	-0.25284282148201687	0.1397340170759046	0.11474329053837469	0.458502024291498	-107.50769230769231	0.4112333015558086

S3S1.txt	0.172721299164555	2.4093649216229447	-0.14478830093975298	0.44229102434282475	0.08372124455852369	0.2773826458036984	-2.943100995732575	3.1777567799619666

S3S10.txt	1.3687836180051	2.618021834958326	0.45987348226011526	1.1329669055280802	0.171825269751189	0.16714082503556188	-5.038406827880512	1.9296149383650303

S3S11.txt	1.68208221626452	-4.605170185988091	0.5491465056140599	1.2596322104095528	0.22860800424138694	0.07444286391654813	-22.317211948790895	2.595619007866262

S3S12.txt	0.387153443209403	2.361602381166253	-0.1257330944927919	0.29234217232080717	0.19002538081616807	0.34755808440018965	10.7724039829303	2.566536704495989

S3S13.txt	0.250624399615754	-2.677575420655601	0.30366323707550347	0.1160905896659834	0.2503107472793806	0.0007112375533428164	-82.05689900426742	0.22692815111287806

S3S14.txt	0.0980787704130643	0.3285618243521343	0.28810430324397807	-0.08158261329856165	0.1590814142183651	-0.07752489331436699	-172.3783783783784	-1.8658048565984497

S3S15.txt	0.215421556467258	-2.665637397362194	0.2227784824274122	0.08974217058353984	0.13946894347258498	0.14058795637743005	-94.04267425320057	1.681651413642947

S3S16.txt	1.69918757811749	-2.599487879397188	0.5136866283388317	0.9620598466052194	0.2190539043324651	0.040376408797461426	-122.2280701754386	0.7031571956622545

S3S17.txt	1.65002557708293	-2.5761637829835786	0.49596160517483895	0.9626114026472437	0.105522224017994	-0.018054491738702265	-122.00944669365722	0.34615210457133117

S3S18.txt	0.404003383140682	2.4655015417115296	0.020048537897938395	0.5023831594537015	0.2535830443222018	0.4812707444286391	-22.731152204836416	2.7047370921330405

S3S19.txt	0.380309423347398	2.4490002224241723	-0.0030110820576877972	0.6127371292049573	0.2497565276581467	0.47605500237079174	-28.43243243243243	1.805770359436592

S3S2.txt	0.127808193316972	2.4972540221824033	-0.10608200217143038	0.29605194179063776	0.04852099164123794	0.17124411861253966	-33.746288798920375	1.870669587460484

S3S20.txt	0.331204208153297	2.4439507990820353	0.09603753719935015	0.7209714835282544	0.23617029440553874	0.3940256045519203	-33.36273115220484	1.9386577238260967

S3S22.txt	0.367924528301887	2.40272472068852	0.48071334834178003	1.3116015871236855	0.25375777241832637	0.3831199620673304	-44.71834992887624	1.1658291043917528

S3S23.txt	0.402542372881356	2.684102866875838	-0.0006042341897401771	0.38671607105735933	0.2401678883374499	0.44855381697486957	-65.22048364153628	1.711172489081219

S3S24.txt	0.391378012048193	2.6787407194056474	0.42423190638949104	1.1721080723835129	0.23762330702976242	0.4061166429587481	-19.083926031294453	1.340188086067474

S3S25.txt	0.399248120300752	2.534816607182484	0.004908144955874327	0.43329928858001593	0.2762215563123796	0.5130758288653026	-51.55600539811066	0.9823210258131468

S3S26.txt	0.295052331113225	2.4218421183591197	-0.09063479938381236	0.3710740464965397	0.10028642471615377	0.30772878141299187	-50.42958748221906	1.4139384396733665

S3S27.txt	0.321245490791722	2.5779691420178863	-0.0842126255571232	0.36837652393057285	0.1072646796724834	0.286628733997155	-44.66571834992887	0.7052604377640325

S3S28.txt	0.0686598132603979	-0.7869994760618664	-0.13999528883105844	0.4569668065684105	-0.04619042557956991	0.10953058321479373	-49.738264580369844	1.2122692965429684

S3S29.txt	0.267972001513432	2.3528648055075134	-0.11234646570775303	0.34197940952009664	0.09471057234538535	0.23020388809862494	-25.281650071123757	1.661433323771495

S3S3.txt	0.133402081184963	2.5196875681091218	-0.08708238181358385	0.4603432936058196	0.04117387083265357	0.1695116168800379	-18.362731152204837	2.120374497576267

S3S30.txt	0.255921925336365	2.333566878141143	-0.13180290480811785	0.18924632641370642	0.09873313221633585	0.3335704125177809	-44.819345661450924	1.2485066824583229

S3S4.txt	0.24849454271735	2.3393810145490486	-0.06397443707605521	0.5227667865456733	0.051306647549833884	0.0779990516832622	-37.132290184921764	2.9195618308419506

S3S5.txt	0.216328850161015	2.755227652012822	-0.08598118793256487	0.39524822706349455	0.11260600210297175	0.103366524419156	-24.547652916073968	2.647929180479272

S3S6.txt	1.37344713134187	2.936343334421324	-0.11628515316385979	0.36581912514999393	0.09151335062951264	0.08345187292555711	-20.39402560455192	2.6460198044072776

S3S7.txt	0.151693804978477	2.318700700465208	-0.12052299603779593	0.44308758313753316	0.08744928788529967	0.20957799905168323	-49.10241820768137	2.3774689371201956

S3S9.txt	1.41216665084939	2.7320619290450723	-0.12864758206731178	0.1878361535154362	0.1857483423195433	0.30915125651967756	0.10099573257467995	3.50810450372836

S4.txt	0.212214326867678	-0.935242978038527	-0.21968505560012438	0.1485426597883649	0.14849888080317283	0.5402834008097166	-109.68333333333334	0.9740185884787698

S4S1.txt	0.0314668694742847	2.259496244873519	-0.17002859940217713	0.22671787671682486	0.020233277737858386	0.10868347338935574	-72.5079365079365	2.214789147688717

S4S10.txt	-0.139629805410536	-4.605170185988091	-0.2783408838643939	-0.23716714159319474	-0.1500326344340956	0.013165266106442579	-145.37936507936507	1.1369039813902762

S4S11.txt	0.0241766609556444	-4.605170185988091	-0.24695094873343856	0.01733725413960774	-0.028922133975465586	0.18123249299719887	-144.11269841269842	0.6703939217666557

S4S12.txt	0.103996194100856	2.462410211725631	-0.579655144693399	-1.076514067262185	-0.08571013308482033	0.12277992277992279	-172.23573573573574	0.8325806869989874

S4S13.txt	0.0614859094790776	2.425467091869174	-0.20107322947478293	0.11752636420467355	-0.012410366221927448	0.16498599439775913	-124.11904761904762	1.6292724366850078

S4S14.txt	-0.228658536585366	-2.534273561561709	0.344313893496585	0.75605898361958	0.0870211008729051	0.21261261261261263	-91.87837837837837	1.1937481070420606

S4S15.txt	-1.70877025738799	2.1380950209412846	-0.19890348403257982	0.13851059054438342	-0.0496029881967415	0.027450980392156866	-86.08253968253969	3.394104679417596

S4S16.txt	0.162426428707044	-2.4816640048404466	-0.18000910185223248	0.01757965308642695	0.07246102409959695	0.3190476190476191	-114.93492063492063	1.2675622462911313

S4S17.txt	1.36454605699139	-2.4597004514448377	0.2202620084431843	-0.061303081621035704	0.19921595913629725	0.4803921568627451	-139.43174603174603	-0.5269886328264961

S4S18.txt	-1.65725568560282	-2.0833602786622745	-0.5428969543770421	-1.0434786276178367	-0.014998530485362937	0.16526610644257703	-133.54920634920634	0.7966657748297689

S4S19.txt	0.168033568567614	2.0523460153737623	-0.43985837102618397	-0.9340003573941552	0.003789815860721998	0.055462184873949584	-199.9031746031746	-0.619828418269436

S4S2.txt	0.0707756102158137	2.014780582556492	-0.1001478063265846	0.38947991971405327	-0.019347133658977486	0.03732303732303732	-86.45345345345345	1.6416387288843715

S4S20.txt	-0.327164036346246	-1.6869624483172103	0.11901791475374196	-0.10319781027058289	0.06621395752851833	0.111484593837535	-113.65396825396826	0.25057483447573115

S4S21.txt	0.0430785420453458	-4.605170185988091	0.25606545956739857	-0.011548921129864831	0.04957691811048277	-0.2677871148459384	-216.03809523809525	-1.4469785758162979

S4S22.txt	-1.22590182757631	-4.605170185988091	-0.17880290134573312	-0.048218667120193404	-0.0937472836472016	-0.16834733893557424	-130.64285714285714	-0.7896395819425259

S4S23.txt	-0.00909090909090915	-4.605170185988091	0.23057384710856282	0.08916004917608089	-0.010720704967389999	-0.35378151260504204	-215.07142857142858	-1.457518234580058

S4S24.txt	0.238746057536079	-4.605170185988091	-0.0698201610348112	0.34218087229497196	0.08156003621941987	0.14901960784313728	-47.303174603174604	1.1183566958073905

S4S25.txt	0.0217827457724276	-2.0785851326779983	0.195671590740512	-0.14091928908190643	-0.01714391046158765	-0.319327731092437	-209.1	-2.3911884267544967

S4S27.txt	1.6485026535254	2.8372877933113987	0.46938237888584783	0.8989869148800771	0.3369000309062855	0.3456582633053222	-74.16031746031746	1.177308370811242

S4S28.txt	1.64546056991385	-2.8780618562753553	0.23837394235233647	0.1830785517417351	0.33510246918737796	0.4448179271708684	-101.68888888888888	0.8808457016575396

S4S3.txt	-1.57895870117566	-2.310480664140435	-0.47455602172182854	-0.9130647281315967	-0.018223443557282257	0.1341055341055341	-130.44594594594594	0.5492856165579405

S4S30.txt	1.64538133585978	-2.856096060526121	0.24333860883535627	0.10675377084067367	0.33401600307743456	0.37535014005602246	-83.06190476190476	1.0284622921994881

S4S4.txt	0.163162401293883	2.228601777008254	-0.48389143006335555	-1.0570094468797002	0.03697821252155259	0.2030812324929972	-103.86507936507937	0.9240583397341475

S4S5.txt	0.0451477996388177	-4.605170185988091	-0.26496849913857023	-0.13457463110583112	-0.02338760298829457	0.16010296010296013	-94.66816816816817	0.6893639103040775

S4S6.txt	0.0870061875297478	-4.605170185988091	-0.16148913449096822	0.16169747548161273	0.03328967305585506	0.13837535014005603	-58.55079365079365	2.162679461169783

S4S7.txt	0.20938662596585	-2.163799711570315	-0.3860747541524766	-0.8209143495984115	0.047265798697811834	0.1700280112044818	-174.9777777777778	-0.8234966062647965

S4S8.txt	0.110464561671277	-2.100414399882333	0.300729684559319	0.687060314867774	0.09297801209234596	0.2815126050420168	-46.93174603174603	1.1412570083596734

S4S9.txt	0.199025415631569	-4.605170185988091	-0.2066328069796925	-0.09585883560881175	0.0779637920551424	0.20952380952380953	-147.92857142857142	0.5739707427931114

S5.txt	0.247695268969709	2.2834160132068084	-0.13296367598680686	0.28908174462446223	0.20724667781702766	0.49437148217636023	-86.49512195121952	1.5545635873946717

S5S1.txt	-0.0925310809528329	-2.6043038496021893	0.5296244349843624	0.9601443345437559	0.08741295904413751	0.05490196078431373	-125.40793650793651	-1.4831309099183516

S5S10.txt	-0.00904848080769605	2.6297837236819186	0.5718934619021026	1.1833894478056912	0.12037763906462337	-0.12128851540616246	-88.37301587301587	0.08123261969752976

S5S11.txt	-0.353819807820379	-3.1141445102546212	0.17886746806119908	-0.04315207464635251	-0.12885048069757224	-0.39131652661064426	-210.14920634920634	-0.8653125197214153

S5S12.txt	-0.123865048265316	-4.605170185988091	0.17033464541354065	-0.09271957930208197	0.00394850505418777	-0.19439775910364146	-176.76031746031745	-1.126909663240784

S5S13.txt	-0.00669833729216152	2.433122202562546	-0.15065307701262293	0.25668978832438305	0.007288998799933442	0.06302521008403361	-68.77142857142857	1.904430307465531

S5S14.txt	-0.289919163100333	2.6489135652039075	-0.12289298546302352	0.19260855523837606	-0.11510384944068924	-0.2123249299719888	49.48571428571429	3.312763002795396

S5S15.txt	-0.0095486935866983	2.2595898690662843	-0.20466311612167337	0.22658223237029618	-0.056652359060621243	0.07282913165266107	-104.00952380952381	1.0169767629579662

S5S16.txt	-0.0379624359704041	2.299358390946435	-0.21505665823743333	0.07443471027593818	-0.048540999916414744	0.040336134453781515	-36.98253968253968	1.2811087643690369

S5S17.txt	-0.00383520030377826	-1.674859660868056	-0.19091044853657435	0.2171498537026092	-0.05956535414963026	0.05910364145658264	-104.6920634920635	0.5934135472125369

S5S18.txt	-0.0106855029866312	-1.7609690418038935	-0.192506983157319	0.18113355978415202	-0.10648628064668726	0.024649859943977594	-95.46349206349207	2.033149959448303

S5S19.txt	-1.55724243292275	-4.605170185988091	-0.4471860213189268	-0.8219536822398128	-0.32015834078922295	-0.37282913165266107	-242.51746031746032	-3.0944948670528856

S5S2.txt	0.243691899070385	2.4007704319986125	0.5127305853505983	1.0630547232575918	0.10342611711732688	0.08543417366946779	-121.9063492063492	0.1626081447157008

S5S20.txt	-0.0538198403648803	2.0281037437784013	-0.11736454669297819	0.23957077277155492	-0.14607079136459358	-0.12605042016806722	-142.33809523809524	-0.2320365985447439

S5S21.txt	-0.367981327998476	2.21561928726258	-0.1184241725387204	0.19173031547867814	-0.18915239434127876	-0.22268907563025211	-68.61587301587302	0.6276555282305272

S5S22.txt	0.0264291158536586	-4.605170185988091	-0.1590016290695924	0.17847835713720683	0.04870720207261948	0.1711484593837535	-5.428571428571429	1.305672532541926

S5S23.txt	-0.0592011412268189	2.48927853597032	-0.16052678012075117	0.2926390061295674	-0.06319457448281762	0.027170868347338936	-67.64920634920635	0.7194305918834826

S5S24.txt	-1.7509032135387	2.5286790301911672	-0.17532182141563984	0.10527847167704307	-0.24331345666810023	-0.26106442577030814	-54.43809523809524	0.9757780909953349

S5S25.txt	-1.45130302453871	2.425112406460245	0.1731900482509467	-0.11601273878214013	-0.12461856117224393	-0.3495495495495496	-127.07657657657657	-0.4193199637952246

S5S26.txt	-0.0353008160941356	2.694052551224126	-0.14019069750521537	0.358273764270419	-0.006062078185076718	0.08235294117647059	-73.3079365079365	3.0553157133126723

S5S27.txt	-1.59000286177621	2.1148536640918625	-0.05681223105663874	0.14849010369220617	-0.10338175301719438	-0.284873949579832	-143.28571428571428	-0.00806933237727473

S5S28.txt	0.153079123139003	2.3022932358012076	-0.1774713263631473	0.13708567649672398	-0.035675924124925415	-0.06512226512226513	-168.07807807807808	-0.4967668739262175

S5S29.txt	-1.46958011996572	-4.605170185988091	0.08298847672612938	-0.07725206333068912	-0.11688968424362456	-0.32605042016806723	-148.7095238095238	-0.7862082465952395

S5S3.txt	0.00256751616584261	0.24662316556229136	0.23529272026039322	-0.07495184251513876	0.11139262038209732	-0.1338935574229692	-172.64761904761906	-1.376752720837516

S5S30.txt	-1.33533162051575	-4.605170185988091	-0.1760207888078375	-0.09124663351223394	-0.1328164905011644	-0.27647058823529413	-123.65873015873017	0.34652467374425816

S5S31.txt	-0.327797285754959	2.9127532152266316	0.1423389165936132	-0.042075116532422685	-0.11956355818900805	-0.3434173669467787	-171.16190476190476	-1.1446581555385096

S5S32.txt	-0.00346534653465347	2.25497388006089	-0.2306670354467859	0.1254320037400133	-0.24175278558023486	-0.23333333333333334	-221.36507936507937	-1.502556261748543

S5S4.txt	0.26877246075279	2.2859649998890044	0.41634062656878945	0.9108606087075501	0.14339161206173198	0.23501400560224092	-43.62222222222222	1.7927789953219175

S5S5.txt	0.222390891840607	-2.519621523178535	0.4629185416762615	0.9700559483887132	0.08931593129036974	0.1907563025210084	-77.56507936507937	1.237242657218633

S5S6.txt	1.44021635984058	2.448212802552198	0.5415614175134275	1.0820531128689064	0.09415887861716046	0.18011204481792717	-133.96349206349205	-0.7419167265371309

S5S7.txt	-0.223359878649981	0.18467594542087062	0.1673137441243387	-0.22273025879241037	0.051404819547898176	-0.027027027027027032	-224.94594594594594	-2.566752516043952

S5S8.txt	-0.227298686464877	-4.605170185988091	0.18886203658395345	-0.10897512292396705	-0.04969214804114115	-0.27871148459383754	-174.32222222222222	-0.5449107986230279

S5S9.txt	-1.42358661454857	-4.605170185988091	0.19123188233918698	0.0033542250544115193	-0.10159719226072866	-0.25098039215686274	-117.53015873015873	0.19224724048567363

S6.txt	0.14345785253276	2.66996843643693	-0.27784788505229097	-0.10977907948043009	0.10607636036789514	0.4637651821862348	-113.81666666666666	1.4413340055154704

S6S1.txt	0.0450939457202505	2.2423445018347694	-0.06095225401330337	0.41099404648035515	0.10932369668661289	0.2484593837535014	-4.36031746031746	1.602134546813051

S6S10.txt	1.40042069031456	-2.4259631866062734	-0.0897979559988703	0.27233653778108374	0.04317353996521146	0.07104247104247104	-96.16516516516516	0.2504029452204812

S6S11.txt	0.088421052631579	-2.674581733534798	0.3085966546368668	0.31196825221118785	0.03129166299053424	-0.17983193277310924	-181.0920634920635	-1.4516967488093493

S6S12.txt	0.0198882469930866	2.195695959414658	-0.07983990697739757	0.45158890965986637	0.05385979784346907	0.17983193277310924	-4.412698412698413	1.090087273385813

S6S13.txt	0.0967386091127098	-2.2813442200247356	0.25488419278798935	-0.06823921089998897	-0.06376547263925195	-0.2681365576102418	-232.39402560455193	-2.7568443386672175

S6S14.txt	0.153605905735378	2.191777259425967	-0.09195777298181596	0.26478596859715536	0.07935615954750877	0.22128851540616248	30.33015873015873	1.8236199687692636

S6S15.txt	0.079850366756596	0.27184059725912807	0.5543916031725311	1.443890331229072	0.1480483429406811	0.12432432432432433	-78.8933933933934	0.4568118011007211

S6S16.txt	0.216928197812649	2.193012520320288	-0.0310960274661419	0.4475283485415268	0.08382072696457278	0.12997198879551822	-38.682539682539684	1.0761248686804354

S6S17.txt	0.310781441935179	2.4563166613131093	-0.1447603537045531	0.11814512115101039	0.13599804455768008	0.30701754385964913	-62.408250355618776	0.8219915308922164

S6S18.txt	0.284356586200342	2.4423172206315287	-0.13768430165646	0.1500942811369922	-0.014041186824948372	0.054311454311454316	-53.66066066066066	0.4889434391208309

S6S2.txt	1.51526754092084	-2.420768035270743	-0.1957329748349313	-0.1408516800252279	-0.028865117136675167	-0.12997198879551822	-79.2936507936508	0.16893504571101522

S6S20.txt	0.0972607951303025	1.8931366382043167	-0.059462869039697885	0.3775902808460987	0.11646959525901888	0.30560224089635857	-13.396825396825397	1.6029311877462096

S6S21.txt	0.124358243011979	2.2987731304387156	0.04691199293312395	0.3367619437946616	0.05069709043535113	0.09803921568627454	-105.36190476190477	0.8423685382090635

S6S22.txt	0.0419945018485164	2.613590789113435	-0.08245635341866786	0.4049465462877438	0.0460100565533766	0.19719887955182075	29.525396825396825	1.713006502267406

S6S23.txt	0.157755275858806	2.5490776640234336	-0.17853732462541028	0.15631587831662985	-0.07418867802763539	-0.009523809523809525	-40.228228228228225	1.7763198968174905

S6S24.txt	0.211438310766026	3.1038092771202397	-0.17307196344306672	0.15813153205707464	-0.025542044095041294	0.054568854568854575	-43.77927927927928	2.0310796913408597

S6S25.txt	-1.41487477646368	2.886271173693401	-0.16637766800342205	0.06279018984171603	-0.03248522676863244	-0.03758043758043759	-27.50750750750751	2.0334935700375283

S6S26.txt	-0.0227768814653126	2.2911474982980526	-0.1228078948640764	0.382214329552769	-0.00764290562873465	0.08263305322128851	27.223809523809525	3.8887288490454734

S6S27.txt	-0.0924906850100314	-4.605170185988091	-0.06256115762102271	0.3945992367946757	0.050105041069832296	0.050700280112044825	-20.001587301587303	1.3422950393125037

S6S28.txt	0.226456753383892	3.290182370753576	0.5646189948158548	1.1673549627184912	0.06879941101170242	-0.2370656370656371	-183.49699699699698	-1.4936333875185333

S6S29.txt	-0.0135532177044829	2.746893097853013	-0.1404921955668846	0.2773278177726185	0.039450471652096655	0.1585434173669468	-48.38253968253968	0.7428013017104687

S6S3.txt	0.105603053834288	-2.140405015759865	0.12316310689854945	-0.3923418726634075	0.01145693148522142	-0.14826254826254825	-139.01951951951952	-1.4959163385930414

S6S30.txt	1.23819328607173	-4.605170185988091	0.3556607441757589	0.8980870002967856	0.10298549433197159	0.14877734877734877	-115.42042042042043	0.45481388436299597

S6S4.txt	-0.0486645756106834	1.782123114334829	-0.16087270353193944	0.38048048954046854	0.017294984118667353	0.11260504201680673	-36.34603174603175	0.9804780577264164

S6S5.txt	0.224165949718	-1.9454847981151566	0.16398662660540356	-0.21663598440745446	0.07513826741067628	0.0416988416988417	-139.72672672672672	0.13493697901297524

S6S6.txt	0.240849611227005	2.544969961873022	-0.03783734744366707	0.27359631857136657	0.15316076704815199	0.3783783783783784	-64.18618618618619	1.0141456330510343

S6S7.txt	0.250070989115002	2.219471627200169	-0.10222162699032553	0.33968030724671283	0.03720684004472816	0.16246498599439776	-17.392063492063492	2.4115139258623115

S6S8.txt	1.47292004967046	-2.0747920250357197	0.3602156617441927	0.7969291371888075	0.06258784272648618	0.10090090090090091	-225.32282282282281	-1.7569449491446223

S6S9.txt	0.237904761904762	2.006706189625232	-0.05406811264645839	0.4264942834461898	0.11416540750856603	0.192436974789916	-12.933333333333334	1.1366914064225655

S7.txt	0.164158950617284	2.731958839563212	-0.26788586320270424	-0.14800032053529955	0.11460398364163052	0.48442776735459675	-115.71463414634147	0.6921875886460764

S7S1.txt	-0.183462777041106	-0.8324317616778729	-0.2828866041989052	0.11256417193153168	-0.18640414238846106	0.057703081232493	7.1079365079365076	3.844684584652724

S7S10.txt	0.235539541058221	2.7444055489312458	-0.18963200978085415	0.013643977409154018	0.050649223031338564	0.18661518661518664	-80.31981981981981	0.5837603157844418

S7S11.txt	0.338623835772667	-2.595629353483029	-0.14578393669168777	0.0728595293187766	0.01864921399127237	0.18039215686274512	-101.82063492063492	0.14548426075540513

S7S12.txt	0.385571903179877	2.693510753689093	-0.18069069566401233	0.009456632206861215	-0.00773478643865137	0.17198879551820728	-106.13809523809523	-0.18462659208718984

S7S13.txt	0.232626119754833	2.361698606119584	-0.2292059161178437	-0.048535746509522526	-0.007957228206391364	0.1523809523809524	-29.24174174174174	1.778730324744306

S7S14.txt	0.298101688447963	-2.648338338545288	-0.4324960034767375	-0.9881905667275529	-0.06918695587459993	0.10090090090090091	-71.33033033033033	0.3323577867833234

S7S15.txt	0.203578154425612	2.5633513846007467	-0.18256468837454262	0.23131954690907353	0.03586670536922801	0.2773109243697479	7.271428571428571	3.042708626392529

S7S16.txt	0.148931685350196	-1.8433586455547204	0.0318706855312173	-0.45493086465197724	-0.012204849010199543	-0.02661064425770308	-30.457142857142856	0.7438111964580137

S7S17.txt	0.350227790432802	-2.74339463859668	-0.17991920562369804	0.03769864704083331	-0.00885494631154703	0.16554621848739498	-119.4888888888889	-0.1525012624537618

S7S18.txt	0.141651481730124	-2.8962456783607924	0.3185682043559368	0.22399991547508957	0.0036945006790851404	-0.2453024453024453	-190.46696696696696	-2.149070954499458

S7S19.txt	0.0545957812350865	-4.605170185988091	-0.22567709861719443	0.16990834212144712	-0.16043472784465365	-0.01596638655462185	-68.92857142857143	2.1419034810019437

S7S2.txt	0.199124726477024	-2.9870989655435247	-0.45653273032625885	-0.980892440874598	-0.02214394049931505	0.16653796653796654	-94.62762762762763	0.004401664653537665

S7S20.txt	0.0670241286863271	0.3879812644625567	0.3194439446553897	0.1802998850482198	-0.02207336350595321	-0.3261261261261261	-210.17417417417417	-2.6708951761161432

S7S21.txt	1.62937073872521	0.5658907855496438	0.6672451263862512	1.4662808725645688	0.30187084490578436	0.2147937411095306	-43.388663967611336	1.1965157922217868

S7S22.txt	0.0149712092130518	-2.4525626235215774	0.21214733687691067	-0.033482323523978175	-0.055114849009448005	-0.3008403361344538	-187.5015873015873	-2.7696224567923013

S7S23.txt	0.227406481392442	-1.8235646595104293	0.12589564920562518	-0.398047825360456	0.011912601770301477	-0.10308123249299721	-192.3984126984127	-1.902775562714924

S7S24.txt	0.0835732105162157	-2.0882516692944546	0.21087641107321917	-0.22127567554680916	-0.03364640425735027	-0.3737451737451738	-191.5870870870871	-2.5569980246122563

S7S25.txt	0.0332767722473605	-2.8100496373781123	-0.4849641867896347	-0.9624332000245258	-0.02353578191997705	0.2117117117117117	-174.14509246088193	-0.5795341617141199

S7S26.txt	0.168107588856868	-1.9132848571866705	0.1452777380787867	-0.3269498325578988	-0.07138232322931957	-0.20084033613445382	-261.2920634920635	-2.116569347862606

S7S27.txt	0.045922256097561	-2.1529108686205385	-0.5360131012802987	-1.1328764934496984	-0.04177545274554912	0.09607843137254903	-84.19365079365079	2.3838585431816006

S7S28.txt	0.126224566691786	2.9453818568520678	-0.2714023720829993	-0.0988281505982136	-0.1014428136409085	0.05966386554621849	-40.99047619047619	2.201909348383973

S7S29.txt	0.0420485684588491	2.5175346597167687	-0.20337032594908314	0.05765259355739838	-0.0803510049100592	-0.026769626769626777	-140.4834834834835	0.8199241272526017

S7S3.txt	0.00823239969719913	2.5831537004885976	-0.25445066110446424	-0.08246271733138044	-0.07653972855928655	0.06834733893557424	-34.02063492063492	1.290081331834

S7S30.txt	0.0197696737044145	-4.605170185988091	-0.11786063218668327	0.2514587383849728	-0.10072855709156063	-0.24684684684684685	-83.11711711711712	1.6001914962877857

S7S4.txt	0.0273234376477263	2.8100605407954324	-0.28297079155672145	-0.08651339345366404	-0.11966492776975059	0.11288515406162467	-42.407936507936505	0.7873525200497086

S7S5.txt	-1.46805755395683	-2.542701035600833	-0.48142532165968466	-1.0812299910755983	-0.12199039794230983	-0.12767052767052767	-117.1006006006006	-1.291949571483825

S7S6.txt	1.22537973466641	-2.0376254517032604	-0.5318320403095937	-1.3723475587346545	-0.07652009175914949	-0.3344537815126051	-16.353968253968254	1.474239697484906

S7S7.txt	-0.250120019203072	-2.9851075452631886	0.08704156733980653	-0.18702893419384659	-0.16468115336128847	-0.42754182754182757	-210.4099099099099	-2.7314009705125244

S7S8.txt	0.13686428503017	-2.1886987803740743	-0.4667261607497245	-1.153124127000865	-0.06603364121345001	-0.1716859716859717	-2.481981981981982	1.534756784543523

S7S9.txt	-0.073972343246827	-1.1597895961115912	-0.25505775501200423	0.029340561383503383	-0.14935180066036086	0.02296918767507003	19.817460317460316	2.858431232643288

S8.txt	0.182555780933063	2.617318238449562	-0.22071881888891812	0.12419891579512454	0.15339318224420329	0.5317813765182186	-121.30384615384615	0.9172274272396855

S8S1.txt	1.50771756697822	2.467813037211579	0.5602218292087964	1.423722329108002	0.13315216119522444	-0.0644855381697487	-128.83783783783784	-0.24543345889478788

S8S10.txt	1.46869987734692	2.461803222258375	0.4268072455023306	0.9332535195126435	-0.04703028426956605	-0.25571725571725573	-127.33468286099865	0.17018640091418447

S8S11.txt	0.344942621901796	2.6527083414951353	0.5388154008603432	1.105192432983459	0.08237992716415456	-0.08321479374110952	-153.4452347083926	0.05848197112925719

S8S12.txt	-0.264374295377678	-2.6279554640260434	0.18906291502793587	-0.021552710091810423	-0.05192288771533729	-0.28482328482328484	-186.53171390013495	-1.2087433633422102

S8S13.txt	0.351730886430159	2.2924837393352857	-0.10717017770031195	0.27081111289866666	-0.00964126823622355	-0.17662399241346607	-156.02418207681364	-0.4997329957224991

S8S14.txt	0.236006726380452	1.9028820616591295	-0.10852524601037725	0.16222355726355564	-2.2799262202101173e-06	-0.15244191559981032	-168.97724039829302	-0.6231379685447364

S8S15.txt	0.34168308471714	2.7909254189574524	0.4277076608442656	1.0173885528949955	0.013032174591138737	-0.16974869606448553	-109.82930298719772	0.8108910032739539

S8S16.txt	0.36654978600526	2.2140605245703546	-0.028961913872261824	0.3756152644517327	-0.012078821122537138	-0.15410146989094353	-131.80796586059745	0.028700264466966677

S8S17.txt	0.280846923487575	1.6797047336190727	-0.031833400543477386	0.47628058614651814	0.010601679232569466	-0.06330014224751065	-182.89615931721195	-0.8312219784766737

S8S18.txt	-0.208869137670197	-4.605170185988091	0.01738375890398433	-0.39591826330650803	-0.15539404503458476	-0.2923186344238976	-229.60170697012802	-2.0378274670359984

S8S19.txt	-0.207545394674946	-3.0580519506557353	0.4143203664721965	0.9044183450825471	0.096668125744022	0.13141481562534194	-23.738191632928476	3.2069352595794505

S8S2.txt	0.25064385026738	2.3115943457453847	-0.05829890777630603	0.43536895787263347	-0.036581972920245925	-0.19890943575154096	-138.52631578947367	-0.4908468638641079

S8S20.txt	0.0204736295876969	-4.605170185988091	-0.2214208003386639	-0.040146832563294654	0.06395660158898682	0.23186344238975812	-38.6827880512091	2.295990448761031

S8S21.txt	0.321347464042392	-4.605170185988091	-0.07376119459727995	0.25687789224182594	0.13135016265150987	0.23447131341868183	-40.15931721194879	0.9040002506625202

S8S22.txt	-0.245743473325766	-4.605170185988091	0.435546835052353	0.9092994383483516	0.07912361602296583	-0.02086296823138928	-134.6344238975818	-0.2866551305406728

S8S23.txt	-0.258615805872911	-4.605170185988091	0.3808554936115773	0.7184636930780669	0.07403477824951626	-0.05855855855855855	-126.9103840682788	0.6215481687964816

S8S24.txt	-1.76990648909039	-2.0433603185557203	-0.5333045565311628	-1.078136130376958	-0.06510971360158503	-0.015410146989094355	-128.04551920341393	1.0982451055993787

S8S25.txt	1.39068845027859	2.98496291712386	-0.1896262062251608	0.017010099328662154	0.0021717063208081993	-0.010668563300142247	-48.834992887624466	2.656423121568686

S8S26.txt	0.391317288885109	0.2652691385449033	0.6820482078325333	1.3932084503458815	0.2110366385150882	0.13323850165955428	-28.116642958748223	1.3085511757000543

S8S27.txt	-0.174249575231263	-4.605170185988091	0.18598495358924916	0.10149423504556154	0.05364415739930353	-0.04694167852062589	-157.31294452347083	0.4907483560884636

S8S28.txt	-0.00986616922234396	-4.605170185988091	-0.15388416643036545	0.18192647476752088	0.029824326062640526	0.10668563300142248	-6.310099573257468	2.2246337511826417

S8S29.txt	0.256521329692061	2.724176629922011	-0.16376956777678509	0.12076209133507088	-0.05001824861556094	-0.08558558558558557	-124.20483641536273	1.3162453569432873

S8S3.txt	1.47153796791444	2.808831136075636	0.4237555792793649	0.9334445118813319	0.006431282366786505	-0.18397344713134184	-150.29445234708393	-0.661193352833715

S8S30.txt	-0.0109015784666081	-4.605170185988091	-0.2390787710390591	-0.05551453758290137	-0.03743624431002783	0.10360360360360359	-91.6330014224751	2.2386204343034057

S8S4.txt	0.37435624983933	2.116132023560388	0.5331961667390783	1.2875921073152712	0.07318349440329912	-0.06804172593646277	-133.1692745376956	-1.1174487175881653

S8S5.txt	0.18984385026738	2.0694502918861666	0.11599533709070478	0.6559260803524545	0.0562759221314607	-0.10455192034139402	-58.31009957325747	0.8731486727485382

S8S6.txt	0.0184835910976989	2.1120833646131723	-0.07454672515373234	0.481108606186736	0.05460438135827143	-0.0021337126600284493	-56.33854907539118	1.6785434182189194

S8S7.txt	1.48380895420369	-2.6694874307788403	0.47404884829960553	0.9951280847422512	0.017047725525208574	-0.2515410146989094	-137.6927453769559	-0.28629542258572194

S8S8.txt	0.170178379540082	2.3679485260706605	-0.15096281043985502	0.08750243249811435	-0.056737976459342136	-0.06258890469416785	-187.23897581792318	-1.2407684948405773

S8S9.txt	-0.123593398349587	-2.6661721239083045	0.46842343578951984	0.9871205314916036	0.044248881186592294	-0.21882408724513983	-146.30583214793742	-0.4373702083992338

S9.txt	0.333194241602337	2.2387738047638224	-0.19745999544127102	0.009814778428365534	0.19792446282442022	0.5279352226720647	-146.74615384615385	0.09988473934436776

S9S1.txt	-0.111022695527771	-0.5201305450483852	-0.19713544365173913	0.07489413433304948	-0.2895628238609119	-0.20822847138636613	-96.99325236167341	1.0425111559731997

S9S10.txt	-1.67143658810325	2.302686564328742	-0.26420576933459744	-0.12083941754432859	-0.19040267967345323	-0.24893314366998573	-147.29018492176388	-0.23796688541418248

S9S11.txt	-1.66527797975996	-4.605170185988091	-0.6018458331350507	-1.2401690461248522	-0.22983475841878315	-0.16314695262063683	-161.76248313090417	0.15883122546975018

S9S12.txt	-1.6866291110221	2.420917242049074	-0.22521167621000188	0.07740808348665074	-0.21442629869929414	-0.18752963489805594	-145.56614509246089	-0.21742370124191762

S9S13.txt	0.173861112980284	1.0896854361085355	0.12926334365726666	-0.20832566587549883	0.1372315644943501	-0.03796914323230113	-257.1862348178138	-2.891112330513226

S9S14.txt	0.380431761326786	2.6590438755790604	-0.12760096377069596	0.10575405079654598	0.04703765865571044	0.179560126928548	-105.80701754385964	0.1544924653588166

S9S15.txt	-0.173843407464255	-0.825866429576632	-0.4624724985128066	-1.1474963500628388	-0.11608889096855882	-0.20494583652478388	-100.64102564102564	0.17260298628608428

S9S16.txt	1.85296837432957	0.6826901437897398	0.10049930205751073	-0.30607075240721227	0.14276494924126099	0.1885553470919325	-207.50487804878048	-1.170001053327797

S9S17.txt	1.76108898972127	1.1104950997534293	0.1898949892076458	-0.22088225718383392	0.1443547487837604	0.2285425101214575	-209.12948717948717	-2.587370176318037

S9S18.txt	0.152616010353115	1.2628250205849474	0.21163108885654316	-0.3341160712956033	0.08981513163823798	-0.11412627202100886	-259.39001349527666	-2.2796811721819505

S9S19.txt	0.151230602792522	1.6778397156149993	0.13564779985786585	-0.3383756730554729	0.17286616103375343	0.08611445453550716	-203.69770580296895	-1.8979141817039331

S9S2.txt	-0.1945463093559	-4.605170185988091	-0.2796951324152744	-0.17298893408338128	-0.2881625233247978	-0.3045190939927782	-120.02968960863697	0.7751833659946215

S9S20.txt	0.156266443804748	1.2303205179594208	0.10480235295077306	-0.39110377205547653	0.14101804079945396	0.02964352720450282	-223.46951219512195	-2.2975975729467133

S9S21.txt	0.149805447470817	1.1850328439461972	0.16455035131899887	-0.2267966351768793	0.13825222348844918	0.02408906882591093	-226.5076923076923	-3.7411838031418663

S9S22.txt	0.107178814670671	1.6407690946007758	0.09547517384926762	-0.47432934846911257	0.08540567008494396	-0.0176168070904913	-131.68825910931173	-0.26690184447856574

S9S23.txt	0.158156680472724	1.3252318920764017	0.18291858670086772	-0.37454660209368107	0.16348128731672038	0.04777327935222673	-181.54358974358973	-1.005228818505843

S9S24.txt	0.14720577350111	0.9917771659683803	0.22550472700641921	-0.1119573311950971	0.13309557086742674	-0.06477732793522267	-218.02051282051283	-3.542363632952711

S9S25.txt	0.0999104094120828	0.376421361618838	0.08227274069234419	-0.13425398588193588	0.1321878420312852	0.19440493124703648	-105.38549075391181	0.3086813796268545

S9S26.txt	1.79369044314923	1.1861827249703913	0.12805641428693504	-0.25615266925008007	0.18460690619183462	0.17267206477732794	-212.63076923076923	-2.7830916762686706

S9S27.txt	0.129978716935239	1.2693892920124235	0.20654626562627262	-0.11703903024271778	0.17859786030325275	0.2562753036437247	-171.34102564102565	-1.651490752908781

S9S29.txt	0.12077048826378	2.125546418530045	0.04821563285144481	-0.5083861895878429	0.14519033722044433	0.1851782363977486	-212.5951219512195	-1.1652537990334346

S9S3.txt	-0.0932354878163515	-2.3382549951421	0.06248596065089834	-0.525184945185438	-0.07932988488657036	-0.26819126819126815	-253.8488529014845	-2.3243366894365187

S9S30.txt	1.83351872450871	0.6552814009433483	0.1410925683703718	-0.237808539832282	0.1894995448790739	0.19574898785425102	-171.6602564102564	-0.8270339302217992

S9S4.txt	-0.0972013523666416	-4.605170185988091	0.2650874875784162	0.24233144624259412	0.059574653463096185	0.005452821242294926	-134.3570412517781	0.35475657760829254

S9S5.txt	0.162721565888435	2.132063872149592	-0.1612746810484182	0.17849558387410325	-0.16940982176734748	-0.24063537221431955	-196.14224751066857	-1.482001409446675

S9S6.txt	0.252405216192996	2.1724987691961637	-0.2354752521929489	-0.08383744554853823	-0.033595601961353826	-0.04008097165991903	-142.26923076923077	-0.4803614894459755

S9S7.txt	1.57456665185135	-4.605170185988091	0.3455817917486789	0.7707761094217362	0.013268779491060896	-0.037221431958274064	-182.51635846372687	-1.1153728228031718

S9S8.txt	-0.0275954260219503	2.3371791667847153	-0.14691438194400364	0.25426173859445156	-0.07828912046832234	-0.16642958748221903	-57.05689900426743	2.7833210092940908

S9S9.txt	-1.6450991588331	1.985698755058619	-0.20732777759728227	0.06335851863003605	-0.1587728909701324	-0.24395448079658605	-116.55903271692745	0.17450597876523996

