	SScmap	SSfisher	SSlincs	SSlincs_Norm	SSpearson_corr	SSspearman_corr	SSzhang	SSzhang_Norm
S1.txt	-0.631335012594458	0.9026894204695148	0.29754198588507674	0.20925277012373417	0.1978828527325268	0.14411764705882352	-471.41830065359477	-1.3124458452241363

S10.txt	-0.401067871444707	2.099989958207009	0.26932372909156244	0.07346499303890419	0.3257229695573789	0.2607142857142857	-355.6985294117647	-0.9903014168330817

S10S1.txt	0.712183308494784	0.6886403540594376	0.5667474937042577	1.0900245131158797	0.5453957819831721	0.43653250773993807	-101.5578947368421	0.7253925173546528

S10S10.txt	-0.758749766049036	-4.605170185988091	0.504584174512415	0.8838605309756273	0.36632684635570556	0.43446852425180604	-190.7263157894737	-0.5548857534357258

S10S11.txt	0.801666822736211	2.6797602781306797	0.23170238641493757	0.20613726835798613	0.44446819894737705	0.40350877192982454	-140.33157894736843	0.591923100032809

S10S12.txt	0.629721577726218	0.4298650318971451	0.6851977367705361	1.2898025155837525	0.35286762776476854	0.2622549019607843	-88.29239766081871	2.0552786796455185

S10S13.txt	0.744293198615399	0.5461989916865451	0.30243812414680543	0.3097888116586193	0.45994796678000316	0.3560371517027864	-51.66315789473684	-0.12487182090419868

S10S14.txt	0.952345701859906	2.7264811198074526	-0.0645037839623947	0.30710757443547276	0.2532561383312556	0.20833333333333337	-100.18713450292398	2.1699347905593576

S10S15.txt	0.950231267345051	2.671704544091666	-0.027388783887980828	0.456076506162188	0.31430974271048595	0.22303921568627455	-30.54385964912281	2.259022445004542

S10S16.txt	0.918946301925025	2.6077506042855907	0.648558740537357	1.313639734034844	0.43777677670371357	0.4406604747162023	39.863157894736844	4.099805177819036

S10S17.txt	0.932939220395344	2.803283971273631	-0.21268116798365877	0.013663821301299561	0.22304145806446643	0.28586171310629516	-37.48421052631579	2.9118479413577285

S10S18.txt	0.864206642066421	2.8370003539566255	-0.14475897338208765	0.17523636063374204	0.22019903588683556	0.18872549019607845	-16.12280701754386	1.5528713956699651

S10S19.txt	0.895800790223284	2.7415034239604497	0.08842159876203137	0.5450001612842978	0.33348690838580985	0.3333333333333333	18.710526315789473	2.964658838599663

S10S2.txt	0.958134307389716	2.8087738983673716	0.5114384580645792	1.0115351386395837	0.374106736504863	0.3970588235294118	-22.690058479532162	1.4392607715290715

S10S20.txt	0.93297685996128	2.659123380328417	0.10594391746480822	0.5215695676152414	0.30040354952263354	0.2239422084623323	-53.88421052631579	1.2259864180737103

S10S21.txt	0.915980383085037	2.660344253521584	0.08569811980013273	0.47625033936863725	0.3340947835272079	0.31475748194014447	111.06315789473685	2.4432656369560832

S10S22.txt	0.744015284043827	2.694383878926413	0.5747222904018805	1.1601925619927764	0.3502452355946916	0.1455108359133127	116.00526315789473	3.554199381803813

S10S23.txt	0.86398891966759	2.726735860965169	0.5545033236373282	1.2181670976605357	0.312633796160669	0.286764705882353	27.75438596491228	2.9456868060979433

S10S24.txt	0.911123429416112	2.6438282496049754	0.0021683978912998003	0.568123547788565	0.23753585142940653	0.09803921568627452	-159.4327485380117	1.488268613225402

S10S25.txt	0.873857235201773	2.870180090398064	-0.031481820723673615	0.23809146294475014	0.2548736463274435	0.281733746130031	-70.98947368421052	1.7304395956730383

S10S26.txt	0.809215994089944	0.9884202542269551	-0.06650990170410909	0.11801304761970527	0.2956376387249659	0.5768833849329206	132.78947368421052	3.765763826925962

S10S27.txt	0.812962278106509	1.0419415182532328	0.03846600313924295	0.28927706658139757	0.33428283673822695	0.564499484004128	-37.97894736842105	0.9099309085492205

S10S28.txt	0.734170153417015	-2.7763310731616673	0.4270451350249554	0.9044267456470532	0.18470478768221765	0.28596491228070176	-253.18571428571428	-0.5527517716339612

S10S29.txt	-0.757902579864022	2.8842593218916734	0.5831380065851479	1.088528473686977	0.23246451075953625	0.34210526315789475	-240.48095238095237	0.5262752557302441

S10S3.txt	0.799225306649451	1.129072477757326	-0.031142387001663746	0.16575558782068	0.26118913107932024	0.4220846233230134	11.078947368421053	2.3989724841573663

S10S30.txt	-0.752775476387738	2.9109851550433987	0.4530604373434746	0.8127937891001649	0.11342990068373943	0.24912280701754386	-82.35238095238095	-1.128261785567818

S10S4.txt	0.782775388068076	-3.0283252634963387	0.16676579329084512	0.027813161564733457	0.2194137982181154	0.3519091847265222	-107.9	0.04705112242112727

S10S5.txt	0.745539033457249	2.95468971821324	-0.16881969353520607	-0.0295861508775353	0.14371076920203607	0.21078431372549022	-46.42690058479532	0.7586035422561876

S10S6.txt	0.735358575025646	2.5280172375115644	0.3281908878718186	0.4049029227260174	0.39163289930895456	0.21362229102167182	-168.2736842105263	0.11219397727535092

S10S7.txt	0.743100574180404	0.888004887208534	0.49613860830517875	0.9768945359938357	0.3608297010524037	0.3869969040247678	-86.21578947368421	1.1662909719510983

S10S8.txt	0.762461480997292	3.079334848389872	0.4848342798954868	0.8920910691158177	0.4079819702065349	0.431578947368421	-83.84285714285714	0.32002999065188276

S10S9.txt	0.760845280208527	2.894503872861688	-0.10043571831720788	0.05736091582997754	0.35430397273853587	0.6421568627450981	-194.14619883040936	0.6596442041734757

S11.txt	0.269342460070525	2.638977859540249	0.10742167515148471	-0.06420520099474025	0.08091029316702184	0.16785714285714282	-167.3308823529412	0.46704224800435207

S11S1.txt	-0.728778467908903	-4.605170185988091	-0.6427720897230528	-1.2527811179005672	-0.539194552025192	-0.411764705882353	-432.2690058479532	-1.3892264990331453

S11S10.txt	0.657610228447871	-2.5657626706494914	-0.16036329745095146	-0.010292764518509911	-0.11076309273967452	0.20330237358101136	-131.7421052631579	0.557526800465851

S11S11.txt	0.73644282101714	-1.5769355533245597	-0.14510197778532524	-0.08454116650658455	0.05669938330637331	0.2720588235294118	-94.57309941520468	0.746918328593438

S11S12.txt	-0.74429568168961	-4.605170185988091	-0.575757976983968	-1.028199189549562	-0.4848698929891449	-0.3602941176470589	-366.0409356725146	-1.1853622999639017

S11S13.txt	-0.825680351631909	-3.2187976326716226	-0.5063972646011003	-0.9835167804159275	-0.3833292480932795	-0.19999999999999998	-575.8235294117648	-2.3608639803962284

S11S14.txt	0.724102079395085	-4.605170185988091	-0.296700457435699	-0.13290051969202576	-0.4185737841957075	-0.42352941176470593	-282.47712418300654	-0.5942657840809705

S11S15.txt	0.496569871252702	-3.009124002772751	-0.4087361940613151	-0.9983515793034964	-0.19330797522980286	-0.17440660474716205	-329.3315789473684	-0.3342162609230118

S11S16.txt	0.6647295904021	-2.6021318534664966	-0.14957924889466526	-0.05428968021158981	-0.024293205897789487	0.2776057791537668	-240.43684210526317	0.17365856705496532

S11S17.txt	0.558901016183666	-4.605170185988091	-0.28139959561697186	-0.6098232510781831	-0.010208022170260782	0.20833333333333337	-253.26900584795322	0.3111126022641293

S11S18.txt	0.717679091165149	-1.4363960104618287	-0.28591219137695423	-0.18269608785709512	-0.061158224209256054	0.22352941176470587	-261.22222222222223	-0.06770231075875772

S11S19.txt	-0.91981220657277	-4.605170185988091	-0.6554334599101852	-1.331364551265401	-0.4437676368316394	-0.3137254901960785	-381.72514619883043	-0.5729332358271039

S11S2.txt	-0.709482432942954	-4.605170185988091	-0.5445349204853316	-0.8921673861751942	-0.5109895992396288	-0.37058823529411766	-190.73202614379085	0.8898791466905791

S11S20.txt	0.673332704461843	-4.605170185988091	-0.2195343344717044	-0.20398689244697712	-0.06379002888099247	0.24754901960784317	-209.54970760233917	-0.32234620801064634

S11S21.txt	-0.773159033198533	-4.605170185988091	-0.6112604178254664	-1.1871203911423227	-0.5820773051929173	-0.6764705882352942	-432.8888888888889	-1.206158103331241

S11S22.txt	-0.804540316503391	-4.605170185988091	-0.6479552717675927	-1.2250742192283344	-0.40966031039384704	-0.4191176470588236	-449.7426900584795	-1.4086421581353188

S11S23.txt	0.527793374508703	-4.605170185988091	-0.36647546091776123	-0.36673887703941455	-0.49602694541177517	-0.3588235294117647	-117.50326797385621	1.298863544303802

S11S24.txt	-0.722159624413146	-4.605170185988091	-0.49191660626412737	-0.8700015601318609	-0.3742133459742339	-0.45294117647058824	-402.5686274509804	-0.5623629908875147

S11S25.txt	0.646245059288538	-2.3193590120944014	-0.4029521703649196	-0.7526305060915075	-0.19684935320887686	0.07107843137254903	-338.5204678362573	-1.1963466926641324

S11S26.txt	-0.947140707298721	-4.605170185988091	-0.5920545439041339	-1.2418481297398396	-0.32825142486055786	-0.3308823529411765	-448.17543859649123	-1.2066426412389586

S11S27.txt	0.587038079159632	-2.502375066177313	-0.12415403808058237	-0.10199578208580856	0.030742582422031775	0.24754901960784317	-130.78947368421052	1.148963045938135

S11S28.txt	0.605134932533733	-2.5795688459490522	-0.1474144340713376	-0.08971623741416163	-0.0435157014906012	0.17647058823529413	-257.77894736842103	-0.44637809453522537

S11S29.txt	0.483621987951807	-4.605170185988091	0.07912901439733541	0.021208323581914212	-0.017374754900062246	0.15441176470588236	-316.0409356725146	-0.5125966195882204

S11S3.txt	-0.822859830667921	-4.605170185988091	-0.5478772964591485	-1.0544831726548674	-0.4570976279502287	-0.5852941176470587	-306.90849673202615	-0.21825585940202713

S11S30.txt	-0.972911963882618	-4.605170185988091	-0.007096845149858644	-0.516112501850619	-0.23281098826016397	-0.39460784313725494	-457.48538011695905	-0.9979677016983118

S11S4.txt	-0.549058380414313	-4.605170185988091	-0.4844487082057455	-1.1453644710407245	-0.2713713253855222	-0.11455108359133126	-410.4947368421053	-1.5456315605358744

S11S5.txt	0.557777151975969	3.6482991625859387	-0.27812977735907785	-0.27751302451739535	-0.22101941732157987	-0.0588235294117647	-124.40522875816994	0.7872186691331067

S11S6.txt	-0.693846734616837	-4.605170185988091	-0.5735394080085722	-1.0379223741881383	-0.4134184278792126	-0.25980392156862747	-351.6608187134503	-0.5236913150608827

S11S7.txt	-0.790921077415709	-4.605170185988091	-0.5394587064750636	-0.9824157051521307	-0.43598449298098807	-0.44705882352941173	-184.58823529411765	0.8770114884524924

S11S8.txt	-0.845769738081779	-4.605170185988091	-0.6125356664268604	-1.144219794573915	-0.4697175984865912	-0.4803921568627451	-365.89473684210526	-0.7017836957200991

S11S9.txt	-0.861737244176177	-4.605170185988091	-0.5623125293984388	-1.0615399371199843	-0.35367996405171853	-0.573529411764706	-435.44444444444446	-1.2717494731839674

S12.txt	0.816949152542373	2.6154335664029964	-0.12660492174436389	0.14319009988168852	0.15840186037786724	0.47142857142857136	9.455882352941176	0.7022569854171632

S12S1.txt	-0.784189648658859	-2.7621246445723164	0.04867487376752444	-0.20153532410180003	-0.08106436176569434	-0.09391124871001032	-169.96315789473684	0.03274182016258917

S12S10.txt	-0.542269396956603	2.511598161492732	0.41116124517935404	1.027311387883186	-0.06560140882530022	-0.2524509803921569	-279.94736842105266	-0.14202294329965956

S12S11.txt	0.62281284606866	2.3620490207302036	-0.21013720154177687	-0.1561571002035469	-0.16514984261604476	-0.3137254901960785	-98.57309941520468	0.3969394022357004

S12S12.txt	0.712986404125645	2.734365615883957	0.4907238051886962	1.0078505068860775	0.358062560921633	0.3970588235294118	208.140350877193	2.0647715977291328

S12S14.txt	-0.740549667010599	2.7204070687986714	0.5196728472463429	1.0796381840067228	0.007022935518790516	-0.2377450980392157	-290.0233918128655	-0.11495443099884198

S12S15.txt	0.580149812734083	2.5757758744091195	0.6200574813278695	1.3566471643019198	0.06166233487786131	-0.2843137254901961	-215.3450292397661	0.3782495246706547

S12S16.txt	-0.683607327383748	2.8837653971256354	0.31330597735517146	0.7374544698853016	-0.10500560925704447	-0.33333333333333337	-296.1111111111111	-0.64573546250748

S12S17.txt	-0.727358579658136	2.2503014118339544	0.3711379014905024	0.8244313755141449	-0.08976643911401835	-0.20098039215686278	-357.39766081871346	-0.9678071505363114

S12S18.txt	0.614020163831128	-2.5511555249018882	0.5149279490700802	1.1329493726958308	-0.010640966835728814	-0.32107843137254904	-376.0701754385965	-1.1377561354425303

S12S19.txt	0.61663856098932	2.459994237082896	0.5514188463904104	1.1841596326338	0.050064462074006805	-0.24264705882352944	-226.42690058479533	0.8862557354683113

S12S2.txt	-0.944631500187056	2.7127319531465606	0.15238899383483237	0.013410417137804553	-0.08918017774224375	-0.28792569659442724	-345.61052631578946	-0.39896724565143965

S12S20.txt	0.623365935492039	-4.605170185988091	0.3686368339161614	0.713996643196725	-0.0881703022945564	-0.27941176470588236	-261.0175438596491	-0.6152903258574428

S12S21.txt	-0.637590180830132	2.535582286697311	0.598480109658738	1.130218586701589	0.04096002786842309	-0.2916666666666667	-270.1578947368421	-0.15357829951482319

S12S22.txt	0.579141801648196	2.5907432555170518	0.33332843093282943	0.7239272794281735	-0.043755039909518526	-0.2058823529411765	-338.46783625730995	-0.8554129989629257

S12S23.txt	0.720019020446981	2.8578579266126694	-0.10081685083102618	0.009207200829529416	0.07258952304788012	0.009803921568627453	-198.28654970760235	-0.8346052041447001

S12S24.txt	0.552292535051156	0.748930225856208	0.051221585090048316	0.3005795411778307	0.1343137311376992	0.10049019607843139	66.53216374269006	0.443826303586866

S12S25.txt	0.494956202763811	2.4460212162540897	0.15481591251605464	0.020541997440259696	0.060656370729422586	-0.007352941176470588	-233.28654970760235	0.27258680434076704

S12S26.txt	0.618194392053313	-2.8606802809073355	0.5901472948040595	1.0907731748561633	0.030401497834996412	-0.18137254901960786	-276.44444444444446	0.45535410246958025

S12S27.txt	0.559023836549376	0.39610057345413735	0.5177682881215036	0.9423073450247792	0.3579627548112197	0.44117647058823534	7.4678362573099415	1.3149329292555392

S12S28.txt	-0.642276422764228	-4.605170185988091	-0.1955001912899861	-0.06963048860375443	-0.2775887743152982	-0.46323529411764713	-429.96491228070175	-2.148517030152255

S12S29.txt	-0.54801355676897	2.5840455596725223	0.41945604319283797	1.0439971524867586	-0.019492927353494914	-0.35784313725490197	-158.8830409356725	0.13880841739407185

S12S3.txt	-0.748683468121121	0.4223312909164668	0.5273588759848384	1.134059954717052	-0.019632255670102544	-0.27554179566563464	-398.5421052631579	-1.2664872711363293

S12S30.txt	0.545383042315558	-4.605170185988091	-0.5585516682013757	-1.1483729358883628	-0.33993141084839473	-0.29901960784313725	-132.54970760233917	0.17386410880999384

S12S4.txt	-0.753873771730915	2.51938166812769	-0.015932326315056478	0.2052408435418232	-0.10965041838541373	-0.1936274509803922	-330.77777777777777	-1.327381913339044

S12S5.txt	-0.743261074458058	2.39740471085253	0.03890081950265811	0.356927930760314	-0.01564145634322593	0.04656862745098039	-393.4093567251462	-1.5569957349838592

S12S6.txt	-0.783103091814679	-1.539892044170932	-0.13659790368233424	0.10454702588650622	-0.2370276086353794	-0.2720588235294118	-447.50877192982455	-1.7139614850942686

S12S7.txt	-0.900197349873132	2.196374193434011	0.37189099374200235	0.8418276425051081	-0.09638748224267779	-0.26470588235294124	-505.85380116959067	-2.439257094590608

S12S8.txt	-0.876510574018127	2.3106909444923542	0.3852037938157171	0.8440609595088799	-0.05401285086669747	-0.11519607843137256	-545.0643274853801	-2.7638559429048124

S12S9.txt	0.571374443497206	-2.481229607073951	-0.4463184245730207	-0.9243631139584537	-0.03181259770587769	0.022058823529411766	-218.12865497076024	-0.4061103380015958

S13.txt	0.51276347844508	2.6065249482569723	-0.2558934872323213	-0.06277198477110402	-0.054646754866156264	0.2071428571428571	-37.86029411764706	0.564129506643345

S13S1.txt	-0.596545701533088	-2.8509862597054805	-0.5893287881728233	-1.2833295231656452	-0.19653853427931037	-0.009803921568627453	-205.59649122807016	-0.43674759410994174

S13S10.txt	0.862129485179407	3.290112422733468	-0.11068022988526177	0.10695413257055242	-0.10354566251431702	-0.02450980392156863	-106.45029239766082	0.43485489394556004

S13S11.txt	-0.783894276478418	0.2160693369935278	0.4366291309653755	0.929170286464502	0.05041947353998857	-0.18382352941176472	-357.2105263157895	-0.45206690124960486

S13S12.txt	0.888120740019474	-2.5261616158637	-0.006245148013998114	0.20297242561946516	0.18439943589287525	0.2622549019607843	-17.327485380116958	1.454241720367232

S13S13.txt	0.704693421436206	-4.605170185988091	0.5176450069850033	0.8347839487062652	0.2854543376027029	0.22058823529411767	-119.67251461988305	0.24998907584072777

S13S14.txt	0.677623261694058	3.4977651330612662	-0.16534551253009405	-0.13568780459333768	-0.1205826666955539	-0.056372549019607844	-144.40350877192984	0.7216395460838537

S13S15.txt	-0.78827705295472	-4.605170185988091	0.12061125942162332	0.05842715686767386	-0.018394455042052178	-0.25000000000000006	-136.7251461988304	1.0395823093447356

S13S16.txt	-0.618581209585394	0.47217721330386686	0.1078762962760293	0.0009173690183205685	-0.1580617544620512	-0.1593137254901961	-369.80116959064327	-0.07130728229196975

S13S17.txt	0.977180034958244	-4.605170185988091	0.681546607658172	1.4061196658881092	0.3125833674433456	0.13480392156862747	-222.80701754385964	0.42640288565015527

S13S18.txt	0.982423591446148	-4.605170185988091	-0.06947564464581246	0.10671477165249615	0.15965231533137048	-0.1042311661506708	21.026315789473685	1.9274801683556186

S13S19.txt	-0.666602980512037	1.8383526953575349	0.5774740583378688	1.167895132362657	0.1185267520057894	-0.27450980392156865	-324.82456140350877	-1.475222132016789

S13S2.txt	0.779141104294479	-1.017120054723217	-0.11487215296932246	0.0009109012902920322	-0.055017444066940036	0.29411764705882354	-231.2748538011696	-0.7880951788118593

S13S20.txt	-0.597215508073093	-4.605170185988091	0.2677425737526603	0.21772981957727255	0.23144316524367678	-0.029411764705882353	-285.7602339181287	-0.06880113532308627

S13S21.txt	0.942598187311178	-4.605170185988091	0.5109829037518299	1.0367812858748635	0.403495196023092	0.34803921568627455	-59.85964912280702	0.7339561054350129

S13S22.txt	-0.794726749760307	-4.605170185988091	0.3867370273132497	0.7513234017872736	0.05872356531877271	-0.25000000000000006	-47.60818713450293	0.8689587600761317

S13S23.txt	0.863907058478961	-2.2130985045438574	-0.10105004637524306	-0.008208004267524605	-0.09192164234472987	0.11519607843137256	14.09356725146199	1.649499598380241

S13S24.txt	0.728536938676968	-4.605170185988091	0.38746002245014743	0.8163145680047614	0.06030211795375552	0.056372549019607844	-307.98830409356725	0.07209482716773465

S13S25.txt	0.743084538483937	-0.9388337703341975	-0.11619724734917344	-0.03465598656583785	-0.0444596401061908	0.24019607843137256	-88.00584795321637	-0.47062436554013565

S13S26.txt	-0.572402203342358	-1.2400715777484452	-0.16408196049916696	-0.09440275419066979	-0.09541754300117249	-0.19091847265221878	-27.263157894736842	0.7690590182552154

S13S27.txt	-0.677220509946764	1.472691430358878	-0.339954404300183	-0.7099289396943451	-0.16055750352428128	-0.18872549019607845	6.0	0.9800325403682283

S13S28.txt	-0.339278254442623	2.7129367016218455	-0.19197128056625842	-0.09862567048434923	-0.1684341465636524	-0.15686274509803924	-329.8888888888889	-0.8627098748384486

S13S29.txt	0.299032786378666	0.9491486465773891	0.5890079428755691	1.1832778820483254	0.23509432609483455	0.07843137254901962	-126.18128654970761	0.7531829232310268

S13S3.txt	-0.578282828282828	-2.656590585966687	-0.5328335149672917	-1.0979546400233167	-0.21049534565278288	0.02450980392156863	-213.16374269005848	-0.7159733546525745

S13S30.txt	0.688776502625948	-1.8615341590028707	-0.21284110161330952	-0.1063978007819808	0.03452330208665624	0.2916666666666667	5.116959064327485	0.7420859362669037

S13S4.txt	-0.891005591887025	-0.4401766948768675	-0.5697505066737345	-1.1421267756627733	-0.3170357611952373	-0.1331269349845201	-467.69473684210527	-3.254797877404152

S13S5.txt	-0.840546479411484	-2.693011473483571	-0.5708923185849428	-1.208146340529612	-0.34512625357412724	-0.09803921568627451	-501.0684210526316	-5.403229535387372

S13S6.txt	0.807557800660579	-0.590575834344777	-0.22472619628820129	-0.19630636232019566	0.010802667768141405	0.29901960784313725	-246.8654970760234	-0.9269361588427997

S13S7.txt	0.696506762673932	-4.605170185988091	-0.24883647852190127	-0.5317186774262049	-0.08216155881929857	-0.2239422084623323	-258.4894736842105	-1.3934972695607624

S13S8.txt	-0.269358654645438	2.975859728742748	0.5340165435535946	0.9249405427249953	0.07700132543415149	-0.01715686274509804	34.89473684210526	1.2240277161912176

S13S9.txt	0.88100107118512	3.1623136744139138	-0.07448455731942843	0.11866131818835873	0.08687460273141559	0.14705882352941177	-68.5672514619883	0.9534475107708098

S14.txt	-0.737127916331456	0.45381761024843437	0.2700928224529725	0.1312266706552298	0.3241116443969129	0.08214285714285713	-296.0220588235294	-0.3366369641933788

S14S1.txt	0.797259245353858	-1.4012133153638178	-0.10008447346140295	0.05343149669732017	0.10181852593257051	0.2652218782249742	-293.7315789473684	-0.7150455182913238

S14S10.txt	0.806254120749741	-0.66060678125048	-0.5149798453029248	-0.7829753168367475	-0.10737585161668449	0.21078431372549022	-271.1345029239766	-0.08447286342552389

S14S11.txt	0.793126115128181	-1.3285954605113584	-0.5506897356967545	-0.9383685302225404	-0.13918330161619522	0.17647058823529413	-266.1578947368421	-0.4630736696247869

S14S12.txt	0.813342127579384	-0.7064957985897593	-0.6002576172237698	-1.1497324047499364	-0.14300011060572027	0.28186274509803927	-429.65497076023394	-1.5679347837438145

S14S13.txt	0.920660377358491	-0.6400690712939785	-0.5750881039752133	-1.0118392581744766	-0.09582979399812012	0.2524509803921569	-60.70175438596491	1.3640271686590022

S14S14.txt	0.798408239700375	1.0479423355556978	-0.1499745673986836	-0.09081743097650297	0.04202679270539098	0.2507739938080495	-134.14736842105262	0.7004659810299196

S14S15.txt	0.643457723193198	-4.605170185988091	-0.5977370385569984	-1.0576150669112276	-0.08924831105379999	0.3382352941176471	-470.2573099415205	-1.7793844945684718

S14S16.txt	0.84826999432785	-4.605170185988091	-0.6673614683616484	-1.1923370610866104	-0.2673867895557728	0.12009803921568628	-613.812865497076	-1.746710105066583

S14S17.txt	0.976086956521739	-4.605170185988091	0.09512218109023982	-0.1281900872882185	0.2701330023545418	0.3088235294117647	-451.5906432748538	-1.0551371191785301

S14S18.txt	0.894512771996216	-2.1302753251132183	-0.6950443027213369	-1.2557731992899366	-0.05163293922546191	0.37500000000000006	-432.41520467836256	-0.6776703248663837

S14S19.txt	-0.644369518060926	-4.605170185988091	-0.6161934439382395	-1.0848339434807293	-0.09374958008136493	0.06372549019607844	-329.3391812865497	-0.49305636911678935

S14S2.txt	0.832592452473281	-4.605170185988091	-0.6542741122091844	-1.412835293234896	-0.08155255264015418	0.29411764705882354	-495.3567251461988	-1.261605278744889

S14S20.txt	0.764286384535986	-1.2806673688344326	-0.2986222833949179	-0.20229950260768048	-0.18941889922190924	0.2058823529411765	-258.97076023391816	-0.12433579607804607

S14S21.txt	0.722237973726491	-4.605170185988091	-0.228379621430674	-0.09149960688381237	-0.006986156031461287	0.06372549019607844	-261.5497076023392	-1.2340966151184918

S14S22.txt	0.811993211389779	-0.7556079876137988	-0.5179280063178902	-0.9912450976776026	-0.05396887174829041	0.28186274509803927	-341.9122807017544	-0.7312915600708588

S14S23.txt	0.829638713328931	-2.6454523887959316	-0.4858690027020691	-1.0845376982232189	0.052386798511030445	0.2524509803921569	-158.55555555555554	-0.26566840747553194

S14S24.txt	0.785363550519358	-2.5810530719822267	-0.456717828958896	-0.8134416098985475	0.09434396990831136	0.15441176470588236	-87.21637426900585	0.28568788931486655

S14S25.txt	0.590595260309759	-1.3506783774221867	0.3311214443207071	0.637325716615212	0.13156448826893266	0.2982456140350877	-304.7105263157895	-1.469908483324329

S14S26.txt	0.448269357728945	-4.605170185988091	-0.0752145617588118	0.17232186461926968	0.04897785480612316	0.13725490196078433	-215.42690058479533	-0.8217404246658954

S14S27.txt	0.810502498350146	-2.491936976517828	-0.29075879306938907	-0.25405326954838636	-0.12161140146884095	0.17156862745098042	-258.3333333333333	0.03576110397039678

S14S28.txt	0.917185436710055	2.7226021647953362	0.5013993614706898	0.9089725756891864	0.19550695981117552	0.24754901960784317	-32.53216374269006	0.021743603701025557

S14S29.txt	0.424685418208734	-1.3955290025228044	0.4920574132867307	0.9395345185947392	0.31489300227048506	0.15995872033023736	-35.136842105263156	1.123263848070229

S14S3.txt	0.703920642418517	-1.8199318163584368	-0.6323638189223252	-1.1514773174068533	-0.3186339468041566	0.26715686274509803	-369.7426900584795	-0.26837256120466707

S14S30.txt	0.941853879554465	-2.504649197750707	-0.5723674798982943	-1.0959437472472957	0.058638890730151313	0.24509803921568632	-272.3157894736842	-2.3261722687280835

S14S5.txt	0.776900667230523	2.5161259737980357	0.578040594391662	1.1831090804649147	0.26862684585750585	0.303921568627451	-32.39181286549707	1.6659745081385613

S14S6.txt	0.543603280852267	-4.605170185988091	-0.8102462542640531	-1.5908544092993837	-0.2764005970638979	0.27450980392156865	-303.43859649122805	-0.5865312301744112

S14S8.txt	0.819744504978396	-1.1466770458715358	-0.54620731520412	-0.9888152053471138	-0.14544418693122887	0.03921568627450981	-484.2456140350877	-3.012161172781589

S14S9.txt	-0.323881714392663	-2.7172797777913793	-0.6715865356043211	-1.2331452743210958	-0.3539347611337461	-0.012254901960784315	-455.2865497076023	-1.6016951749707886

S15.txt	-0.727804681194512	0.5962616658929702	0.3109356205401129	0.2427097603076906	0.27677539611882646	0.039285714285714285	-312.2352941176471	-0.7952621224619663

S15S1.txt	0.7726723095526	0.7669220876216395	0.37877098223143124	0.7354562919420665	0.14872855270934313	0.2843137254901961	-86.02923976608187	1.0957085912309523

S15S10.txt	-0.449368663307831	-4.605170185988091	-0.5196278671303259	-0.9343450204640631	-0.13783420242957273	-0.011764705882352941	-517.8366013071895	-0.9759562477215848

S15S11.txt	-0.567283719770631	-4.605170185988091	-0.42909005015282387	-0.8422423158158912	-0.05094983292041687	-0.11176470588235293	-494.60130718954247	-1.485139670852295

S15S12.txt	-0.299428678467734	-4.605170185988091	-0.42172917558925715	-0.8137562282119628	-0.05083077700851813	-0.0411764705882353	-436.7450980392157	-0.8271599332770002

S15S13.txt	-0.207368683096838	-4.605170185988091	-0.538110818043218	-1.1442524644901075	-0.147405907890443	-0.16764705882352943	-432.83006535947715	-1.0216279827102726

S15S14.txt	0.874335292471313	3.051342963372568	-0.1766430355249589	0.038511501063240805	0.15007405917574965	0.44117647058823534	-243.6013071895425	-0.8245928779014802

S15S15.txt	0.891231028667791	-4.605170185988091	-0.603530538871272	-1.0655150257365595	-0.05932538079642377	0.18823529411764706	-424.640522875817	-0.9453455775150975

S15S16.txt	0.88622754491018	-4.605170185988091	-0.699945552038373	-1.4624423497877357	-0.0660268083155888	0.15588235294117647	-315.9673202614379	-0.45426595993867186

S15S17.txt	-0.484215456674473	-4.605170185988091	0.04921662791988429	-0.17809102963469087	0.07953437418972469	0.3058823529411765	-523.7516339869281	-1.688147587994185

S15S18.txt	-0.835816699465842	-2.0236914432013333	-0.6279734391708357	-1.348157003367338	-0.10274425927240152	0.014705882352941175	-603.4313725490196	-1.7812981192695099

S15S19.txt	0.769774799925554	1.0382476725760126	-0.16411003492227738	-0.09822685918741231	0.08629950533068374	0.27941176470588236	-67.76023391812865	0.7457369846448135

S15S2.txt	0.625690693487304	-2.630153823115609	-0.5263514017260522	-0.9543090150433009	-0.090292133070957	-0.12941176470588234	-393.7712418300654	-0.5568947648006728

S15S20.txt	0.901901995690059	-2.193304529396964	-0.5984708000579106	-1.1476925528190631	-0.1421379953927994	0.15588235294117647	-445.52287581699346	-1.0275456530033498

S15S21.txt	0.816175783076204	0.8666595246132305	0.18150235110984986	-0.11822085417950179	0.2422973727912108	0.2573529411764706	-475.69590643274853	-1.374417867977548

S15S22.txt	0.856100299401198	-2.731786377897193	-0.5215060588942981	-0.9153698707048816	-0.05318142748899127	0.10294117647058824	-441.87581699346407	-0.897170332549708

S15S23.txt	0.750982961992136	-4.605170185988091	0.45164137716960295	0.8305137577744999	0.15381980731084371	0.3411764705882353	-84.45098039215686	1.7215966051519453

S15S24.txt	0.752806903590981	1.1055248496477588	-0.4647377165566996	-0.9216435413224311	-0.05192976680669036	0.25000000000000006	14.321637426900585	2.3948819324968698

S15S25.txt	0.859658984448192	-2.3677404045468333	-0.6437990364933492	-1.18598471430243	-0.1244675419350661	0.1647058823529412	-142.05882352941177	0.5056107200438188

S15S26.txt	0.758362222430432	-4.605170185988091	-0.6049352177032403	-1.091500721716136	-0.08658780659430038	0.14705882352941177	-483.281045751634	-1.2960015731615169

S15S27.txt	0.715986872948898	-4.605170185988091	-0.42362285996418914	-0.7746466572648744	0.009385134744004361	0.3205882352941176	-179.05882352941177	0.4879449894418418

S15S28.txt	0.721821418532746	2.816499036730903	0.49018795723922465	0.9706350927137071	0.2004590621988538	0.3205882352941176	-121.80392156862744	0.11876123207123436

S15S29.txt	-0.915578358208955	-4.605170185988091	0.16774845392345	-0.08922941838781695	0.5297559107906326	0.4534313725490197	-285.27485380116957	-0.08754867203378437

S15S3.txt	0.505046728971963	-2.405948917579216	0.043214880493201074	-0.2584878157360046	-0.016881169825015394	0.12500000000000003	-301.4561403508772	-0.4567919864971793

S15S30.txt	0.745419211549139	-1.2704914582338134	-0.1405534210842802	-0.1197732992449086	0.03693505042065298	0.29411764705882354	-155.05847953216374	0.3813352138593726

S15S4.txt	-0.699420344053852	-1.7150963579791796	-0.6782947604699513	-1.3604083994909457	-0.29808297056685384	-0.15	-647.6274509803922	-2.4484461543956506

S15S5.txt	-0.548464461471376	-4.605170185988091	-0.5341575752391493	-0.9858077194509128	-0.20509043579663472	-0.13823529411764704	-434.0	-0.702422115081751

S15S6.txt	0.301069252766381	-4.605170185988091	-0.5149424983435362	-0.8504131726296436	-0.15540116241367605	0.13823529411764704	-572.4444444444445	-2.0177677111310293

S15S7.txt	0.597643410852713	3.034923764317969	-0.19406057139459654	-0.060702709288238677	-0.12407626324805798	-0.14411764705882352	-286.15686274509807	-0.09052350443740488

S15S8.txt	-0.695725376484894	-4.605170185988091	-0.6334088981963228	-1.281631396138645	-0.33915800008094005	-0.12058823529411765	-669.6928104575163	-1.4739408881961664

S15S9.txt	0.67590598370634	-4.605170185988091	-0.5562259919703563	-1.0048252647981941	-0.2246170200943967	-0.10882352941176471	-552.8039215686274	-3.611429409379332

S16.txt	-0.697232882246011	0.6043292096631394	0.3172374850351046	0.2921023306569304	0.23191001215791962	-0.07142857142857141	-282.00735294117646	-0.35275252754348585

S16S1.txt	0.504668534080299	0.48537150082856256	0.6331337668565378	1.4755326716070507	0.3927023442057337	-0.027863777089783277	95.34210526315789	2.2247510190723885

S16S10.txt	0.580127007844602	0.5147779435584553	0.5507078184172566	1.2712643272411657	0.27425933182419615	0.06707946336429307	212.3	3.058070429187699

S16S11.txt	0.847978335979083	2.8341628082838954	-0.1029946805427513	0.2228337318261665	0.010609371800655033	0.13970588235294118	77.25146198830409	2.1390827287147176

S16S12.txt	0.613661814109742	2.7943692193647336	0.5329150475788825	1.1655851287936518	0.13699802541201467	0.24754901960784317	10.461988304093568	0.7107331887432383

S16S13.txt	0.82581677808116	-1.8710052915503685	-0.07079615763477048	0.23915050114827313	-0.04620475920655314	-0.06127450980392158	34.11695906432749	1.4729489542783525

S16S14.txt	0.707585299370242	3.251539601681934	-0.16070577163360483	-0.019100740364726365	0.0062286875229480825	0.02696078431372549	-170.7953216374269	-0.38873964308401754

S16S16.txt	0.783030303030303	2.7810613429643856	0.5707936603812157	1.193195672648102	0.26351284200399033	0.27450980392156865	-61.485380116959064	0.4014420833629103

S16S17.txt	-0.782071536345079	1.1320299639183247	0.08577392837592274	-0.11250937113293852	0.0718257730482858	0.189158667419537	-281.53985507246375	-0.8551734483910969

S16S18.txt	0.652027658381611	2.748016475716641	0.5813075690658158	1.1828955928310556	0.3049040621279483	0.31617647058823534	144.22222222222223	2.600050007811491

S16S19.txt	0.508572493477451	0.01749837264938925	0.7457300494351107	1.7284337939111087	0.41284184384276074	0.25000000000000006	-55.32163742690059	1.3282860503321987

S16S2.txt	0.753604070479601	0.5529465341311378	-0.047450179683047405	0.1849423093841639	0.13459904490814092	0.11455108359133126	64.46842105263158	1.9836800684964266

S16S20.txt	0.558263305322129	0.5151351118546227	0.6582427953867629	1.4650442698283221	0.49118453806146156	0.17647058823529413	71.11052631578947	2.689243340750215

S16S21.txt	-0.578651685393258	2.533576084109466	0.5766817475600851	1.2151482868724202	0.09373771036827641	-0.07352941176470588	-29.146198830409357	1.7180418827786055

S16S22.txt	0.446039142590867	3.00072752172147	0.5857509512775063	1.3110548248319196	0.14571024020955511	-0.13970588235294118	-37.590643274853804	1.5585260649416004

S16S23.txt	-0.787314616173864	2.7177639111050187	0.5689663547390243	1.0579720049753372	0.16499813926760115	-0.2260061919504644	169.2578947368421	2.1379667886869704

S16S24.txt	-0.79096245225007	3.070379725070932	0.5147610797819455	0.9864792049405045	-0.01241471174372143	-0.24664602683178533	35.32105263157895	1.9317712396568043

S16S25.txt	-0.40857063093244	3.114961463583022	0.4830527459721316	1.049794580180866	-0.02767518494004381	-0.24019607843137256	-77.84210526315789	1.4961927169551197

S16S26.txt	-0.770566388115135	2.9504860648818156	0.5105823489165303	1.0645930107869173	-0.03834684596284343	-0.2631578947368421	-16.81578947368421	2.3010017971335235

S16S27.txt	0.654781957701666	2.180547184493698	0.6101076834224729	1.1675896675922082	0.4686059405584466	-0.12009803921568628	144.01754385964912	2.035335489844136

S16S28.txt	-0.784573924356472	3.3107048044189	0.43118915155021664	0.9994251970794008	-0.10034825239501739	-0.29205366357069146	-87.33157894736843	1.2805258902674888

S16S29.txt	-0.79180404209742	2.911995235419237	0.4234708477601973	0.8486402729099696	-0.13748330160738384	-0.37048503611971106	-88.48421052631579	0.989576445563941

S16S3.txt	0.673605877920121	0.3179281331998628	0.5227773664594016	1.0142381105611857	0.2271534817979756	-0.003095975232198142	29.81578947368421	2.2093782976362406

S16S30.txt	-0.793949548543238	-3.0992176195882952	-0.19101103243825338	-0.05536687000061874	-0.34564013650652403	-0.651186790505676	-349.6684210526316	-1.1356709454657807

S16S4.txt	0.743831229986815	0.564735083227405	0.43632528764572054	0.9015503239832416	0.17090359625368937	0.040247678018575844	117.83157894736843	2.857041265041411

S16S5.txt	0.789874847087607	0.671895733924425	0.5358058247375214	1.0159687912819009	0.3428586661075891	0.24045407636738902	56.55789473684211	1.5550164319806046

S16S6.txt	0.401285754215969	3.0666728973229387	0.45246128541193864	0.9208393587429753	0.025335353822688755	-0.10294117647058824	15.801169590643275	1.7490977945165127

S16S7.txt	-0.788902247294923	2.789601658675222	0.18960256104735368	-0.08243695717002109	0.03209134237337022	-0.0015037593984962405	-194.93939393939394	0.13687206101545235

S16S8.txt	0.342242895491993	0.6382161060407608	0.5662330283369994	1.2664969566610216	0.36602834984256066	0.07946336429308565	48.32105263157895	1.7561865766893519

S16S9.txt	0.272600963319748	0.6495547035108766	0.583312237193732	1.2215186411385703	0.3718047307049905	-0.05882352941176471	77.67894736842105	2.184094002323955

S17.txt	-0.821989528795812	-2.714271034866004	0.11869628178121755	-0.17419403355723817	-0.08703250570038551	-0.34705882352941175	-515.40522875817	-0.826297920093961

S17S1.txt	-0.861118894181377	-0.22818388392160124	-0.7183410935524218	-1.4987866995271264	-0.3798893758530585	-0.3186274509803922	-483.27485380116957	-1.6562229279370708

S17S10.txt	0.933097279165114	2.8548524198653293	0.008875118771640517	0.22616366298656732	0.1967380359606467	0.44117647058823534	-178.99346405228758	0.1799639600419703

S17S11.txt	0.88188244047619	0.7409015321089802	0.5155361732501773	1.0574412427715782	0.3066169650062597	0.5176470588235293	-155.91503267973857	0.4483996057341282

S17S12.txt	0.883240223463687	2.9758320014240645	0.44249494439192055	0.8605274218740053	0.20376185467477811	0.488235294117647	-171.11764705882354	-0.14236634467969117

S17S13.txt	0.887281888588224	2.9256963620787477	-0.10462307419682715	0.07732128366827618	0.1299558500948867	0.4970588235294117	-221.62091503267973	-0.5793352482340328

S17S14.txt	0.827105409927496	2.9795876238650796	-0.1008918865102357	0.06419972661284201	0.12912742453202233	0.3357843137254902	-247.4327485380117	-0.3215614206747788

S17S15.txt	0.93315956060324	2.936633759241783	-0.12914874010608013	0.011611779444873849	0.17804915325933443	0.4911764705882353	-238.4248366013072	-0.32894478270172145

S17S16.txt	-0.855478941483414	-0.2744785814528064	-0.5933782412510051	-1.2553706028735117	-0.3073341997531035	-0.09184726522187822	-395.66315789473686	-2.8394501212716445

S17S17.txt	-0.513521074226035	-0.1450874000262552	-0.686705100069215	-1.344059776123828	-0.4497823946576214	0.054695562435500514	-355.9947368421053	-1.4965140022176313

S17S18.txt	-0.714059147308518	-0.19700730722737714	-0.6505971025128294	-1.313289818255058	-0.3978364653703717	-0.3663570691434469	-407.1842105263158	-2.221509036926472

S17S19.txt	-0.878389712049203	-0.2508403771568688	-0.697876696264178	-1.508642445935306	-0.35639344191464734	-0.1826625386996904	-392.0	-1.2504306389468427

S17S2.txt	-0.594939453064511	-0.7046075271976585	-0.6203305206443689	-1.1242367799590967	-0.2684775290630507	-0.2058823529411765	-204.0233918128655	-0.2234209121694388

S17S20.txt	-0.919190977723926	-2.2648262412354994	-0.5459000199511961	-1.300848176409251	-0.1812026810772087	-0.3350877192982456	-604.5142857142857	-2.4307594057040847

S17S21.txt	-0.917442293373045	-0.23029639083567144	-0.6230381444050154	-1.2458680246562466	-0.21085697396946926	-0.3766769865841073	-553.0368421052632	-3.5622681364631417

S17S22.txt	-0.525292790704861	-3.0316319794566198	-0.03257908902900536	-0.2699622743823218	0.004080511604242304	-0.07352941176470588	-338.0643274853801	-0.5194458275198386

S17S23.txt	-0.864142538975501	-2.340359790297312	-0.5905589414368706	-1.3298826625691902	-0.21029365876968728	-0.37719298245614036	-511.7952380952381	-3.452734477169213

S17S24.txt	-0.736419867919263	-2.2113662953733004	-0.6807796979211322	-1.4188517953437771	-0.2372648802626274	-0.34210526315789475	-531.4619047619047	-4.8098910878676655

S17S25.txt	-0.734057430542607	-2.1095244684803482	-0.6922525673467638	-1.3038117802255997	-0.23144529497362487	-0.2982456140350877	-584.552380952381	-3.568303676083795

S17S26.txt	-0.743083465744462	-2.4325506385034155	-0.6312974603800232	-1.2287390706468038	-0.1857403139778145	-0.17853457172342618	-601.3105263157895	-2.417276497562537

S17S27.txt	-0.925498230582976	-2.340227322122325	-0.5188645263182143	-1.12036454774249	-0.16290778384398316	-0.3126934984520124	-594.6789473684211	-1.956113155544928

S17S28.txt	-0.955013093901983	-0.4482522270636685	-0.5292834891603417	-1.1864697839969387	-0.11648466223731772	-0.04850361197110423	-347.53684210526313	-2.00083544971432

S17S29.txt	-0.953768562622583	-2.343378703663147	-0.7201218332669981	-1.4761055644409002	-0.25238417506845007	-0.27554179566563464	-493.5421052631579	-2.424747685224756

S17S30.txt	-0.482947887758248	0.8964257293222282	0.4642868205512293	0.8738192146572543	0.259018583652583	0.09068627450980393	43.16374269005848	0.33462539920406326

S17S31.txt	-0.88198467576154	-0.5832967268383057	-0.6147838375619196	-1.2630874010554414	-0.21548714530663055	-0.37254901960784315	-615.5842105263158	-3.555656612236367

S17S32.txt	-0.930613765483841	-0.31876737595165494	-0.6643855741415505	-1.383412351069691	-0.26678127405198065	-0.33952528379772956	-583.1526315789474	-2.49254501291498

S17S4.txt	-0.473406226834692	-1.0471735378786815	-0.4988404773845304	-1.0858296619336871	-0.4674822609904208	-0.032352941176470584	-447.26797385620915	-1.973645986315818

S17S5.txt	-0.646418885601578	-0.18377989488507784	-0.6351259206689451	-1.2338171527734185	-0.4497097606986389	-0.40196078431372556	-313.5263157894737	-1.0713759396985247

S17S6.txt	0.509931922036743	2.8629896997951354	0.6716633532121719	1.3482244401110521	0.4426192250291066	0.36470588235294116	378.08496732026146	3.866577007886074

S17S7.txt	-0.639572159546267	-2.793552882462805	-0.4954214847554425	-1.025888482407558	-0.26735438960906727	-0.3003095975232198	-488.7631578947368	-3.9788072859753694

S17S8.txt	-0.502767184447958	2.968911097906664	0.36531099394317124	0.8091469341516231	-0.05143031984900202	-0.2053663570691434	-348.5105263157895	-1.1376051717936804

S17S9.txt	0.51691272659316	-4.605170185988091	-0.3315296333640956	-0.7656060266121694	0.014756240038888455	0.052631578947368425	-185.3578947368421	0.033445126274146836

S18.txt	0.462590080542603	-0.2859538137463015	-0.32661433913122445	-0.25768178575432393	-0.4323052461880682	0.0964285714285714	-158.77941176470588	0.7479302769473344

S19.txt	-0.828784359272164	1.6522292209128102	0.2289234585966435	0.052480591241563235	0.07683505806539617	-0.2573529411764706	-414.9824561403509	-0.6073405088290329

S2.txt	-0.828882106066387	1.448532986518297	0.28915995273137746	0.15116194294744872	0.19447836025122012	-0.10049019607843139	-467.94152046783626	-1.5655040231448654

S20.txt	-0.831210191082803	1.7495139178932784	0.23066776957137344	0.03705998084007445	0.0908437359621573	-0.21568627450980393	-471.233918128655	-2.2291187935814745

S21.txt	-0.849937554039773	1.7700033962452977	0.2218873008742926	0.02281255811674654	0.10352193433116146	-0.22303921568627455	-420.0701754385965	-0.7930081484240132

S22.txt	-0.546397765294533	1.3583911519970677	0.26714968754114554	0.08745626054301187	0.15529357439242214	0.044117647058823525	-411.8562091503268	-1.2238560139170014

S23.txt	-0.839105823659215	1.210162337339041	0.31027394899127975	0.20506257227685132	0.23947862779670925	-0.22794117647058826	-418.1812865497076	-1.1296348314016025

S24.txt	0.954903147699758	0.8126602922214399	0.7132004028878576	1.3675607931816336	0.5123168882579971	0.3428571428571428	179.73529411764707	1.8493455134835375

S2S1.txt	-0.934070085954472	-2.8086298684081443	-0.51835035293518	-1.1431769329902943	-0.4031342240068179	-0.46955624355005166	-366.61052631578946	-0.826412172614903

S2S10.txt	-0.929329950192651	-0.2746262152747228	-0.5213158365524168	-1.2071727284278926	-0.4036769126414804	-0.4984520123839009	-425.4842105263158	-2.283573041434817

S2S11.txt	-0.908197031294318	-3.301598168091209	0.022356557247005526	-0.26305024595657656	-0.25253958058400633	-0.4757481940144479	-319.7473684210526	-0.36529739925129373

S2S12.txt	-0.9713126356516	-2.7171410896634933	-0.6017457200772893	-1.3466782653911564	-0.42090898713778624	-0.4901960784313726	-470.30526315789473	-1.942508626984759

S2S13.txt	-0.947818728845431	0.8927714486325873	0.0793165017477589	-0.19355755302695055	-0.17081627143702835	-0.38493292053663575	-507.22105263157897	-3.1590239910266824

S2S15.txt	-0.797524148926193	-3.0355811243702453	0.011577205499304244	-0.28692173154609374	-0.21248571560247803	-0.4508771929824561	-323.95238095238096	-1.5873089145332604

S2S16.txt	-0.76037558685446	-0.32616338446281323	-0.477363418189921	-1.019719505220526	-0.3698055580445628	-0.5541795665634675	-248.3578947368421	-0.8105642254715774

S2S17.txt	-0.895117370892019	-0.8483967933051014	-0.2845693956683106	-0.2236489673155585	-0.3613323920722778	-0.43446852425180604	-220.82631578947368	-0.6304562864002599

S2S18.txt	-0.917666916729182	-2.974355237370052	-0.4804546457618726	-1.1465737913674412	-0.3768449093690757	-0.4842105263157894	-417.1095238095238	-2.065356196904712

S2S19.txt	-0.979421526789948	-2.7273511071444423	-0.6201790978515671	-1.340008464676844	-0.4952526970694067	-0.5954592363261093	-374.6842105263158	-0.751558372145399

S2S2.txt	-0.921736673573178	-0.026977946963208987	-0.6083690599553139	-1.2934372616501228	-0.47194516026676425	-0.5314757481940144	-336.58947368421053	-1.6178104287128101

S2S20.txt	-0.960829272953091	-4.605170185988091	-0.731114839532102	-1.4763910047880149	-0.654421842479597	-0.5931372549019609	-631.4327485380117	-3.530321313840517

S2S21.txt	-0.910548523206751	-2.900889735501617	-0.40140071647193337	-0.9744422123096879	-0.3715502313867913	-0.5333333333333333	-372.6190476190476	-2.359720121695176

S2S22.txt	-0.89051505769772	-2.790256394902963	-0.48288033111218653	-1.1157911191050083	-0.38651655971032367	-0.5403508771929825	-360.87142857142857	-1.795877360111679

S2S23.txt	-0.937494151773182	1.3370136152452174	0.03971822943690348	-0.3918839973708607	-0.1983880759528077	-0.4350877192982456	-460.9952380952381	-2.8920959405129847

S2S24.txt	-0.91270956261122	1.3662995591828264	-0.002477794213507245	-0.4055797745521019	-0.18567626965361966	-0.38070175438596493	-461.73809523809524	-2.552489062733302

S2S25.txt	-0.789339140314334	-3.1168656101198042	0.1538399925810954	-0.0320269400687993	-0.24471468805195004	-0.48774509803921573	-499.3157894736842	-3.029274102689719

S2S26.txt	-0.894622230638137	-3.433744980558357	0.10465902603754537	-0.22203167068637442	-0.3016084082977102	-0.6004901960784315	-294.63157894736844	-1.016088351243505

S2S27.txt	-0.794056603773585	3.008089267834812	0.1441594201517172	-0.09979249013916996	-0.1947361128691575	-0.44852941176470595	-485.98830409356725	-1.830437134420095

S2S28.txt	-0.920504074284631	-3.0482525423522153	0.0791226198907043	-0.30576750764978783	-0.2922980170460982	-0.5465686274509804	-564.2865497076024	-3.5163723614962463

S2S29.txt	-0.719662387066096	3.1935042274330074	0.22618699558019542	0.1028945419493617	-0.1124751722715643	-0.303921568627451	-323.49122807017545	-0.725398821512935

S2S3.txt	-0.95399469897766	-2.662158030715374	-0.6823788929977426	-1.310060287045975	-0.4955373344230241	-0.5049019607843138	-439.5029239766082	-1.4705160562452775

S2S30.txt	-0.724840975980253	3.000438956178173	0.30904243688920957	0.24984300991161695	-0.0020772563204088375	-0.2058823529411765	-206.9298245614035	-0.15638036169993835

S2S4.txt	-0.890681003584229	-0.5646692035243848	-0.6453027672345004	-1.25938247316674	-0.529148081361783	-0.5624355005159958	-346.09473684210525	-1.3324024493983093

S2S5.txt	-0.925463488460083	-2.847867711404621	-0.627780232972817	-1.3797215436298709	-0.5419455210037629	-0.4324045407636739	-558.3894736842105	-2.149567699949548

S2S6.txt	-0.948505615838568	-2.250539295505861	-0.708059821119252	-1.4358215476831422	-0.5215344123709516	-0.35539215686274517	-789.1111111111111	-4.389574387905825

S2S7.txt	-0.930357648391054	-2.7060280523140507	-0.5332850668474827	-1.0884551332875256	-0.44416065387532083	-0.48194014447884415	-333.0	-0.7921715228610925

S2S8.txt	-0.955595361553691	-2.840900174959364	-0.5738417647863521	-1.2631655951906058	-0.48438651432823854	-0.5087719298245614	-375.80526315789473	-1.9856082783077724

S2S9.txt	-0.864057672502575	-0.3636206110462561	-0.5308895110862145	-1.1491902962017224	-0.393678835939353	-0.4982456140350877	-423.3333333333333	-2.1130725722716326

S3.txt	-0.790970220941402	1.3827392290148133	0.2989772237979871	0.203460744616905	0.22290902404988144	-0.11274509803921569	-454.60233918128654	-1.3463125489847083

S3S1.txt	-0.78250258143246	-3.4027818697089023	-0.5101225393117029	-0.9602385108315126	-0.28553495137313145	-0.5980392156862745	-328.50877192982455	-0.8730632439986912

S3S10.txt	-0.95781825044824	-2.808182040344172	-0.6750997404515346	-1.3692122510357274	-0.6016933335183235	-0.6862745098039217	-705.4795321637426	-4.451071848590029

S3S11.txt	-0.829758713136729	-4.605170185988091	-0.672504030002161	-1.1447318343528452	-0.5128124427689345	-0.21470588235294116	-708.8954248366013	-3.7585573444953058

S3S12.txt	-0.925162897661939	2.610185531451334	-0.6321476813860375	-1.0897469241108089	-0.3561442576042685	-0.2764705882352941	-688.281045751634	-2.984434202718286

S3S13.txt	-0.91940441882805	-4.605170185988091	-0.5956152191493758	-1.1240835702743346	-0.21675762750458233	-0.25	-496.63398692810455	-1.7293970229205053

S3S14.txt	0.684630163304515	-3.0425775695383708	-0.48487641500326056	-0.922829486734878	-0.11791598943380029	-0.08529411764705883	-326.4967320261438	-1.219205047452055

S3S15.txt	-0.98168113729606	-2.567103102978203	0.004295630743844869	-0.3718935135912301	-0.26949074924311484	-0.4558823529411765	-558.0784313725491	-2.097974207741109

S3S16.txt	0.610325930199019	2.689370366840304	-0.21621580420476705	-0.0015061502673769933	-0.13903151251529428	-0.16428571428571426	-186.65441176470588	0.5611677466229995

S3S17.txt	0.611260310761558	0.8913285174364869	0.21592473819866856	0.0951589934426022	0.2219952214846551	0.03823529411764706	-43.0	1.2605280704128823

S3S18.txt	-0.886946715534254	-3.0484379579129506	0.1283989424366672	-0.20438466006319406	-0.14442234300346682	-0.43627450980392163	-574.6549707602339	-2.496516360865585

S3S19.txt	-0.882137834036568	-3.082622868340321	0.14063798726666416	-0.13397481019747887	-0.16274978404801174	-0.4387254901960785	-493.3391812865497	-3.111914036188763

S3S2.txt	-0.673683216915235	2.9489192808682896	-0.22981509501338127	-0.07292579714711811	-0.22712597967286408	-0.4205882352941176	-429.11764705882354	-0.31765962208639403

S3S20.txt	-0.789498403156115	-3.233282376954652	0.19823433988007413	0.02868707983593949	-0.06014285549357359	-0.29656862745098045	-495.34502923976606	-2.078223298242544

S3S22.txt	-0.826132075471698	-3.1489533494626656	0.18636839645107492	-0.013192236139234537	-0.09218386782256223	-0.38970588235294124	-544.2982456140351	-2.6134901570747733

S3S23.txt	-0.885499058380414	-3.0227343105594136	0.17200149512330376	-0.0791101763405968	-0.11281339615293064	-0.49509803921568635	-502.093567251462	-1.7689914346607274

S3S24.txt	-0.885730421686747	-3.0107587328264476	0.1733256254951882	-0.054767063876450583	-0.07922582208240499	-0.37990196078431376	-634.0116959064327	-3.6083272018797525

S3S25.txt	-0.88515037593985	1.1129661665252482	0.1937545982945574	-0.09409309318244574	-0.059973985259689055	-0.3651960784313726	-635.6315789473684	-3.854279986183748

S3S26.txt	-0.780019029495718	3.130019333088008	0.30445605464777664	0.25205168626219493	0.02981811867993836	-0.22941176470588234	-288.1764705882353	-0.24483913505252933

S3S27.txt	-0.780425289538637	3.2851265899304787	0.24597141017946944	0.08581866468264926	0.046392106952862194	-0.18823529411764706	-332.66013071895424	-0.5957137614481305

S3S28.txt	-0.660159074475777	-2.944572093601268	-0.00941416617302454	-0.36215679620942487	-0.28808196488778204	-0.43627450980392163	-365.60818713450294	-1.0529617891290797

S3S29.txt	-0.778755202421491	-3.3452375565965897	0.27322922208343337	0.20528365409978494	-0.017534638583383513	-0.2764705882352941	-271.1372549019608	0.16901277356520153

S3S3.txt	-0.890222180556858	-2.796727396933346	0.07104858186252305	-0.19794976485667365	-0.2539625744676429	-0.5490196078431373	-352.7894736842105	-0.73462286123521

S3S30.txt	-0.799412545006633	3.210826023940336	0.25373972328538325	0.1902212598621184	-0.005768578003355451	-0.28823529411764703	-280.7450980392157	-0.659807126426773

S3S4.txt	-0.813887843432443	-3.118662370163753	-0.5666509553127914	-1.019676915427758	-0.40576574681996347	-0.5980392156862745	-399.3859649122807	-1.2652706297951948

S3S5.txt	-0.892877438908884	-2.868906438230894	-0.5801242473956171	-1.0786462240352814	-0.3979756363743684	-0.47058823529411764	-582.9122807017544	-2.8095132395771216

S3S6.txt	-0.878520625889047	2.8358991932422457	-0.6788674233175267	-1.238387706745426	-0.4736693615441153	-0.4803921568627451	-618.6549707602339	-2.6424965041654622

S3S7.txt	-0.841381246490736	-3.0347348056537227	0.11412799728411677	-0.11245658654975627	-0.13246867637310722	-0.4338235294117647	-503.14619883040933	-2.099664219406367

S3S9.txt	-0.972288127550536	-2.688248707805878	-0.7384569879741902	-1.4994511671261723	-0.6259786097174506	-0.6666666666666667	-661.0175438596491	-5.554746849349982

S4.txt	-0.81592087574419	1.3268894620810772	0.29394971158500127	0.158581987327384	0.18819296914200076	-0.09803921568627452	-519.2222222222222	-2.9427744052552858

S4S1.txt	-0.558703298792661	-4.605170185988091	0.6048433934371733	1.2832534584037267	0.09997278258739037	-0.0588235294117647	-151.16339869281046	0.9893989191488363

S4S10.txt	-0.989463692453726	-2.3616933822651616	0.4892355966079369	0.8744639296997827	0.005730961528344373	-0.16666666666666669	-387.6374269005848	-0.21344130397321592

S4S11.txt	0.491814201408719	-4.605170185988091	0.5213057314864865	0.9366647331191053	0.27307963104244903	0.13529411764705881	-144.13071895424838	2.5817041752896595

S4S12.txt	0.782778306374881	-4.605170185988091	0.5473619117194751	1.3379366233998098	0.33302048585811744	0.37941176470588234	-30.77777777777778	3.2622796783327743

S4S13.txt	-0.758800645222507	-4.605170185988091	0.539342349941543	1.0504229443032844	0.0330819767077844	-0.22794117647058826	-378.9590643274854	-1.0587254392399856

S4S14.txt	-0.744759908536585	-4.605170185988091	0.011624698759273522	0.42310374721781846	0.07215935899614767	-0.19705882352941176	22.666666666666668	1.7903265227256797

S4S15.txt	-0.6232602478551	-4.605170185988091	0.6312496177780346	1.2663071588857524	0.08316537033991778	-0.07647058823529412	-228.0653594771242	0.8393239400927408

S4S16.txt	-0.824947788114676	2.7552812926749572	0.6792688960369156	1.2996638712859219	0.08993117963768008	-0.2058823529411765	-38.86274509803921	1.6070425563863506

S4S17.txt	-0.922465208747515	-3.0568185878105574	0.204338119847084	-0.019974040235301804	0.08713799461876146	-0.03529411764705882	-344.1764705882353	-0.4408098453790761

S4S18.txt	-0.739366257493577	-4.605170185988091	0.5841517608630388	1.0279898491891544	0.10156804693645903	-0.3382352941176471	-268.12280701754383	0.383999106833442

S4S19.txt	0.485313751668892	-4.605170185988091	-0.23631853164846506	-0.18742502714958925	-0.1705577720315155	-0.35000000000000003	-244.2941176470588	0.4977385526843186

S4S2.txt	0.495240787861653	2.897926879097672	0.6352052290955814	1.4297958052823665	0.10709391003281912	-0.15	40.666666666666664	2.451260733840202

S4S20.txt	-0.893735054997609	-4.605170185988091	0.2509192627548734	0.11727623235973228	0.029989643509430786	-0.17352941176470588	-394.7647058823529	-0.765976057944368

S4S21.txt	0.880512771453171	-4.605170185988091	-0.1538716337993238	0.023429260918751138	0.11005075650150768	0.15882352941176472	-167.73202614379085	-0.13051885602330535

S4S22.txt	-0.825375562147163	-4.605170185988091	0.09498572878825584	-0.18512127359094693	-0.08593490631858831	-0.10539215686274511	-456.0701754385965	-1.247023308445895

S4S23.txt	0.896937799043062	-4.605170185988091	-0.32721082968760695	-0.2838805038994201	-0.05457895223873874	0.18823529411764706	-378.640522875817	-0.24788716444576847

S4S24.txt	-0.69033737933671	-4.605170185988091	-0.2006786752616112	0.025766132873703662	-0.35435764956120364	-0.40441176470588236	-421.5906432748538	-0.9920052308804183

S4S25.txt	0.610394573421229	-4.605170185988091	-0.29622722963736725	-0.13983171682082668	-0.14394694808190678	0.3382352941176471	-314.9281045751634	-0.2876213067222526

S4S27.txt	-0.864101592115239	-3.131506031685449	0.1650463389264229	-0.14487307176800668	0.05284749799150878	-0.11029411764705883	-507.9590643274854	-1.474649859713462

S4S28.txt	-0.811038530720439	-2.5760506727239956	0.1724292059136287	-0.049351819012698916	-0.034147670651379754	-0.1764705882352941	-540.3529411764706	-1.7471516034626549

S4S3.txt	-0.901089531027949	-4.605170185988091	0.586685783946101	1.044108975720806	0.23532146883210245	-0.06176470588235294	-35.908496732026144	1.7858537737096225

S4S30.txt	-0.798578872572241	-2.554052410479751	0.19585537135622455	-0.07383622402688328	0.06119635305223685	-0.17058823529411765	-530.5751633986928	-1.3722027213339327

S4S4.txt	-0.831034154695081	2.1291782534103594	0.6013430882063229	1.178626500214909	0.1297740299555808	-0.08823529411764705	-255.00653594771242	0.6597457653146876

S4S5.txt	-0.650698602794411	2.2790781106099574	0.5621439609327359	1.1837243502221144	0.06396173455920719	0.058823529411764705	-217.1812865497076	0.7083152381261717

S4S6.txt	-0.607044264635888	-4.605170185988091	0.5251823347780411	1.0644091487161276	0.10034428528850292	-0.0411764705882353	-134.77124183006535	2.6918363821194102

S4S7.txt	-0.876085090145951	2.128943516631331	0.5074933030822752	0.9715641275928895	0.059841869318913304	-0.21176470588235297	-290.1764705882353	-0.015095836605892452

S4S8.txt	-0.868167509300773	-4.605170185988091	-0.11219576738678369	0.11373053214942325	-0.14923172343415247	-0.09999999999999999	-170.54901960784315	-0.33643489893107376

S4S9.txt	0.601694375437926	-4.605170185988091	-0.1957046183272904	0.0714159377464132	-0.17877303341304773	0.12058823529411765	-201.9281045751634	1.5657464167833572

S5.txt	-0.780164117110728	0.5305574097591266	0.628343476794198	1.0929522259744324	0.22091765601950034	-0.07647058823529412	-456.16993464052285	-0.7606609508499399

S5S1.txt	0.437932998007023	-2.853669016978767	-0.5480618197197755	-0.960511146594251	-0.1545189532762518	0.014705882352941176	-352.2397660818713	-0.6169106415415567

S5S10.txt	-0.611582055433851	2.9562219488903683	-0.1338343097775215	0.26450864693908904	-0.20461824826670258	-0.1519607843137255	-61.57309941520468	0.9663786338367939

S5S11.txt	0.706046046998383	-0.2122128545564504	-0.3526910683709521	-0.27547007539949764	-0.2721890879123898	-0.012254901960784315	7.748538011695906	2.1315981596070688

S5S12.txt	0.720730192105515	-4.605170185988091	-0.27944755702762436	-0.03835803737413124	-0.16507974436084072	0.16666666666666669	-35.50877192982456	1.3926275008182842

S5S13.txt	0.71646080760095	2.5912002452523177	-0.19526646274830856	0.13531982715071544	-0.3382667844550205	-0.15686274509803924	-97.81286549707602	1.5597849025263288

S5S14.txt	-0.707085116500238	3.244358115087586	-0.2527913148839681	-0.11315101263346056	-0.5291409003622143	-0.6838235294117648	-90.96491228070175	1.087023589909438

S5S15.txt	0.725391923990499	2.3656028155248383	-0.15487843250931532	0.13969794572774663	-0.15210658768350077	0.05392156862745098	-56.812865497076025	1.0112987040757617

S5S16.txt	0.723060140390818	3.0094941355439344	-0.1996418098346974	0.24581898364980193	-0.30267893894419345	-0.23529411764705882	-66.71345029239767	0.9255657435324096

S5S17.txt	0.721710651224606	2.693556432665584	-0.20035704356489661	0.10277204530127693	-0.28550799542349325	-0.18627450980392157	-97.3157894736842	0.8100704678506402

S5S18.txt	0.734071299895705	2.779838475197754	-0.15511878309332497	0.19937805942665132	-0.16388786714588782	-0.14705882352941177	-124.39766081871345	0.9320199932957034

S5S19.txt	0.508259333524301	-1.9442462540089758	-0.6443301968464377	-1.1289739946315733	-0.2973734318751747	-0.25980392156862747	-124.58479532163743	1.4479351130482272

S5S2.txt	0.206459874786568	-2.7357380052102354	-0.6186194242677163	-1.142142389994352	-0.2628298181288346	-0.21568627450980393	-350.42105263157896	-0.799205108958754

S5S20.txt	0.733941467122767	-2.597749849615933	-0.30174371286824153	-0.154277898639046	-0.38838711794755204	-0.35539215686274517	-191.60233918128654	1.2190105636682902

S5S21.txt	0.737806039820901	2.466208345581517	-0.25157522738560334	0.05759669672455481	-0.47119854216610507	-0.36274509803921573	-119.78362573099415	0.6501984452638979

S5S22.txt	-0.719893292682927	-4.605170185988091	-0.6118669275479723	-1.1155055298027812	-0.39307104345080984	-0.27696078431372556	-202.78362573099415	0.06573786727175167

S5S23.txt	0.726414645744175	-4.605170185988091	-0.28646309384461444	-0.0738142563209333	-0.45726427287433974	-0.3382352941176471	-66.35672514619883	0.6651966235317444

S5S24.txt	0.742774291690435	2.429580940880928	-0.2804731911100098	-0.06168881319170583	-0.3359531900614203	-0.14460784313725492	-157.19883040935673	0.714214963143398

S5S25.txt	0.738776868936656	-0.46566789442793644	-0.3709879543363199	-0.272910638874214	-0.3977890324692821	-0.03431372549019608	-123.38011695906432	0.6324772047400365

S5S26.txt	0.665353957107611	-4.605170185988091	-0.2596569191797844	0.03491309375636287	-0.4931396767376557	-0.4852941176470589	-303.7134502923977	-0.27999981016468634

S5S27.txt	0.716803395974435	-4.605170185988091	-0.6541881995402877	-1.0947335415086885	-0.5622987932903115	-0.36274509803921573	-339.1637426900585	-0.6099274629569361

S5S28.txt	0.743441688052466	-0.005526161124278395	-0.18465376838145092	0.15958359967865754	-0.2123831012286236	-0.029411764705882353	-27.736842105263158	1.076453705249994

S5S29.txt	0.73067218889841	-0.6318963696310008	-0.3301862242562402	-0.19989312244564605	-0.42980758315264755	-0.18382352941176472	65.3391812865497	1.9196095807541584

S5S3.txt	0.479650057055915	-2.963304463566906	-0.5618814140869728	-0.9516516727363085	-0.14124132175091197	0.12009803921568628	-245.77777777777777	-0.5486437705693811

S5S30.txt	0.730778380435817	-0.7623484645124733	-0.3107588403967989	-0.1419926565986408	-0.39596732486865194	-0.2377450980392157	-64.3625730994152	2.006369613210163

S5S31.txt	0.726368985479738	-0.030615855829881355	-0.3019374423737319	-0.11815928458577818	-0.23862994985917965	0.04656862745098039	-59.590643274853804	1.4088688559212972

S5S32.txt	0.733815689261234	2.50699832089948	-0.27105406358909173	-0.08554393659238158	-0.2558518603028998	-0.20098039215686278	-95.50877192982456	2.25036882701363

S5S4.txt	-0.732882542084358	-2.459037797002657	-0.016861157419540806	-0.3752848861834812	-0.24245404551275976	-0.2916666666666667	-378.60818713450294	-1.645759327109542

S5S5.txt	0.555977229601518	-2.7694782129985227	-0.5835354848251618	-1.0352128771483096	-0.18801429326287647	-0.15441176470588236	-350.60233918128654	-0.9461076849320613

S5S6.txt	0.419671664452458	-2.77797630068009	-0.55722559414467	-0.9386628877946515	-0.22950419128707608	-0.22794117647058826	-342.719298245614	-0.7648689641374027

S5S7.txt	0.487959802806219	-2.6999976181539864	-0.6267044772917597	-1.127092497124739	-0.11765167290427292	0.16176470588235298	-146.15204678362574	0.7733447005812915

S5S8.txt	0.623548448505616	-0.06358097668114981	-0.32872891260101633	-0.18363376182720798	-0.30377438022824466	0.16666666666666669	-146.05847953216374	1.0150763226753756

S5S9.txt	0.630350843741062	-0.9525504828866643	-0.6609029712736822	-1.175170307896657	-0.4267892534121959	-0.019607843137254905	-153.02923976608187	0.43404157498687407

S6.txt	-0.821435556424799	1.1058229829373376	0.2758500365146055	0.17454976787278742	0.1966667786054608	0.049999999999999996	-462.6928104575163	-0.8144744029956333

S6S1.txt	-0.77690263807174	-4.605170185988091	0.21375942019297767	-0.03838669975733555	-0.1135302965415735	-0.17058823529411765	-239.03267973856208	-0.04028161726337887

S6S10.txt	-0.576536953819677	-4.605170185988091	-0.460613895788788	-0.8471052988999455	-0.08765584621411168	0.13823529411764704	-580.4248366013072	-1.867702350553374

S6S11.txt	0.657894736842105	-1.4805417272981756	-0.2222601945178838	-0.09169179894300822	-0.052684444239625476	0.2764705882352941	-186.7058823529412	0.3683065433525866

S6S12.txt	-0.752343971967042	-4.605170185988091	0.26628468167954616	0.16760889320129496	0.09082958611533806	-0.01764705882352941	-166.88235294117646	0.5547306992995902

S6S13.txt	0.804028776978417	-0.27879963727964935	-0.25130586724948567	-0.14101631526946584	0.016881344951077598	0.3294117647058824	-279.718954248366	-1.1712658909800964

S6S14.txt	-0.617830777967064	-3.4020255080277786	0.2697324319962071	0.21407245969466165	0.11837063489924264	0.032352941176470584	-175.6078431372549	-0.18323691684449225

S6S15.txt	-0.735777946335451	2.9939310879711893	-0.2651678000282498	-0.21370137707548748	-0.2584816234371013	-0.2622549019607843	-262.5438596491228	-0.7840697400126305

S6S16.txt	-0.714407988587732	-4.605170185988091	0.41416826599251	0.7148918167262459	0.024613258837308943	-0.16764705882352943	-462.94117647058823	-2.2846727324658467

S6S17.txt	-0.695100633090806	2.849356338944388	0.45585642199559984	0.8129589038883152	-0.15759336950586367	-0.40441176470588236	-408.2397660818713	-1.352480349134249

S6S18.txt	-0.734746245960844	3.0385323907558988	0.5152152658051768	0.847204309710019	0.23946937078883482	0.07352941176470588	-313.2549019607843	-1.0638239580291444

S6S2.txt	-0.581666188060368	-4.605170185988091	-0.4326138016769194	-0.7835150391199539	-0.04937018676819585	-0.047058823529411764	-345.18954248366015	-1.4513968036629488

S6S20.txt	-0.78989918204299	-4.605170185988091	0.17934521149921706	-0.026244795946065103	-0.08504951239342753	-0.34411764705882353	-371.9019607843137	-0.9545263208299577

S6S21.txt	-0.618653736451797	-4.605170185988091	0.14258345059391583	-0.05845843778301163	0.14518920645008604	0.3411764705882353	-113.83006535947712	1.421914645246387

S6S22.txt	-0.626599677694568	-4.605170185988091	0.4332919495674674	0.771179659011889	-0.09641099135748354	-0.13529411764705881	-70.6797385620915	0.41361885060165304

S6S23.txt	-0.714512160499669	-3.455666770896023	0.47529579132893707	0.8074569108945857	-0.05606474711584511	-0.1593137254901961	-141.42690058479533	0.9306017140479559

S6S24.txt	-0.441246094119875	3.0043005222443644	0.591321751624533	1.1551679687559195	0.1610565627227289	0.011764705882352941	-162.1437908496732	0.3646291956830867

S6S25.txt	-0.725482276917229	-3.329181882536842	0.21190248174820692	0.08505604785529414	-0.132737436737776	-0.2843137254901961	-274.49122807017545	-0.47106291355724056

S6S26.txt	-0.72278637183259	-4.605170185988091	0.4658086203122554	0.7354349134271376	0.051114974418360604	-0.16176470588235295	89.31372549019608	1.2583417689608898

S6S27.txt	-0.751982420942008	-4.605170185988091	0.2521594692483855	0.23300268187455656	-0.21538719879541318	-0.4617647058823529	-195.91503267973857	0.386665782863282

S6S28.txt	0.74916002687914	-4.605170185988091	-0.5923986167793369	-1.0833912280131708	-0.1402977941277499	0.19117647058823528	-289.1764705882353	-0.11486182725927663

S6S29.txt	-0.7311155340726	-4.605170185988091	0.31209711080966157	0.29891667934042015	0.30634445531774784	0.28823529411764703	-179.01307189542484	1.7626444538230062

S6S3.txt	-0.650081487872687	-4.605170185988091	0.029301611703056063	-0.5334612490489156	0.02714457608676179	0.05294117647058824	-313.37254901960785	-0.9094245083754564

S6S30.txt	-0.77322247706422	-4.605170185988091	0.1310612547111199	-0.11888307900737832	-0.0024140070811911538	-0.0411764705882353	-531.6666666666666	-2.8453287571529637

S6S4.txt	-0.821309761429522	-4.605170185988091	0.32679233157970844	0.284972706694573	0.1435781575285334	-0.12941176470588234	-74.11764705882354	0.6441465619734064

S6S5.txt	-0.639518210496128	-4.605170185988091	0.20009734538364024	0.10125378259658913	0.11153172251770774	0.21470588235294116	-256.9542483660131	0.01916689718748287

S6S6.txt	-0.792622795372653	-3.4225341306429593	0.21360087301326816	-0.018873743868827675	-0.008533929322058664	-0.18627450980392157	-507.3099415204678	-1.6341710916983123

S6S7.txt	-0.648840511121628	-4.605170185988091	0.26778692525763603	0.20045546491132615	-0.031024760461913825	-0.22058823529411767	-204.9281045751634	-0.03844516376172127

S6S8.txt	-0.703505587926259	-4.605170185988091	0.1278881222542852	-0.2805160697768513	0.04177518707805207	0.047058823529411764	-637.2941176470588	-1.9646120735163202

S6S9.txt	-0.74	2.8096109681313868	0.43451701671651577	0.7827477199072028	0.0718304759433422	0.12058823529411765	-313.16993464052285	-0.4496880818412418

S7.txt	-0.816261574074074	1.3217866683556028	0.2840243779034759	0.12985731084503765	0.21058385971288174	-0.09803921568627452	-505.8187134502924	-2.5712660131282883

S7S1.txt	-0.82430384542527	2.68285734323437	0.5107183730038152	0.9888551784256849	0.030244966074215	-0.2411764705882353	-148.7843137254902	0.3708157738655157

S7S10.txt	-0.695903660155509	-4.605170185988091	0.3386480163005802	0.3328035194991179	0.22237679000207752	-0.0029411764705882353	-264.5359477124183	-0.3913156083272985

S7S11.txt	0.712126972058544	-4.605170185988091	0.3198931660678914	0.20050244569911946	0.3088360775307831	0.05294117647058824	-215.0	0.00022771518914647853

S7S12.txt	-0.736117702895112	-4.605170185988091	0.2814359028119238	0.16864952192613114	0.33318325349467426	0.12941176470588234	-199.1437908496732	0.16990268640777542

S7S13.txt	-0.781046676096181	-3.6736934395004806	0.26372802849421784	0.12081289550552299	0.048695975449429496	-0.24754901960784317	-260.85380116959067	-0.10994517732226884

S7S14.txt	0.900410187923304	-4.605170185988091	0.5452254838137822	0.8784626644782996	0.3976768287391516	0.1323529411764706	-195.3921568627451	0.16389140228317234

S7S15.txt	-0.777871939736346	-3.6738771932688086	0.2349019960705146	0.0503833202509113	0.11206066753216216	-0.16666666666666669	-194.83040935672514	-0.09180333138485698

S7S16.txt	0.965315703746287	-4.605170185988091	0.35116744153962043	0.2645403483302693	0.402894637355686	0.2647058823529412	-182.96732026143792	-0.10494392128188598

S7S17.txt	-0.792236142748671	-4.605170185988091	0.22399976215648815	-0.030412185764452815	0.2174965393821469	-0.03823529411764706	-323.48366013071893	-0.22067197603904087

S7S18.txt	0.849717080655989	-2.4625136473993545	-0.1945272254838915	-0.04233153137296797	0.04819641681837776	0.23823529411764705	-5.522875816993464	2.4501952963027795

S7S19.txt	-0.723966784384843	-4.605170185988091	0.23700981889757314	0.08182979591690431	-0.118376232019797	-0.45	-320.8235294117647	0.3136254974059568

S7S2.txt	-0.878032537341832	2.9934420903772008	0.27982395499197144	0.10396532491345412	0.2449267218067227	0.055882352941176466	-233.0718954248366	0.1999115761787262

S7S20.txt	0.821428571428571	-1.18595415444674	-0.212275029531703	-0.06200186528050722	-0.024551196441337367	0.2029411764705882	27.00653594771242	1.3382766521410874

S7S21.txt	0.544379808594483	0.9583989905830854	0.5056734078891438	0.9264987357362466	0.32057942088584374	0.18627450980392157	-23.818713450292396	2.902082104475005

S7S22.txt	0.9521113243762	-2.3527846630125424	0.07388797543470932	-0.12230711876572398	0.19653965226738626	0.3602941176470589	-15.374269005847953	0.5801013980980483

S7S23.txt	0.968650831810751	-4.605170185988091	0.48486118905466813	0.840594998406198	0.2211721224615941	0.18235294117647058	-289.1111111111111	-0.11545815039562747

S7S24.txt	0.830838610631357	-2.8929326527223407	0.5771936536567204	1.2681989141147882	0.40563652147617385	0.46323529411764713	-64.56140350877193	0.5589292045778984

S7S25.txt	-0.774226998491704	0.24319857598969646	0.5965633692792618	0.9180477640901857	0.1546912882927676	-0.13480392156862747	-313.9122807017544	-0.7635175343113932

S7S26.txt	0.955907780979827	-2.370918873674251	-0.14814114775434367	0.002005149897844949	0.1684843914719626	0.31764705882352945	-177.59477124183007	0.005424881156720129

S7S27.txt	-0.74952362804878	-4.605170185988091	0.2673215276986262	0.1870034219325385	0.1637810272042586	-0.1411764705882353	-417.2875816993464	-1.5185682891238557

S7S28.txt	-0.781650339110776	2.2965087157898614	0.2645722475943998	0.09476588409404779	0.04607844812552795	-0.22794117647058826	-181.82456140350877	0.8852568910553472

S7S29.txt	0.469148634602665	2.700156763128024	0.7576468911912018	1.4290409072389982	0.24905973928372876	0.27941176470588236	-91.7843137254902	1.337665250909763

S7S3.txt	-0.874242997728993	-3.334994338938204	0.2597869695438142	0.1670620506967333	0.05854969449021416	-0.17941176470588235	-61.26143790849673	0.6037313992902335

S7S30.txt	0.393634037108125	-4.605170185988091	-0.2144423311697855	-0.08506741074041385	-0.3869298268645451	-0.4941176470588235	-39.80392156862745	1.1379020128568778

S7S4.txt	-0.870473669282405	3.261225313079053	0.2815028531704858	0.21164577202217816	0.053823716657584744	-0.14411764705882352	-166.91503267973857	0.8388714729922158

S7S5.txt	-0.545419664268585	2.5458429359759256	0.4490424658156756	0.8706716920776411	0.05433592460107528	0.10588235294117648	-154.22222222222223	0.301284680059487

S7S6.txt	-0.856469909632763	-2.2918319903835638	-0.4996187040167033	-0.864814998951062	-0.10803256271738165	-0.12941176470588234	-219.86274509803923	-0.2620289765112952

S7S7.txt	0.76505040806529	-0.13694310659664125	-0.27518030965585105	-0.1180963439434774	-0.13984923072267322	0.06470588235294117	152.12418300653596	2.3764771228982244

S7S8.txt	-0.894454554161479	-2.4414156999039247	-0.5643496709766355	-1.0369120825607892	-0.15926130069916583	-0.2411764705882353	-260.03921568627453	-1.044733113543836

S7S9.txt	-0.862189808675886	-3.320601067223713	0.4333051738492596	0.6963753764849396	0.05498710484451176	-0.11176470588235293	-38.37908496732026	1.4769170818719715

S8.txt	-0.806626098715348	1.2950333542211345	0.30181597238554136	0.17694365571647508	0.23914213275584947	-0.08333333333333334	-398.9356725146199	-0.9440989792924186

S8S1.txt	0.500705483961998	-2.895143896191515	-0.12472389897684477	0.20474133891920887	0.10086335238037362	0.3357843137254902	39.35672514619883	2.1612001417507845

S8S10.txt	0.651948297009152	3.0589458350935796	-0.2967387665702519	-0.18723825643785252	-0.02272503034131911	0.35294117647058826	-210.17543859649123	-0.04075303428452791

S8S11.txt	0.573064289066166	3.4525272699157257	-0.2516292625805182	-0.10363832418398244	-0.09722132574907012	0.04656862745098039	-4.432748538011696	1.682594306972307

S8S12.txt	0.708944006012777	-2.3262402015827424	-0.03303337943523457	0.15798428758635824	0.19845747734198066	0.4097007223942208	-50.28947368421053	1.779352251753135

S8S13.txt	0.729959399490133	2.89160166114683	-0.15904474313762554	0.08535386576776122	0.13535711871508088	0.232843137254902	-47.85964912280702	2.0489917376162374

S8S14.txt	0.737542468856172	-4.605170185988091	-0.1504087928327315	0.18017537513376514	0.025693011358278128	0.21568627450980393	-171.36257309941521	0.7679445285295536

S8S15.txt	0.676986584107327	-2.4790338022517022	-0.15520271790665613	0.19819113741880312	0.08937643167885141	0.39460784313725494	169.78362573099415	2.862786707812653

S8S16.txt	0.676120249574589	2.8127907174876934	-0.23105690949778912	-0.1148624192801792	0.09024599333660403	0.35294117647058826	-193.1578947368421	0.672224912068205

S8S17.txt	0.675222580034097	-4.605170185988091	0.5562025731352996	0.8839448193821517	0.3876571025202568	0.6519607843137255	-115.99415204678363	1.7328286435444964

S8S18.txt	0.631240544629349	-4.605170185988091	-0.3233037654479977	-0.352763774026718	-0.09876943890186606	0.19607843137254904	-256.2514619883041	0.28561253417719373

S8S19.txt	-0.858782575971399	3.0096874945734395	-0.05712019538146748	0.21074025218422482	-0.06503714353825864	-0.2377450980392157	13.298245614035087	0.9375148229794754

S8S2.txt	0.652117647058824	2.6742059439377246	-0.11431132828766921	0.18829779820001302	0.08708329557732493	0.14215686274509806	150.0233918128655	3.850075378625849

S8S20.txt	-0.676030757618643	-4.605170185988091	0.46430432669833593	0.7542255167542095	-0.07431361669445492	-0.17401960784313728	-277.46783625730995	-0.10142865477938029

S8S21.txt	0.656794095382286	-4.605170185988091	-0.04074370297016794	0.28050780259404207	0.059013589268237854	0.303921568627451	-109.2280701754386	0.4715713242009965

S8S22.txt	0.490257283390087	-4.605170185988091	-0.44797935250540527	-0.7365625222191012	0.052284997533534015	0.411764705882353	-326.85380116959067	-0.4953112144295918

S8S23.txt	0.411150977244831	-4.605170185988091	-0.20001797289549314	-0.03933700992795919	-0.06274758642008378	0.10294117647058824	-185.64912280701753	1.2602061257759798

S8S24.txt	0.557098328138283	-4.605170185988091	0.4941640986792407	1.097407652147501	0.24545092125807685	0.49754901960784315	-101.65497076023392	0.47438177362996786

S8S25.txt	0.527599395599207	2.885860664893582	0.7296465523508666	1.3834830283720536	0.4211389011423246	0.3995098039215687	-43.68421052631579	2.0093980654824355

S8S26.txt	0.633021515434986	0.8610821747937666	0.7313104829578176	1.435622395578877	0.5179821554687697	0.3746130030959752	-35.33157894736842	1.2345772398594819

S8S27.txt	-0.235133094204267	-4.605170185988091	-0.4880518548727385	-0.7619142022728789	-0.3125653115382935	-0.16421568627450983	-253.2748538011696	0.3023601340339903

S8S28.txt	0.705948795180723	2.282874855903761	0.027759040828549353	0.5303802086243306	-0.05429600935406235	0.06617647058823531	-2.52046783625731	0.7361435959266379

S8S29.txt	0.597702231848573	2.9731554487560694	-0.11140590312798437	0.11462309564879086	0.04628786123263488	0.09558823529411767	-111.0233918128655	1.8468012010113117

S8S3.txt	0.666823529411765	3.169593830095675	-0.14672552256985322	0.16530396826341276	0.13306188580940803	0.3382352941176471	-120.45614035087719	0.8067422156966148

S8S30.txt	0.52913419100385	-4.605170185988091	-0.057101567002469045	0.28153781320550725	-0.01923573523473087	0.09313725490196079	-152.1169590643275	2.2431096264287502

S8S4.txt	0.57413516825337	2.716259627570589	-0.11822625620328006	0.15274449115133548	0.19232012899227832	0.27696078431372556	91.36842105263158	2.542877122150449

S8S5.txt	0.478823529411765	2.433207591235799	-0.11121116025229241	0.1932525107188512	0.09205266518944331	0.24264705882352944	-16.333333333333332	1.3289911098893137

S8S6.txt	0.520652583930592	2.4756034630898487	0.613684191618357	1.204648701114509	0.2657651191744201	0.3382352941176471	-61.175438596491226	0.5402470678837591

S8S7.txt	0.660244360902256	3.3667145330598096	-0.20577359587798472	-0.08383646894135977	0.1262580663088828	0.4093137254901961	-103.05847953216374	1.045092064106089

S8S8.txt	0.701465721040189	-4.605170185988091	-0.23270008149304905	-0.1619605751899753	0.041190243287667704	0.17156862745098042	-225.80701754385964	0.0899058336533694

S8S9.txt	0.693173293323331	-1.569979263128178	-0.1947691314629615	0.06718513842589069	0.09573502291268692	0.3995098039215687	-92.27485380116958	1.6975945727330892

S9.txt	0.548508241185062	2.771205773427728	0.5457779657622053	0.997521715580194	0.23076307542953958	0.37857142857142856	-360.8014705882353	-0.09060554417263474

S9S1.txt	0.816928950554055	2.5882690448848273	0.5163233104419114	1.1258025913883591	0.25803101584649796	0.2280701754385965	-33.257894736842104	1.972853545980463

S9S10.txt	-0.25149644594089	-4.605170185988091	0.5166103180172507	0.9563071364848676	0.03730809122957908	0.21470588235294116	-296.1437908496732	-0.143175651626673

S9S11.txt	0.912298861390797	-4.605170185988091	-0.026169740481327503	0.3512230917266332	0.2404761098407769	0.05294117647058824	-109.81045751633987	2.1183795016098745

S9S12.txt	0.336739476891347	2.6705435214679425	0.5159354896748406	1.0311733124396372	0.11596118659189368	0.18235294117647058	-228.12418300653596	-0.5023950634500689

S9S13.txt	0.647853441894893	-1.1942160210279114	0.187812686849604	0.09209030794136103	0.28758256128545656	0.3602941176470589	-169.63742690058479	-0.012434744788826597

S9S14.txt	0.573643410852713	0.21191921852226808	0.6700073780803977	1.3470844748791042	0.23107057650019727	0.04411764705882353	-51.707602339181285	1.23124917028321

S9S15.txt	0.629320364592892	2.9243686972964547	0.6056131375194923	1.1324987171996532	0.23437424777359928	0.42352941176470593	-49.071895424836605	1.4222847373925986

S9S16.txt	-0.4792398742371	0.7872496633505681	0.20717335792257982	-0.03764151335515176	0.14462136110372867	0.16821465428276572	-296.92105263157896	-0.3545883993357692

S9S17.txt	-0.351421427909992	1.0118784719830387	0.24031098466480103	0.165895784965155	0.25850184413173466	0.2720588235294118	-289.91812865497076	-1.1628913043857494

S9S18.txt	0.640691440192272	1.2557062739844884	0.37913385246938003	0.7280191327075018	0.27711839160936613	0.41666666666666674	-145.04093567251462	0.023539392421445433

S9S19.txt	0.497861658609148	1.2325026903410976	0.3471419260473466	0.37263899843117826	0.27899820811319503	0.31617647058823534	-231.73684210526315	0.6268526730410117

S9S2.txt	0.649365303244006	-4.605170185988091	-0.11207474948259405	0.26008964040635085	-0.04694675731511356	-0.09117647058823529	-270.80392156862746	0.20833878622623947

S9S20.txt	0.52743987371158	1.1319432707475945	0.4214865992910434	0.7762538325218904	0.31024607086375866	0.3308823529411765	-91.08771929824562	0.9072636334209244

S9S21.txt	0.402816379470076	-3.0162026958540715	0.14440003828939174	0.008682510406029575	0.13663011342890302	0.25980392156862747	-368.0233918128655	-1.9001089628894225

S9S22.txt	0.532712889716147	0.8481755491198695	0.24935597643392154	0.2166201088311427	0.2872353791902053	0.37500000000000006	-158.26900584795322	0.9958255334816317

S9S23.txt	0.529646469332838	1.2267805633622346	-0.234165852080028	-0.49653468204175577	0.06783549818655887	0.1593137254901961	-88.97076023391813	0.4219278822684826

S9S24.txt	0.676165803108808	1.1490433411612535	0.37369430085859556	0.7299266474790684	0.3062239019112281	0.44852941176470595	-35.748538011695906	1.2204195954000734

S9S25.txt	-0.900055782818892	-2.438689068689524	0.20071693236942625	-0.04135894261226858	-0.15057517747715377	-0.4280701754385965	-502.6952380952381	-2.4085878809772914

S9S26.txt	-0.357387362383199	1.0877269641031873	0.22024462039913797	0.1581826429473735	0.25559683704354963	0.21568627450980393	-222.69590643274853	0.18657457451674125

S9S27.txt	-0.213675213675214	-3.2019980924501206	0.45471926168681387	0.7986855827038395	0.19276536040713713	0.28186274509803927	-250.26315789473685	-0.34340348057342657

S9S29.txt	-0.47196261682243	0.9892489546667923	0.20954121901315736	0.10516810834455559	0.09461061375746745	0.12899896800825592	-270.37368421052633	-0.4122797864324784

S9S3.txt	0.72179885219682	-4.605170185988091	-0.2892316504439604	-0.2508163780757463	-0.058344532144076866	0.22352941176470587	-252.47712418300654	0.508660987560853

S9S30.txt	-0.466907675194661	-2.7190396544615973	0.19752038033211494	0.0812893447864127	0.04744662214199234	0.08359133126934985	-336.77894736842103	-1.0259113499910895

S9S4.txt	0.721168294515402	-4.605170185988091	-0.6039717865936945	-0.9633054395920824	-0.27815162757922635	0.15	-267.2483660130719	0.611219702076503

S9S5.txt	0.247509291358256	-4.605170185988091	-0.23898576541581393	-0.08364037835781812	-0.18891789900176967	-0.014705882352941175	-247.2549019607843	-0.29453183591744414

S9S6.txt	0.551479991266648	-4.605170185988091	-0.5244135348911759	-0.8987565838827041	-0.1415293502560669	-0.02647058823529412	-393.1830065359477	-0.5872561274258069

S9S7.txt	0.64880280807321	-4.605170185988091	-0.1314283080417658	0.027248271070880237	-0.03534359825201329	-0.0823529411764706	-246.77124183006535	0.5115734218915566

S9S8.txt	-0.733609628172708	2.4951758301106324	-0.22148543094248385	-0.031503365109366355	-0.21066984135741476	-0.303921568627451	-225.42690058479533	-0.38715581292350865

S9S9.txt	-0.321958688790975	-4.605170185988091	-0.12681669554321057	0.09122849619467949	-0.15250937642981557	-0.18823529411764706	-406.33986928104576	-1.721155894503162

