	SScmap	SSfisher	SSlincs	SSlincs_Norm	SSpearson_corr	SSspearman_corr	SSzhang	SSzhang_Norm
drug_1.txt	-0.0337493759360958	0.5561261963247128	-0.20471006254446056	-0.0370064764552166	-0.09039514454992584	-0.0419253388648756	-238.42830712303422	1.0518072876809292

drug_10.txt	-0.0435430188051257	-0.029910937568108753	-0.11555964420060985	-0.051057512579141484	0.03560441888039142	-0.015296140865830733	-237.83533765032377	0.6829112194747117

drug_100.txt	-1.86149941754036	-0.10384305171951566	-0.7493587737770876	-1.2479324583274	-0.2894519399022632	-0.20874797879264764	-257.27289546716	-0.06808963652999428

drug_101.txt	-1.87144283574638	-0.014673462831506084	-0.6871087615980791	-1.079971125931988	-0.22607862709672463	-0.2616835351645474	-330.1230342275671	-1.2190047884429034

drug_102.txt	-0.362106839740389	-2.599704407398464	-0.11497012275939875	-0.2976957773369324	-0.11591411411281098	-0.04262786862680453	-177.0286771507863	1.3938201494551063

drug_103.txt	-1.84597270760526	-0.0021188765885110095	-0.6995262821978669	-1.125180207932808	-0.165595432986388	-0.11498905487230549	-324.18871415356153	-0.7646524569157095

drug_104.txt	-0.424163754368447	2.522993209877601	-0.45596488134717866	-0.7570247993766661	-0.1760141514889994	-0.03549929290514502	-266.4939870490287	0.19256591920278274

drug_105.txt	-1.8573639540689	-0.12214155067917226	-0.7043578376194358	-1.196549582018923	-0.2270431671642342	-0.21192573833325956	-340.04717853839037	-2.122873773402733

drug_106.txt	-0.1209186220669	0.8664295219614488	-0.10616247848573268	-0.3023805999946506	-0.10123556609400222	0.017142167810779048	-223.71877890841813	1.4514632903162301

drug_107.txt	-1.83844233649526	-0.13480144954941306	-0.5036874560461133	-0.9376934026722318	-0.2086458940149698	-0.21905566653774286	-373.62349676225716	-0.9775841212157784

drug_108.txt	-1.87703444832751	-0.12316197745562392	-0.6367884242571347	-1.1197826782699132	-0.3085012476181576	-0.4168732490621312	-337.35615171137835	-1.5616604891360941

drug_109.txt	-1.85471792311533	-0.13272324259956975	-0.6131198421084725	-1.0487098828674424	-0.23994743359838344	-0.29414746358496086	-338.00462534690104	-1.7379751341615088

drug_11.txt	-1.90194707938093	-0.17536057436124156	-0.5745490106655139	-0.8707190212044771	-0.1911614349689376	-0.2891308603744992	-227.69565217391303	0.5530780227060649

drug_110.txt	-0.11263105341987	0.9804989893915937	0.08798074442248255	0.011307731266961718	0.02989173676737639	0.08634382319288667	-318.2617946345976	-1.9227221014030407

drug_111.txt	0.118721917124314	0.9586575451444872	0.10472024403672359	-0.0007388514492994158	0.011366968794396595	-0.015380469387092685	-336.53283996299723	-1.5626808460386792

drug_112.txt	-0.108387418871692	0.7745164056963814	0.10292971368368586	-0.03461277350750913	0.08321459098096708	0.09479910673249015	-319.5050878815911	-1.3492226684926292

drug_113.txt	0.0693459810284573	1.310305735323065	0.11894150754603816	-0.009927534617007572	0.06017223258701337	-0.008680066881824584	-364.30249768732654	-2.61259017960429

drug_114.txt	0.0417873190214678	0.7397376501011025	0.18189561024485634	0.10462803407883892	-0.02355798070103995	-0.07309810639613697	-380.1526364477336	-2.7586570173395835

drug_115.txt	-0.0314528207688467	0.9772004857459726	0.09046305267625548	-0.008677176842053935	0.019874722277760937	0.02695389189619213	-336.67345050878816	-2.4184885656553012

drug_116.txt	-0.0695956065901148	0.728032385779911	0.14116814549810447	0.08079997445341286	0.06596909806528893	0.07302196253530767	-271.7650323774283	-1.0808021148008973

drug_117.txt	-0.0857630221334664	-0.0890281816142639	0.06553661613279826	-0.06297830369822888	0.035717240660105266	0.1391856338594328	-260.93987049028675	-0.07179499365646709

drug_118.txt	1.70933599600599	-0.015930534908701777	0.045130128380349466	-0.07123874508639466	0.01072257715068747	0.05451691129286318	-221.84828862164662	0.3135102755373055

drug_119.txt	-0.0629472457979696	-0.4122038540383186	0.055298176211225125	-0.09065068968123019	0.025664477201028168	-0.04370489815936238	-186.1896392229417	0.3772138895408621

drug_12.txt	-0.025611582626061	-0.09875622216393393	-0.5260448695868312	-0.9363271922865456	-0.11536858284824146	-0.1158490832853594	-136.1887141535615	2.2858477230655296

drug_120.txt	-0.115327009485771	0.18499240843999384	0.061627298406713105	-0.06406028767699168	0.10538163464112409	0.15342987957105833	-162.472710453284	1.8913159793281356

drug_121.txt	0.0462306540189715	0.6480267372476135	0.12660191049081848	0.028202016779911965	0.10144858071566301	0.19287239948064058	-150.3163737280296	1.6497927447253096

drug_122.txt	1.68831752371443	-0.23669260834145084	0.08475423940269833	-0.013497289974763405	0.08056076591340715	0.09708342255736942	-169.27104532839962	1.6188428750474841

drug_123.txt	0.0427858212680978	-0.25309205060005247	0.018202891414769495	-0.14469366119770227	0.020896763078122948	-0.13416033198048175	-232.4754856614246	-0.2486975098160627

drug_124.txt	-0.163804293559661	0.3960130360199295	0.09207464919172509	-0.021615903462424924	0.035567847543447544	0.03319744877610104	-207.4468085106383	0.9797318912512689

drug_125.txt	1.72586120818772	0.48148590172257755	0.11891248337792837	0.0056298846315855355	0.06915557507267761	0.15669804949820174	-220.31822386679002	0.367319299149843

drug_126.txt	1.67393909136296	-0.1964646268292089	0.0762378462268555	-0.05160556917559411	0.0457754533118037	-0.02878569514481687	-201.61609620721555	0.43681627925107747

drug_127.txt	1.82750873689466	0.4920258736163132	0.14430734465398054	0.013649839795228935	0.07193188732674845	0.07119450987540422	-223.5550416281221	1.2051668731566332

drug_128.txt	0.0903145282076885	0.8667139846564378	0.07371427330852015	-0.028099059651138125	0.018721366904202855	-0.039136441905770494	-260.09343200740057	-0.1238521471401154

drug_129.txt	-0.0306040938592111	0.9089285258248578	0.1314219463232869	0.02522662215507626	0.07945534869682246	0.04637161124504939	-298.98427382053654	-0.8564314399251439

drug_13.txt	-1.87079380928607	-0.01684843389378432	-0.5772313787935486	-0.9525927040871013	-0.13774942155070125	-0.16456034989576573	-164.85568917668826	0.3126238655577207

drug_130.txt	-0.0747878182725911	0.46630592688869	0.13068228699783074	0.028699720629989156	0.03725112019123606	0.018882952514846462	-257.9509713228492	-0.8356225161539492

drug_131.txt	0.058071226493593	0.46131574327150215	0.11808197973120871	0.0396185920911008	0.047119805628245734	-0.05026073755444215	-266.83163737280296	-0.07743566370613267

drug_132.txt	-0.150374438342486	0.7006332923210891	0.08178709888720848	-0.024081016205523664	0.02711194214970648	0.05223468852890621	-238.85661424606846	-0.026569387650460987

drug_133.txt	-0.0854717923115327	1.2645848304421583	0.028687390162704607	-0.10923265795977682	-0.0017600686574632887	0.011116576883740258	-324.1073080481036	-1.3447837346697193

drug_134.txt	-0.114228657014478	-0.06081924483663578	0.05108979361070792	-0.0683866776926475	0.017094189878451335	0.1091902964292296	-188.2118408880666	1.2566044584188145

drug_135.txt	0.081228157763355	1.0057095210248392	0.06685583515711274	-0.0544355784668612	-0.0005270597704836032	-0.09761268195174665	-331.2617946345976	-1.4279475092348333

drug_136.txt	-0.109885172241638	0.7107368905434279	0.07907802267850944	-0.04192453559586479	0.04108109246321406	0.11634781934718469	-280.6614246068455	-0.26395790187496626

drug_137.txt	-0.00464303544682976	-0.15215088184352282	0.07631562075728862	-0.044765870980268685	0.04351497065022802	0.12761711074992246	-184.1831637372803	0.7277121351182962

drug_138.txt	-0.0340988517224163	-0.03328275207156417	0.0749842088755534	-0.06275999120449749	0.02257838286253435	-0.006395838755028641	-167.96114708603145	1.1463817000935754

drug_139.txt	-0.0982026959560658	-0.002881045427511275	0.06104359166008677	-0.054403399738186975	0.031011958461258288	0.028781274397628887	-260.48196114708605	-0.3978997893251329

drug_14.txt	-1.84423364952571	-0.27767838664340133	-0.3657601749559537	-0.6933016067939897	-0.0930292208613343	-0.18313956688266958	-233.1609620721554	0.919833933466368

drug_140.txt	-0.0784323514727908	-0.13100274517287222	0.10695285361783793	-0.0029865950655195705	0.033070502189566364	0.087870015397023	-229.82978723404256	0.838854427776822

drug_141.txt	0.0721917124313529	0.623835661046965	0.08446370564553296	-0.02365577918572015	0.03847305138137192	0.051623555665588315	-230.1304347826087	0.7944635251037642

drug_142.txt	-0.0443917457147612	-0.35951568501590936	-0.13908876678900337	0.033193349820648366	0.011983781886636447	-0.19963725191461784	-202.67715078630897	0.19521820272154947

drug_143.txt	-0.0168330837077717	-0.31317753346255306	-0.13858151100567634	-0.013045034610331463	0.01973325953052678	-0.02297461646108325	-207.7613320999075	0.12701424670634232

drug_144.txt	1.68186886337161	0.3866581766804458	0.4669536428322242	0.8060648578384719	0.09897755289954312	0.06484283198555733	-279.83718778908417	-1.637716213332537

drug_145.txt	-0.111233150274588	0.32720511543902164	0.43928899635638163	0.910989028234648	0.12238756501198807	-0.08418032649402266	-165.85013876040702	0.8595368617720613

drug_146.txt	-1.8900149775337	-0.15265139006099246	-0.21384353769270598	-0.04257563035744738	0.026680545297057674	-0.06881435577359933	-282.3885291396855	-0.5892807096192053

drug_147.txt	-1.67873190214678	-2.636084014924247	0.012359491359831637	0.269361860535547	-0.010331176913305066	-0.12341211936540011	-342.0869565217391	-0.8755217337608338

drug_148.txt	-0.0905142286570145	0.336703404706908	0.5168588111078176	1.0168753658154075	0.11839734808589102	-0.011867873680924795	-247.0018501387604	-0.13205615150237468

drug_149.txt	1.68711100016642	0.40899933441007885	0.5004018688055882	0.9012470519302356	0.13894410941988652	-0.06349690377055306	-370.6308973172988	-2.2816414439167456

drug_15.txt	0.0876601764020635	-0.23570291137285046	-0.3332708265551585	-0.5986411058591999	-0.03936857305613016	-0.21830361044130098	-271.16281221091583	-0.1592586385806637

drug_150.txt	0.293251788983192	-0.28451102071337553	-0.1898526268233103	-0.1437361823917676	0.00993386301010385	-0.1915055201065295	-313.04070305272893	-2.0905396870607027

drug_151.txt	-0.0895656515227159	0.37144020270074773	0.11822982458653658	0.10042074426644698	0.02094071081194478	-0.07496129612394117	-365.88714153561517	-3.673444432436211

drug_152.txt	0.109277750041604	-0.6677031284322541	-0.17634895409513462	-0.0758205065461468	0.02698333653682924	0.04506962202314858	-107.1859389454209	3.5574088359928773

drug_153.txt	1.6094275253786	2.5070613898896656	0.38934969726726476	0.7904947466082778	0.059006958585414736	-0.08434102621897668	-252.96669750231268	-0.5438084636341988

drug_154.txt	-0.206490264603095	-0.6719683246641489	0.08889481164053595	0.4545845052300227	0.07640941158303978	0.2038365551987725	-139.92691951896393	1.933332743612149

drug_155.txt	-0.225711432850724	0.3868198667991235	0.33050854633196425	0.8078179557131543	0.0604414421697371	-0.04186346577889457	-192.41258094357076	0.4714462562003769

drug_156.txt	-1.96010983524713	-0.5650563869746427	-0.2920038384001676	-0.27603926300353904	-0.178937048731443	-0.14861299144393728	-228.45975948196116	-0.721287288655726

drug_157.txt	-1.49345981028457	2.6481727261767447	-0.06101972742554829	0.17303444848685795	0.06366748477554239	-0.11588184938125932	-306.7696577243293	-1.7426619581290592

drug_158.txt	-0.2036445332002	0.5374482128065241	0.5229575625088692	1.0004122279608598	0.14412249333983934	0.028800381353072276	-280.9833487511563	-0.7161374300728827

drug_159.txt	-0.0971625894491596	-0.20639128561548697	-0.23353555532255416	-0.08550859972422686	-0.13157994075512552	-0.1980104918170704	-294.30527289546717	-1.1885010755587788

drug_16.txt	-1.84832750873689	-0.03564679150240285	-0.12843430105867554	-0.024506436643697338	-0.045776076292941795	-0.1982445061531787	-216.4255319148936	0.791219229593487

drug_160.txt	-0.27373939091363	2.3122801234134926	0.4536559721245953	0.9115911934737997	0.07523992795957911	-0.1387545915215423	-263.5689176688252	-0.01134621100307382

drug_161.txt	-1.9416874687968	-0.36097968282301307	-0.6202152581935173	-1.011090217486454	-0.18448858824797235	-0.10118263660277947	-208.19241443108234	0.3200241176603235

drug_162.txt	1.69549841903811	0.366175235667486	0.5095274342464113	0.9564077533391466	0.13567736724279394	-0.03491537106914626	-202.28492136910268	0.38628911173836783

drug_163.txt	1.67727575303711	0.5273388589129567	0.49757751976474907	0.7632860608373888	0.08417555763010742	-0.08345307352701259	-220.71230342275672	0.24950439023571025

drug_164.txt	-0.0675486769845233	0.3108974527604927	0.16945565877172555	0.12265804091495602	0.11632207176014547	0.06347289102387484	-214.85846438482886	0.5812766424289146

drug_165.txt	-0.126310534198702	0.4465359627517487	0.13934067789715662	0.09554554716230823	-0.010373684301727526	-0.04397930881465097	-288.5254394079556	-0.7008837234317061

drug_166.txt	-0.0616159094691296	-0.31662999675581815	-0.14717311096037397	-0.08435027403911588	0.022258541795521964	-0.1208708918203742	-165.3922294172063	0.9097135104880798

drug_167.txt	-1.95381927109336	-0.21498172813572103	-0.6434848918651391	-1.0753775135833918	-0.20044538431270967	-0.14102182340914918	-232.4264569842738	0.11892428019593594

drug_168.txt	-1.89226160758862	-0.4970459108569965	-0.5801950272650633	-1.0026938994843348	-0.003963442935292568	0.1728880650745543	-211.03885291396855	0.27900623131843383

drug_169.txt	1.69669662173407	0.3081439596638251	0.42759121102142056	0.8804885678166626	0.07580216951977835	0.00060473241686241	-145.11008325624422	2.037265717067379

drug_17.txt	-1.78152770843734	-2.4462235696001873	-0.38292606177780186	-0.7743607844506526	-0.08154848678722762	-0.25666890300714507	-341.3441258094357	-0.4520524947117907

drug_170.txt	-0.0373523048760194	-0.35953390052796375	-0.5934379527943044	-1.010654576492096	-0.0032936442430230796	-0.1286885960676127	-295.92969472710456	-1.2423157688394701

drug_171.txt	-1.77783325012481	-0.30332152962206205	-0.605645584051574	-1.2009729681803307	-0.20249479977592577	-0.2235278695274176	-251.32192414431083	-0.3957667306552183

drug_172.txt	-1.72611083374938	-0.24449205945998193	-0.4870545815008477	-0.8259945280040911	-0.039464337634579585	-0.03022744065796508	-279.61054579093434	-0.7661087597173631

drug_173.txt	-1.48711932101847	-2.6637923113929602	-0.4391630569882174	-0.8416806092191419	-0.13941234796512836	-0.23770149311731747	-223.56059204440334	0.08053765136006785

drug_174.txt	-1.88871692461308	-0.22239303599855254	-0.6066906406602615	-1.171519115997652	-0.20583703539189357	-0.26503694187612137	-273.97132284921366	-0.6453512324912423

drug_175.txt	-1.83974038941588	-0.17623959108332232	-0.7399088761736154	-1.2760868786557018	-0.24930061933478226	-0.09067198446826928	-224.27659574468086	-0.5841448913164782

drug_176.txt	-1.8080878681977	-0.011434036393801639	-0.5267284147837646	-0.8437648853105356	-0.04610558311339665	0.013866875848130334	-277.27567067530066	-1.6425771296075689

drug_177.txt	-1.70993509735397	-0.4877602034313536	-0.6013071914253177	-1.0956946970133914	-0.11224615373133616	0.037646001746908346	-99.8418131359852	1.5508465597085552

drug_178.txt	-1.95122316525212	-0.04161000842123935	-0.6356452563939429	-1.0223713960327863	-0.21568298317505483	-0.36229542526250025	-286.9870490286772	-0.5747119713778852

drug_179.txt	-1.79066400399401	-0.004340693454764122	-0.608373428934569	-1.0689270536051994	-0.17827676026175326	-0.15407419917164553	-210.32377428307123	-0.012652685048888865

drug_18.txt	-0.0422449658845067	-0.06381884773735602	-0.24398643485995794	-0.17381348089849963	-0.0962787997190211	-0.14874015066475607	-200.7585568917669	1.101789259837904

drug_180.txt	-1.88467299051423	-0.003496862448642002	-0.698539303077616	-1.207284359839806	-0.29304019014536636	-0.38592832776760166	-298.62904717853837	-1.2425909501878976

drug_181.txt	-1.58617074388417	-2.536723025450978	-0.3969092779790207	-0.6943720638176936	-0.1324971186091226	-0.25201812224388626	-309.46253469010173	-1.2444359545336277

drug_182.txt	-1.76225661507738	-0.022439636182746164	-0.5849694197977429	-1.0924842811988646	-0.11965422305437683	-0.14187316151299664	-284.8889916743756	-0.9158443247025952

drug_183.txt	-1.75122316525212	-2.623668122975465	-0.42798694352572464	-0.8089327693851753	-0.1557760359251983	-0.30383068479718306	-288.3552266419982	-0.609407368718321

drug_184.txt	-0.158612081877184	-2.573570836005824	0.03663758169404435	-0.059653057338220794	-0.07725753630667956	-0.07287088476063079	-264.7150786308973	-0.6374690452816968

drug_185.txt	-1.5445332001997	-2.5967004683517754	-0.41556562910093053	-0.764850015488265	-0.13555894759901208	-0.21096196887563073	-275.4764107308048	-0.2747435656603418

drug_186.txt	-1.71662506240639	-2.5963203476695234	-0.40272845181380723	-0.66512621861821	-0.05612489669343503	-0.02560328383481622	-320.472710453284	-1.8468819454692584

drug_187.txt	-1.91987019470794	-0.022521562964606	-0.639183205583026	-1.2117402402612214	-0.2081534689752674	-0.3203440453770349	-329.8492136910268	-1.644922182554459

drug_188.txt	-1.77219171243135	-0.26439940131664824	-0.5746687757476967	-1.0510942629052542	-0.13137127003847182	0.01757385162626439	-135.06475485661426	1.1720802065457256

drug_189.txt	-1.84717923115327	-2.3861970826115275	-0.5627488432504155	-0.9773194404656034	-0.15514081174089	-0.14656944342106168	-331.64569842738206	-1.0178338818257284

drug_19.txt	-1.7435846230654	-0.07090728414254685	-0.3709122060121489	-0.7237746324299588	-0.19166284196694208	-0.3168256771494447	-274.1840888066605	0.5440032223232615

drug_190.txt	-1.91133300049925	-0.21030251429631389	-0.6200179843446835	-1.0941248353863906	-0.23763631507432656	-0.03764743214764397	-198.54764107308048	0.359903492014608

drug_191.txt	-1.91637543684473	0.6095473767597843	-0.1012448876011095	0.18238353392606665	-0.08099545808625569	-0.04492449200544685	-104.3940795559667	1.8739288421490141

drug_192.txt	-1.88067898152771	-0.2902379206673922	-0.47343832978667727	-0.8714610563962197	-0.04535684139254478	0.020681933081765583	-142.25901942645697	1.3217538331513492

drug_193.txt	-1.79171243135297	-0.0957777836515456	-0.663794817910561	-1.103618070247422	-0.15001135649218747	-0.027875764648557306	-271.8122109158187	-0.7254165317408727

drug_194.txt	-1.86400399400899	-0.22511760149343277	-0.5756403156564722	-1.0208928339390402	-0.1360865956364349	0.012045521465204129	-160.79833487511564	-0.1244447640345666

drug_195.txt	-1.4301048427359	0.6104163763498068	0.04192425588604212	-0.1079097497019908	-0.09673847919944617	-0.10339787702521937	-339.61609620721555	-1.2421798570222748

drug_196.txt	-1.75511732401398	-0.1216526956228077	-0.7423749231520981	-1.280626742088978	-0.22663083100090298	-0.0812759756024802	-213.37465309898244	0.5249947434156044

drug_197.txt	-1.61952071892162	2.6024769977675914	0.0029213683253010436	-0.09294907145368464	-0.017344378118719743	-0.07780346254568957	-360.80573543015726	-1.0930032858605259

drug_198.txt	-1.92216674987519	-0.051570238373042504	-0.4365761692041627	-0.7800940943600666	-0.1752622116085405	-0.27307644445122037	-273.7132284921369	-0.2695539629042763

drug_199.txt	-1.9400898652022	-0.041600715361178264	-0.5919717708079651	-1.0763701715716998	-0.22893726018089486	-0.14596347156195652	-251.3894542090657	-0.11354344073465167

drug_2.txt	0.131544350141454	-0.5950370015729549	0.32262919539309776	0.8517877554712368	0.013964402816195253	-0.09822940405525005	-278.4051803885291	0.5860843379261101

drug_20.txt	-0.0499833582958895	-0.07565464643901992	-0.08534856136639837	0.16381029109409645	-0.09243474115916389	-0.2118695581224693	-288.5837187789084	-0.3903585840605891

drug_200.txt	-1.6755866200699	-2.6537013275649004	-0.6061444808617502	-0.9926834440399213	-0.04615035591570394	-0.04189417213998669	-193.93432007400554	1.0833752631427294

drug_201.txt	-1.90124812780829	-0.36913577000072423	-0.5851406255405411	-1.0923851112257004	0.027372612689114006	0.15757663300392824	-91.73450508788159	2.229039068201406

drug_202.txt	-1.80354468297554	-0.2046223878115602	-0.6144197233097761	-1.019215073478623	-0.08913263503354574	0.03211650853257372	-115.00740055504163	1.97912195995571

drug_203.txt	-0.0388999833582959	-0.47498676103890536	-0.5498124597157573	-0.9975941791138694	0.06625863090518871	0.20369003027165924	-168.8131359851989	1.0288048978386017

drug_204.txt	-0.0648610417706773	-0.20363614570039637	-0.6069550299801021	-0.9514608752439621	0.01037455707840387	0.0689397769392186	-153.2414431082331	1.3662107877541467

drug_205.txt	-1.91158262606091	-0.23569922362191081	-0.6556084176801729	-1.07268476775659	-0.020658087205274556	0.08362729394567192	-155.95282146160963	1.0747906188498424

drug_206.txt	-1.90833749375936	-0.16046340498359601	-0.6519461682988732	-1.0880750777258361	-0.10124750547425389	-0.019997071350470432	-196.12118408880667	0.7841838639321345

drug_207.txt	-1.77378931602596	-0.5061983232875482	-0.683630305597756	-1.2383863136194893	-0.18114366026459955	0.04666160604215027	-185.5790934320074	0.5690378358348308

drug_208.txt	-1.9236145781328	-0.22362767287435084	-0.652317992258567	-1.0761496501570633	-0.016363051179211746	0.06855317121452273	-188.2358926919519	0.35151240013111845

drug_209.txt	-1.85941088367449	-0.47021225339587247	-0.542626621301386	-1.028938819908313	-0.05811811314426787	0.05408504336703782	-146.10175763182238	0.9085829139798904

drug_21.txt	-0.0608171076718257	-0.10918975887313578	-0.31714367035839963	-0.6526696937299767	-0.11905753828705525	-0.24350251470430215	-279.30342275670677	0.2037891889731588

drug_210.txt	-1.8573639540689	-0.23772340386200627	-0.6715419442838685	-1.1388181286479073	-0.12118909987658807	0.0006059718591051646	-229.6049953746531	0.27322272453890395

drug_211.txt	-0.0606673323348311	-0.4314820053074018	-0.6487519038301578	-1.2138606416345294	-0.020781504584997983	0.13740411905209607	-146.2173913043478	1.9534400675848043

drug_212.txt	-1.9290064902646	-0.2516136087331605	-0.5443789843209625	-1.0887413836727187	0.025790036403148076	0.1841466952734859	-148.88066604995376	1.8489334674083289

drug_213.txt	-1.79395906140789	-0.24678519027473056	-0.6430200737320533	-1.1438910992851334	-0.06843462512662282	-0.005681202034352712	-198.6290471785384	0.26752406858264166

drug_214.txt	-1.91747378931603	-0.07129527010622236	-0.6839153244856057	-1.2422465311376654	-0.044337444164388895	0.024844846223311748	-222.22664199814986	0.9579098948949601

drug_215.txt	-1.93564653020469	-0.42363771999165345	-0.607670001496287	-1.1004239940413905	-0.02292607777443381	0.20363749495892264	-96.83348751156336	2.0644468764049275

drug_216.txt	-1.85147279081378	-0.21274917309903177	-0.6308280837021707	-1.1569029723030981	-0.04217110531879785	0.011816451252550708	-219.5254394079556	0.7616360634288557

drug_217.txt	-1.9236145781328	-0.10452428961909749	-0.6763057541734805	-1.0782997629515072	-0.10178825231493797	0.04120608641915119	-196.06567992599446	0.9023952399265301

drug_218.txt	1.63873356631719	-2.5687590551764625	0.02363401938070092	-0.07964331875909919	0.0867464465978639	0.20747749829456105	-246.0508788159112	0.44594048508293177

drug_219.txt	-1.69690464303545	-2.6314736769449	-0.6445018337792932	-1.1043246558368036	-0.11875782630810686	-0.256023110471932	-174.30527289546717	0.30431740279638136

drug_22.txt	-0.244225328673656	-0.6028263064593785	0.08487534625239004	-0.005565530871453561	-0.1461123138657966	-0.1653365427684587	-292.59111933395	0.13814013927219976

drug_220.txt	-0.271742386420369	-2.5468361123753067	-0.4638859285097251	-0.7823222189922523	0.05752757101941721	0.044841917573782177	-292.9722479185939	-0.26783420085379184

drug_221.txt	-1.74428357463804	-2.5835938723116856	-0.566446719762493	-0.9510984351911733	0.04855621065774449	0.042646889937874355	-277.46530989824237	-1.065931786484584

drug_222.txt	-1.65501747378932	-2.6432608981512837	-0.6145602039335663	-0.984528984714199	0.04207368695985566	0.11256354964064173	-263.686401480111	0.10465506199847505

drug_223.txt	1.545332001997	-2.5821876662185437	-0.017868172970212315	-0.12986423271665282	-0.02412212632784829	0.10286372308310167	-172.1581868640148	1.8283741087284724

drug_224.txt	-1.93000499251123	-0.10760977426555768	-0.6776544671690989	-1.0586157853942222	0.013103783039306564	0.1588464088805018	-204.8667900092507	1.9965599506233647

drug_225.txt	1.49844400066567	2.504643338112481	0.018538197211596386	-0.093783298887894	0.087585866765628	0.2598960557315221	-197.90194264569843	0.905253084719846

drug_226.txt	-0.0573639540688966	0.5676950619563246	-0.3819224366997378	-0.7560516894432878	0.06014566806703944	0.18657067480814304	-148.25069380203516	0.48830878037139047

drug_227.txt	-0.257713429855217	-2.5726081263269696	0.012057465045060112	-0.09528427699361619	0.09922066638726289	0.17922298684371354	-193.67160037002776	2.6066707478697326

drug_228.txt	-0.0515809618904975	-0.027445989795040426	-0.5912780188048916	-1.0087645349682313	0.009264738142574584	0.11575821886057804	-176.40980573543015	0.9972651914050347

drug_229.txt	-1.89266100848727	-0.2284041495144789	-0.554341058845135	-0.961544576891076	0.053523967545999314	0.20740174893410301	-217.22109158186865	0.4552385906174418

drug_23.txt	-1.52141787319021	-0.4848256899445884	0.1047548746901796	0.031546965737204224	-0.058960656572452884	-0.20430602538894213	-260.06197964847365	1.5467512996340598

drug_230.txt	-1.84213679480779	-0.05822446406974227	-0.5711540401273445	-0.9671523295723594	0.03601910547765158	0.11112431179193903	-255.40980573543015	0.8097716898770128

drug_231.txt	-0.164003994008986	2.337420972063525	0.3941946930113207	0.8304582281992607	0.10617055873231411	0.2505201407736499	-74.20166512488437	4.9962284196520175

drug_232.txt	1.69495756365452	0.17665472431003149	0.43774900609200923	0.7889294554544775	0.0398904583399606	0.13437195597789797	-191.631822386679	2.178849801112306

drug_233.txt	-1.83020469296056	-0.34782682645966717	-0.5325369825908981	-0.867011353033587	-0.00636594460878405	0.09204717787241971	-151.13691026827013	2.5455956365190797

drug_234.txt	-0.00339490763854211	-0.3304715770625606	-0.19194072172352034	-0.05896276248534127	0.09640358505454599	0.2023989551435473	-180.11285846438483	2.9512165830068375

drug_235.txt	-1.77358961557664	-0.2976469825467746	-0.1802041247651715	-0.017425005287658335	-0.04559961846323823	-0.019282413491482263	-191.3894542090657	1.415694852801727

drug_236.txt	-0.22426360459311	0.2984007468953499	0.4813852839613585	0.8273625798617419	0.17635236676064417	0.3673446456904382	-198.95744680851064	1.7880656465086266

drug_237.txt	-0.161507738392411	-2.6074259342551622	0.1249448013747462	0.021018858734648982	0.020890157464956347	0.18350236259249258	-195.2895467160037	0.4711773600264747

drug_238.txt	-1.86764852720919	-0.32739857861640453	-0.5858706707439458	-1.0354794123058362	-0.09933373593572029	-0.002192569869859181	-210.26827012025902	0.47791718730462013

drug_239.txt	-1.64138791812282	-2.6040232755620973	-0.5221570364471164	-0.9790692177593896	-0.05739126554998803	-0.1487167218625175	-264.2155411655874	-0.33536079311641187

drug_24.txt	-1.75346979530704	-0.4964100051203276	-0.045068211379589274	0.16790218178751276	-0.038886474111070816	0.003178093728272433	-159.46160962072156	1.3577180259030381

drug_240.txt	0.194258612081877	-2.6404214010767593	-0.4662347490947492	-0.8562093186324069	0.029867629454663293	0.039997012695273414	-251.5763182238668	-0.8350711039939688

drug_241.txt	0.197595273756033	-2.598192393241065	-0.5379731473306595	-0.9235881470444369	0.04256489024438431	0.03303975976305041	-219.99167437557816	0.93926860409062

drug_242.txt	-1.79745381927109	-0.2536075865822027	-0.6552479745601354	-1.0989756563377393	-0.02818231175095128	-0.027596138017193135	-215.11100832562443	0.07458335056099712

drug_243.txt	-1.81407888167748	-0.41954450968758195	-0.31081792002027786	-0.6499562875683108	0.05583991247266529	0.15839427163293046	-190.30157261794633	0.9551102854263772

drug_244.txt	-1.84193709435846	0.12356369630851176	-0.06585665210207298	0.11727545452931643	0.0007922263585092586	0.03047031401927256	-148.94079555966698	1.7796461001542807

drug_245.txt	-1.93484772840739	-0.6593207779473222	-0.15651975875285007	0.10277703088355516	0.04688119433194235	0.16034512497085437	-97.72710453283996	1.8958305528447295

drug_246.txt	-1.85711432850724	0.2583723674586622	-0.3715806716994381	-0.6830692737391391	0.03884560977517255	0.056498966204352935	-257.6355226641998	0.7910749904910792

drug_247.txt	-0.00390247961391255	0.5344176091441161	-0.08269358677561431	0.03495855647268736	0.09245257368945134	0.07533195493913725	-230.11748381128584	-0.15053945819276843

drug_248.txt	-0.0546263937427193	-0.515438684560626	-0.09903730248742443	0.14839287207825919	0.05672768415385289	0.24066895644210312	-142.89916743755782	1.40067617155698

drug_249.txt	-1.84962556165751	0.6609856261249312	-0.15000034044610816	-0.03742417377218671	0.0786911009561468	0.18019604451059695	-213.65217391304347	0.5205486125680469

drug_25.txt	-0.26844732900649	0.6358957503141894	-0.3393521520721884	-0.6275525658063289	-0.07491781326568897	-0.21129159947785678	-295.80388529139685	-0.4945564449684287

drug_250.txt	-1.92151772341488	-0.7405509017351319	-0.3983148486676467	-0.8022680767242303	-0.016437182210037454	0.13707341979498947	-171.01572617946346	1.0133746753961297

drug_251.txt	-1.74423364952571	-0.6032276029891191	-0.3042569211521039	-0.6462826491950046	0.09617721286933023	0.16165144261341124	-267.67252543940793	-0.11960415655934574

drug_252.txt	0.00459311033449816	0.5891205568283866	-0.39233163406262705	-0.7395422445448333	0.0981184682830301	0.25460347539537553	-187.01387604070305	0.4859660842941732

drug_253.txt	0.0180229655516725	-0.44796269808399597	-0.15732110293824497	-0.06049436448882528	0.09987648588167325	0.19047999837272084	-217.53469010175763	0.5635981279949768

drug_254.txt	-1.72241637543684	-0.548944199674999	-0.03192103705352123	0.27795398656328996	0.10999347796085984	0.24051768745628158	-141.3913043478261	2.146682444746835

drug_255.txt	1.73205192211682	0.5502450633302483	0.13711102782162168	0.06742694730879534	0.05416055469048789	-0.022001304556173155	-333.8510638297872	-1.6732262188976772

drug_256.txt	0.18256781494425	0.6951958097310416	0.06402233203780616	-0.04222911108866595	0.09729654220320244	0.13556130264336244	-267.254394079556	-0.6545082501126175

drug_257.txt	-1.88142785821268	-0.5293394564954341	-0.15492333202304515	0.09006689356406655	0.11365337111331283	0.26323213642781346	-221.40240518038854	0.3234480654680189

drug_258.txt	-1.86120818771842	-0.2636291604007177	-0.4663687510504926	-0.7997972709307651	0.011723788429671717	0.07303802318267319	-256.8704902867715	0.4553628093492356

drug_259.txt	-1.79685471792312	-0.354096285725704	-0.4823008639331105	-0.9403695453526851	-0.02385797629666025	0.004460745597299712	-285.69750231267346	-0.8236317321537036

drug_26.txt	0.122765851223165	-0.06313332948773262	-0.20848184658777644	-0.17642801079914083	-0.007476134649690703	-0.06799967573027721	-336.70397779833485	-1.4398679618681984

drug_260.txt	-0.334298552171742	0.6722637466729472	0.46769161455196984	0.8621125732273218	-0.06031111743112026	0.011256328536226563	-100.75763182238668	1.6367963849657199

drug_261.txt	-1.62006989515726	2.322404806214092	-0.06877919649776149	0.01951026184724386	0.013797041058338908	0.03091694481209071	-50.22756706753007	1.4508232387236628

drug_262.txt	-1.59141288067898	0.6306527777328765	0.00030728680198116587	0.4465641786560308	0.06078529258519335	0.15020041403820109	-51.895467160037	2.222862207776478

drug_263.txt	-0.208237643534698	0.49875362523740263	0.4198695931372174	0.812431894956871	-0.02319610924860695	-0.04705971626436356	-171.11748381128584	0.5196349525723035

drug_264.txt	-0.316325511732402	2.425886201650884	-0.0008507802092715955	0.18335457947900852	-0.07549678902756041	-0.12573677459967586	-81.37280296022202	2.884239778248958

drug_265.txt	-0.151372940589116	0.3300093605175014	0.46410965826805184	0.7913822648228508	0.017081602729528675	0.2050836752130772	-238.0286771507863	0.4990552260374221

drug_266.txt	-0.338891662506241	0.3229931540422915	0.2937142229725354	0.6355500946982526	-0.0034572152785263713	0.10521943495325156	-126.05457909343201	2.2954895022356245

drug_267.txt	-0.216375436844733	0.37877865805363986	0.48593244503950356	0.9979618816971259	0.030383962243463753	0.07662084702167747	-128.11193339500463	1.2316115266028576

drug_268.txt	-1.86824762855716	-0.8696954835579151	-0.15502557702746114	-0.06270644316206486	-0.04431930225331451	-0.00839066228396594	-145.50231267345052	0.5623627415299981

drug_269.txt	1.65545847894824	0.376103048912352	0.48850794207575515	0.8958604926472556	0.05136771073767591	0.04887815142911803	-210.90471785383903	-0.4231575818225468

drug_27.txt	1.57053586287236	-2.533890800644373	-0.36362723716559253	-0.654105213553661	0.013943173625811442	-0.006131273386180784	-344.43940795559666	-0.9551109166121104

drug_270.txt	-0.193459810284573	0.23725025008864253	0.5445708571914627	1.074760541180556	0.04429184177185599	0.11603303248547492	-163.53931544865864	0.352069321268052

drug_271.txt	-1.85212181727409	0.35371931986959537	-0.07923623649080852	0.09001973601777852	0.020674033106307818	0.08417714357213875	-115.09990749306198	1.3705732739103849

drug_272.txt	-0.0409968380762191	0.22993954141293965	-0.08741746464183828	0.11989164174800537	-0.023865122593396695	0.017904361497219433	-161.71970397779833	0.9849117713428603

drug_273.txt	-0.0914128806789815	0.45857988507978675	0.4012632896870256	0.9888379634975359	-0.021184267438149572	-0.004760466826790612	-74.14431082331174	2.9656673112978567

drug_274.txt	1.69195373606257	0.4333974849261846	0.48208780764807135	0.9001851490181179	0.07711829989238264	0.13832441308611299	-104.13783533765033	3.4571438118603686

drug_275.txt	-0.27408886669995	0.278503180942512	0.5123152895319136	1.0318488456299912	0.10676849540494454	0.1633533441049585	-66.6068455134135	2.0588422821591075

drug_276.txt	-0.148776834747878	0.4754251708858918	0.4685055845630929	1.1265644469045935	0.1388763784794955	0.24680822367686026	-61.81036077705828	3.5861619750847384

drug_277.txt	-0.0582626060908636	0.458509797661631	0.4081527273238358	0.949601904145188	-0.002707750967617592	0.07415531261775302	-60.275670675300645	2.458334145552705

drug_278.txt	-0.177683474787818	0.4200498951740026	0.38012108143813217	0.8631840929149079	0.08177200951459801	0.1414812978541781	-93.07400555041629	2.1300778097313993

drug_279.txt	-0.167648527209186	0.4128024250423886	0.5558275003689827	1.1490253201206184	0.09437885750796886	0.06717547633360085	-112.0786308973173	2.589280315450866

drug_28.txt	1.6176651689133	-0.22504613876369073	-0.3328382454125399	-0.555947262170544	0.015014135177592298	-0.046703650361401776	-280.8982423681776	-1.0710485602847724

drug_280.txt	1.67178399068065	0.4336727732036102	0.410316367478769	0.8258694672113644	0.10921625098729505	0.1022774571780871	-41.942645698427384	2.5967170703126614

drug_281.txt	-0.0614578132800798	0.6019584145038279	0.17512563765982087	0.158221415698249	0.08951136068387396	0.1188156289888476	-92.57261794634597	3.944349144569487

drug_282.txt	-0.124213679480779	0.3937357076188536	0.5374913846306597	1.1163030054154455	0.08780869802461536	0.10983452521263522	-78.48658649398705	2.7482601182078397

drug_283.txt	-0.113979031452821	0.2925216851774013	0.5885818633027611	1.214524630032406	0.12950658616296482	0.12328982148782384	-126.19333950046253	1.7688464371534791

drug_284.txt	1.67767515393576	0.3890392984739872	0.49466980216294965	1.1159332199817082	0.09370942891982773	0.09626721805287683	-54.56151711378353	4.454020357679241

drug_285.txt	-1.56739890164753	0.6026584691660879	-0.06893011519121617	0.299399865654343	-0.03265991789401026	0.07033316689414046	-32.388529139685474	2.7865072789637066

drug_286.txt	-0.393160259610584	0.31693345085195035	-0.011009579543718423	0.26699830605401903	0.10108397943651905	0.19972052937877569	-67.99167437557817	2.1115015908823107

drug_287.txt	-0.193210184722916	0.5331997734797576	0.1613234067985869	0.1759458972028497	0.10365225154773558	0.19209126558631867	-213.96299722479185	-0.027308497110068115

drug_288.txt	-0.136994508237644	0.35592821972337696	0.5342558537343277	1.1572431187095469	0.07214780898851103	0.10389907756884272	-167.3700277520814	1.1379251514135902

drug_289.txt	-0.174638042935597	0.7253358195057985	0.292717276501645	0.7286242863378698	-0.07854224583342156	-0.09011255269147819	-148.0277520814061	-0.6569558093296807

drug_29.txt	-1.75886170743884	-2.5116036823229866	-0.6021597938662759	-1.107548638369851	-0.11419070508669386	-0.1914350543405541	-384.5855689176688	-2.2957343999784623

drug_290.txt	-0.250973539690464	2.4078328573961625	-0.009387461619596221	0.31870853308643365	-0.18468999357567248	-0.21795655879527664	-161.0055504162812	1.5662962105459863

drug_291.txt	-0.0948993176901315	0.2459750543123816	0.3285286496313704	0.7222492843357405	-0.07368022610281447	-0.06469168319305021	-76.9195189639223	2.503067679325071

drug_292.txt	-0.12990514228657	0.16920682472626009	0.49503551668672857	0.9877588025662455	-0.08057435690466459	-0.16545693454135751	-171.9722479185939	2.1377991420939964

drug_293.txt	-0.196605092361458	2.4853549298331217	0.0379117782108431	0.24055583262880054	-0.1082819148110466	-0.1638864062956723	-162.9990749306198	1.8023046327877335

drug_294.txt	-0.17708437343984	0.36663165162142797	0.4270626892359208	1.0173849850155778	-0.08060743194662089	-0.0895851823887701	-106.38575393154487	1.670849112360854

drug_295.txt	-0.206540189715427	0.3439566601005064	0.402683699757568	0.7590959410193636	-0.145448263177115	-0.0788419888484367	-231.71600370027753	1.4415395444335388

drug_296.txt	-0.229106340489266	0.2571718281669162	0.4022372241187572	0.8255375952793694	-0.1537878277779121	-0.16811561188774998	-160.9777983348751	1.4332577226298193

drug_297.txt	-0.174138791812282	0.3057790620810687	0.5116095712147212	0.996138371569497	-0.08705522392001393	-0.18995787000360606	-220.82331174838112	0.5013486820862257

drug_298.txt	-0.199101347978033	0.34553201605142525	0.44926500462525143	0.8154141282706251	-0.17716829926073738	-0.4017079135028945	-249.46530989824237	0.4669223400660164

drug_299.txt	-0.106889665501747	-0.855256123734381	0.012864969995151687	0.33123879825175356	-0.07302583523645433	-0.04174233449123828	-134.1868640148011	2.4275364005815847

drug_3.txt	-0.0526793143617907	0.671434955838071	-0.03171089608828681	0.4635681713276822	0.047749092940401486	-0.03257965338087446	-254.49953746530988	0.21641409830032374

drug_30.txt	-0.287568647029456	2.4741076198236103	-0.35305848925963224	-0.639822185112225	0.016254243114746603	-0.07955516455402474	-380.9158186864015	-2.223676767324353

drug_300.txt	-1.53429023131969	-1.013924817358566	-0.05435622201522841	0.25198553509989113	-0.08161664921266319	-0.04565729747311195	-100.09250693802035	2.136172098767721

drug_301.txt	-0.383674488267599	2.5210930548773023	-0.04447820194551602	0.18688890409839687	-0.19236208042818898	-0.2787183733831416	-211.4477335800185	0.46554935132795605

drug_302.txt	-0.185122316525212	0.47289771030565675	0.5174608509210381	1.1370429275487957	-0.14628434899668408	-0.12174847559944496	-264.5032377428307	-0.25779620401175873

drug_303.txt	1.65446829755367	0.03847657518790705	0.45401595495407926	0.8468482768647341	-0.0928128907970204	-0.06310307610830597	-157.90379278445883	1.2447265070524374

drug_304.txt	-0.396455317024463	2.569360353404789	0.024525692763365636	0.26218222980526856	-0.12458484718980989	-0.1857231404175384	-239.61517113783535	1.0091238064805388

drug_305.txt	-1.51233150274588	-1.089429476432427	-0.06327506885992071	0.3443216150912232	-0.11391981497689306	-0.10163351006562364	-173.98427382053654	2.222425068069644

drug_306.txt	-0.16080878681977	2.6521214952940886	0.3510633602953526	0.7445065677064097	-0.13516060686512957	-0.03756900139757722	-157.2395929694727	1.6696141041341386

drug_307.txt	-1.6664003994009	-1.0377620892599166	-0.15495563005611918	-0.15815413350215646	-0.09831370632633425	-0.017386056984794288	-117.55781683626272	3.746043424700261

drug_308.txt	-0.272740888667	2.5865241307541553	0.02922062204019707	0.270004414362365	-0.181689672216981	-0.273699409839632	-239.790934320074	0.33871931889478696

drug_309.txt	-0.121159926776502	0.6019466846087598	0.019495117613989782	-0.06087080869025735	-0.19313948638591238	-0.07926854801815957	-165.04440333024976	0.5807971039888763

drug_31.txt	-0.243884173739391	0.8552814935420203	-0.36162639589626333	-0.6512445258500661	-0.09171411838580737	-0.21891012275933688	-262.98797409805735	-0.47681650370021783

drug_310.txt	-0.0979530703944084	0.2647581776562312	0.5422419359607892	0.9910112679328578	-0.0757794735196895	-0.06841035465756014	-207.0249768732655	0.8916832218643389

drug_311.txt	-0.220019970044933	0.1143392265176398	0.3907883862549177	0.8819514121276395	-0.1742181092783204	-0.3613967628845398	-231.11933395004624	-0.06584019178055697

drug_312.txt	-0.215576635047429	2.530519539145547	-0.03700292653081083	0.2150625134929509	-0.142666264335171	-0.08721285327661209	-137.51618871415357	1.9757741753054714

drug_313.txt	-0.190214677983025	0.23681126407048492	0.4474066081264916	0.9194922834989013	-0.09447881433020525	-0.09059296507337582	-219.69472710453283	0.49503156889698685

drug_314.txt	-0.209685471792311	0.35342507638692766	0.33540113035766683	0.7218862914110177	-0.10698439625986755	-0.026145774656132707	-187.38575393154485	1.093333507084885

drug_315.txt	-0.156265601597604	2.664742912581357	0.016818503367645565	0.26035576765297747	-0.1843700235670858	-0.36109446529952566	-222.9935245143386	0.10936458874169667

drug_316.txt	-1.86214844400067	-0.7149898289688562	-0.12467200581418908	-0.009310127575361982	-0.17356005903665692	-0.18375701596686414	-111.20721554116558	1.6808623453663039

drug_317.txt	-0.222066899650524	0.6412894311753234	0.00295060030950621	0.21233176071586435	-0.05278958978122174	0.06711006387316425	-209.36355226642	0.20217726187488747

drug_318.txt	-0.237843235147279	2.659895515685756	0.03825024509660821	-0.02928780305927825	-0.17043005735979122	-0.11470891886707933	-197.52173913043478	0.9465117169009045

drug_319.txt	-0.130795473456482	0.4083490907649289	0.42531578674118153	0.959141214030089	-0.16332110686413331	-0.16811561188774998	-252.6327474560592	-0.32730154730573874

drug_32.txt	-0.0235729738725245	-0.20721169030964628	-0.551663431968588	-1.0435534053249265	-0.02755104720368668	-0.1759902546033373	-299.049953746531	-1.394475982433483

drug_320.txt	1.736295556665	0.2993641579276429	0.2198627179990297	0.20903148871300348	-0.03958755074295429	0.031481842902144855	-219.9962997224792	1.4829348849875101

drug_321.txt	1.72875686470295	0.5049185895798571	0.14195146390233002	0.06618865168006521	-0.06817715030878857	-0.0964021764242638	-305.63829787234044	-0.8949757192686224

drug_322.txt	0.0442419703777667	0.07792407707447384	0.14724117365283101	0.10685940714836872	-0.12643650441083198	-0.19930417207359646	-280.04717853839037	-0.6936043010927455

drug_323.txt	-0.123656182393077	0.2664022279069133	0.06736169339807416	7.468537759358629e-05	-0.14922307628116874	-0.11669471575746965	-249.98427382053654	-0.3924216628877329

drug_324.txt	-0.13838409053087	0.3381164136826106	0.0020418877172045102	-0.08283841756884239	-0.15512842182594072	-0.17587452621294386	-276.8418131359852	-0.496835167203992

drug_325.txt	-0.170336162423032	-0.16892602664050285	-0.3841916916107432	-0.7389031564585822	-0.20377789655314532	-0.22443395233466754	-344.30434782608694	-2.18954681762419

drug_326.txt	1.56630054917624	2.294331335824067	0.3202984324027298	0.7374243754019943	-0.16816656582755937	-0.24746544781253285	-340.7150786308973	-1.1394227051045398

drug_327.txt	0.0116408720252955	0.3213422155714135	0.06791848401364908	-0.01092135208057099	-0.17432739397901098	-0.17390691103155978	-334.5689176688252	-1.1787995165702034

drug_328.txt	0.0443418206024297	0.4552042846276029	0.17037716312117235	0.1475010496212555	-0.10779119659598412	-0.05115217524552773	-210.72895467160038	0.37852765141260114

drug_329.txt	1.50139790314528	2.5279205257124238	0.03405980911153539	-0.03340917211521571	-0.13057903983168986	-0.03602249332072344	-241.26641998149861	0.743961457816309

drug_33.txt	0.163246796471959	-0.17802342154629325	-0.43062487872323035	-0.9087238675114682	-0.032857476895682684	-0.1177408057426644	-336.17576318223865	-1.3052714556404144

drug_330.txt	-0.0757280745548343	2.6347483962510454	-0.37259255866708335	-0.681124878307157	-0.19381792444821272	-0.11940552150509284	-223.35152636447734	0.1886217680686054

drug_331.txt	-1.41352138458978	2.442369059396015	-0.08076175064076156	0.06695359103971243	-0.05751045881256301	0.17178794083622315	-81.27197039777984	1.1316014784913724

drug_332.txt	0.0512814112165086	0.4869876428002857	0.11797999194194533	0.0574965131349936	-0.19042971803343414	-0.1826577949320544	-251.63644773358	0.37952828681398465

drug_333.txt	-0.0910550840406058	0.45738361459780164	0.10622576146917678	0.039400313334645054	-0.12640303001160627	-0.11667701730953933	-243.46160962072156	-0.2758050557316894

drug_334.txt	-0.0028374105508403	0.43565013442064515	0.05616615117624074	-0.02584734208066991	-0.13067992056845731	-0.049939579393188036	-306.2691951896392	-0.36543961910618095

drug_335.txt	-0.283116991179897	2.522858712906729	-0.3476287430277023	-0.6363104379671334	-0.19914003107509007	-0.15951003759995927	-213.88344125809436	0.8166920182740505

drug_336.txt	-0.00733067066067561	0.5530892229670633	0.10469261016451359	0.012036323743167099	-0.11670985945888994	0.07294205232580797	-247.95652173913044	-0.43285193886881096

drug_337.txt	0.0589199534032285	0.33500608344654204	0.10959387343476135	0.03716240502396456	-0.09651656906443565	-0.07748201408882506	-220.6567992599445	1.0139799870561632

drug_338.txt	-0.135138958229323	2.5479554802011326	0.11961505467445815	0.0722644093323146	-0.19543495711223766	-0.1735844526823086	-203.7650323774283	0.5117505227830115

drug_339.txt	0.000956897986353789	0.5603395137467282	0.13204266940534676	0.07663708837100702	-0.18547521624596763	-0.12545427671803902	-266.9703977798335	-0.4761501941629856

drug_34.txt	-0.29201198202696	-0.22481367481456874	-0.3497613778391421	-0.6448759987139014	-0.029323285479446435	-0.17273538107734013	-288.308973172988	-0.5304739737700237

drug_340.txt	0.00694791146613416	0.4108744109367293	0.045226937586884536	-0.06376030237248509	-0.1562530233381931	-0.034202342028074754	-219.25069380203516	0.30397831116195434

drug_341.txt	-0.229297720086537	2.4739755020758873	-0.3754170768821724	-0.6970738122528131	-0.184704609584888	-0.09019390702527293	-150.51803885291397	-0.07817254682527641

drug_342.txt	-1.6285987685139	0.49996511169712926	-0.038694667793786997	0.3766907090373222	-0.10744070097321728	-0.11873440038427023	-55.02035152636448	0.8291778002359199

drug_343.txt	-1.43888334165419	2.6537452059325535	-0.39103018928135563	-0.6724815201567743	-0.1520915534066815	-0.02799749236811429	-209.6077705827937	0.6638195002041767

drug_344.txt	-0.105932767515394	0.45635944301691866	0.14782998919416407	0.08290674069638582	-0.08636959812093792	-0.010290970167739309	-188.5245143385754	1.1022332956747742

drug_345.txt	-1.65231319687136	0.40640864938560084	-0.3303598353421468	-0.6425869476194501	-0.16782111265653477	-0.018765886776465793	-82.83903792784459	1.197810264347104

drug_346.txt	0.0224246962889	0.4069342616995236	0.06303865755932928	-0.0061619611159765	-0.18613554635549026	-0.16662291403942614	-258.2025901942646	0.08057753802198019

drug_347.txt	1.62935596605092	0.46436978177667176	0.0557266572635943	-0.05696426993138204	-0.17593402853387624	-0.2716410454871894	-233.19611470860315	0.30514358406681247

drug_348.txt	-0.0735812947245797	0.8280726681857787	0.03856263700498752	-0.05003517730074575	-0.1798606501853348	-0.0974615410003546	-227.6059204440333	-0.1733230050883737

drug_349.txt	-1.68357463804294	-2.6086667672191095	-0.5852267068346318	-1.0996678676425016	-0.1987592003828297	-0.16994590199560655	-287.84643848288624	-1.2653901452213225

drug_35.txt	-0.227259111333001	2.573830328036159	0.036813738175796	-0.05322306330392673	-0.046964646935924066	-0.09262926853900312	-259.51526364477337	0.12960432732414875

drug_350.txt	-1.88771842236645	-0.4192952125592221	-0.5311858626132173	-0.9583154145431337	-0.19941380875263784	-0.09298842070910959	-187.49213691026827	0.051273395689853514

drug_351.txt	-1.79206190713929	-0.3260527862662837	-0.5894873013320998	-1.0321263836706467	-0.25550372474280963	-0.17496639612922812	-224.049953746531	-0.4843639487909068

drug_352.txt	-1.836295556665	-0.05897523755396877	-0.5872306793232688	-1.1162632109556632	-0.20403477682515547	-0.28152032595187226	-346.1082331174838	-1.905185128153595

drug_353.txt	-1.73909136295557	-0.06571494834965484	-0.6141323864055572	-1.0179772637703586	-0.24574292343072804	-0.3219711622333144	-388.2608695652174	-1.7783417563332982

drug_354.txt	-1.73305042436345	-0.21912792354637478	-0.5767224634683936	-1.049200556832824	-0.19727876218364854	-0.20039403847326823	-192.70397779833488	0.09295620108224541

drug_355.txt	-0.173539690464304	0.9552429550812624	0.029693475498229316	-0.10297065387011312	-0.07173844436729832	0.0677993328698119	-271.1378353376503	-0.2505955425256679

drug_356.txt	-1.8017473789316	-0.624674466446276	-0.4726461614828422	-0.8591453593716941	-0.1462726621404571	-0.20054539348722086	-142.46345975948196	0.8715403701401282

drug_357.txt	-0.155566650024963	-2.6628137160448633	-0.38762287605595525	-0.7223268428021098	-0.12761086588344034	-0.023608696267166645	-174.00832562442184	0.4567969494161446

drug_358.txt	-0.347279081377933	2.6586968926952417	-0.4377571350125643	-0.7480026036140299	-0.08553234820547369	0.0017409788627426918	-130.16466234967623	1.8280619217632992

drug_359.txt	-1.82236645032451	0.6779302493162511	-0.41303997882136534	-0.7568403513885491	-0.19780857053822984	-0.2552971831403279	-334.72710453284	-1.1711185429023163

drug_36.txt	-1.71672491263105	-2.567501784673857	-0.4782602229611179	-0.8814334748711281	-0.08916512349193643	-0.17243260214468922	-296.3219241443108	-0.3903142587146471

drug_360.txt	-1.68931602596106	-0.2912689492514787	-0.5078106200697494	-0.9872509744618266	-0.1432141040706647	0.006809942644525641	-190.64477335800186	0.21320862214442418

drug_361.txt	-0.044882675986021	0.5438663020154785	0.1194445729152388	0.013932479877749648	-0.10187932746099947	0.06787500176810411	-212.94264569842738	0.3552921382779849

drug_362.txt	-1.57713429855217	-2.6351002243817097	-0.5205007619445919	-0.9695163799937208	-0.1443585085434058	-0.020883824109878633	-207.8427382053654	0.2289070860636863

drug_363.txt	-0.28771842236645	-2.562359999880422	-0.39907749957359584	-0.7160487611874489	-0.1742447585957741	-0.14959741192368095	-242.68270120259018	0.41983318711790785

drug_364.txt	-0.145881178232651	0.21243865747512652	0.08928972288252643	-0.019723212744773233	-0.09986419443932915	-0.08361413261288185	-290.5235892691952	0.1037589557087035

drug_365.txt	-1.91782326510235	-0.1785707160607179	-0.6495298335264079	-1.0780244277674447	-0.17886654158525483	-0.18372408505346352	-278.45235892691954	-0.7111374933827095

drug_366.txt	-1.72396405391912	-2.732642996953878	-0.5551422857235262	-0.9101654579491758	-0.1600379305803938	-0.10821883497612293	-152.10453283996299	0.19102743661561844

drug_367.txt	-0.0966050923614578	0.2566714415022987	0.09421583383402349	-0.04549113218257306	-0.08336745463356757	-0.03253762626564634	-257.97687326549493	-0.11673578743469328

drug_368.txt	-0.112381427858213	-2.65998987122099	0.05246599921696765	-0.08175509544212123	-0.1617631892468788	-0.08482483498555708	-296.6780758556892	-1.2439117028104039

drug_369.txt	0.0134797803295057	-2.5967793880854138	-0.4861090007500383	-0.7996440326829803	-0.15986922172144258	-0.06567811350498062	-205.790934320074	0.20904220393633324

drug_37.txt	-1.95921118322516	-0.13320824078037893	-0.5122521242761516	-0.9345539066947178	-0.02625939758126081	-0.10897561004588603	-337.37835337650324	-1.2831154488841434

drug_370.txt	-1.76255616575137	-0.19812081559642497	-0.5481807931655654	-0.9476400891501704	-0.21603868759113043	-0.26089646931471566	-188.62534690101756	1.9580858196084767

drug_371.txt	-1.74947578632052	-0.2022119711239322	-0.5343218443542892	-0.9138427450485551	-0.14422259405428192	-0.10428360461335484	-128.89639222941722	0.7570583026833858

drug_372.txt	-1.77633549675487	-2.6455263508995213	-0.45023024538571643	-0.7910193123624376	-0.16609245858118601	-0.2668388895984682	-252.43385753931545	0.6171272931174103

drug_373.txt	-1.77903145282077	-0.4170413392847002	-0.48859871626773765	-1.0007742415464485	-0.18809755477475956	-0.04307030316959094	-130.88529139685477	0.4314264449968829

drug_374.txt	-1.86655017473789	-0.23673323499516855	-0.48673495878918926	-0.9886397783171449	-0.198747079852233	-0.25197743131302863	-216.29787234042553	0.4180303932095404

drug_375.txt	-1.75351972041937	-0.3986433407825072	-0.4337956731861161	-0.8846217504807508	-0.1740745190372196	-0.28712046146811915	-201.213691026827	0.7861442449909936

drug_376.txt	-1.92206689965052	-0.2311564624936906	-0.6049771076150668	-0.9511608827518578	-0.22361801735320225	-0.24403219699234752	-237.58556891766884	0.5502934423208673

drug_377.txt	-1.81098352471293	0.6558149606406574	-0.1788191272411812	0.03843093924197538	-0.103529434055694	-0.08235586968104561	-165.0527289546716	2.224882381471672

drug_378.txt	-1.72116824762856	-0.6571409051419201	-0.5192868171985947	-1.0094819874244227	-0.13529354867017254	0.05357967493922731	-129.89269195189638	0.9280966908362545

drug_379.txt	-0.162006989515726	-0.5557902929243039	-0.03239074050838675	-0.2274573124219318	-0.009510318699739825	0.11469408595090956	-273.35060129509714	0.10452547949044336

drug_38.txt	-0.195956065901148	0.7677979645247895	0.07778908640558438	0.009286507464440374	0.04295335635619466	-0.03595499825229472	-277.7752081406106	-0.5604749624178579

drug_380.txt	-1.82406390414378	2.4694770697269615	-0.5377996873393209	-0.9304586921434405	-0.2004345097996163	-0.24807220917427614	-253.53098982423683	-0.3881499907222595

drug_381.txt	-0.0450324513230155	-0.24213175793539096	-0.4249039383569821	-0.7775296114218484	-0.1164421347352131	0.026009399559875336	-247.12025901942647	-0.10956622449873314

drug_382.txt	-0.245282076884673	2.387180856404009	0.00043555745019213665	-0.11293133882949374	-0.1305513597126182	-0.004386800588825262	-193.54301572617948	0.5620834358961846

drug_383.txt	-0.209036445332002	0.5079759771581261	0.005481662197156345	-0.11275165761105	-0.11575256336927185	-0.013458352097842472	-301.8695652173913	-0.6266452603286062

drug_384.txt	-1.58991512730904	-0.5732029128926746	-0.5123206114542691	-0.9486357833597312	-0.12980379956554283	-0.073726875114491	-335.3792784458834	-2.626852854449665

drug_385.txt	-0.170544183724413	0.8396590227373464	0.006430285557040727	-0.13331642214667463	-0.1044088579348057	0.0645015635617034	-318.66975023126736	-2.1512538004018262

drug_386.txt	-1.84317690131469	-0.31153391003956477	-0.57681528464013	-1.0859574635169384	-0.24614317575210326	-0.20300941226239907	-198.32932469935244	1.4738171232397628

drug_387.txt	-0.194658012980529	0.6931191372134999	-0.3843862365389736	-0.8017826065437075	-0.039551826656023026	0.07613509858442051	-221.25254394079556	0.14095321751924142

drug_388.txt	-1.76580129805292	-0.24403102463818097	-0.5824127176105619	-1.0682186806241376	-0.2677018380207776	-0.21556045972443194	-233.50231267345052	-0.2673884684109886

drug_389.txt	-1.74538192710934	-0.09327543221313561	-0.6408766345405422	-1.166118570802575	-0.18929193029586144	-0.1459949109895889	-142.7604070305273	1.55897382017269

drug_39.txt	-0.215376934598103	-0.2640108266734813	-0.09363978180538163	-0.2592727612009305	-0.0782805416259951	-0.16010931817573618	-231.77798334875115	1.2806196804305603

drug_390.txt	-1.7109335996006	-0.4975813680240687	-0.3891401529838048	-0.7635936720928167	-0.1359654046862959	-0.09832484078401448	-202.91304347826087	0.5492077799918835

drug_391.txt	-0.187069395906141	0.4853832872819743	0.034904367518780344	-0.04582867028580895	-0.0854440900560275	0.09866937914429452	-277.70027752081404	-0.2200557779353952

drug_392.txt	-1.81556831419537	-0.19456709687521453	-0.6004661863534186	-1.018512559224344	-0.1664437979224365	-0.2346181970092407	-312.48658649398703	-1.5144378204883087

drug_393.txt	-0.0713929106340488	0.4371576070945836	0.08337430714305225	-0.0036636548991475504	-0.03999421481100154	0.14305169757931435	-257.2109158186864	0.018385891624886422

drug_394.txt	-0.175436844732901	-2.609657407958568	-0.39503686547677885	-0.6940717533116358	-0.18474733202779997	-0.08626628350032155	-292.9481961147086	-1.082120723090785

drug_395.txt	-0.105891163255117	0.6575584451809606	-0.1430518050105979	-0.32317027216566174	-0.1783179655396526	0.012626178216085625	-308.3200740055504	-0.8135417617447301

drug_396.txt	-1.72121817274089	-0.38309885187468234	-0.54093878536286	-1.0220559200943693	-0.21267920259788028	-0.12830314031555276	-237.95929694727104	-0.19669277801420382

drug_397.txt	1.66315526709935	0.8370521499410389	-0.037101823194935185	-0.1697889776075447	-0.1664887229888619	0.0251767505745899	-271.8880666049954	-1.568611756143222

drug_398.txt	-1.83579630554169	-0.25782292245372596	-0.5536174124689952	-0.9933088467995661	-0.19213540389638145	-0.1470589597208068	-218.30989824236818	-0.3140684814479339

drug_399.txt	-1.9581627558662	-0.23613256312604705	-0.5799421196788871	-0.9341037458404919	-0.11311368232047242	0.03485957890028754	-220.76873265494913	-0.15267228351190243

drug_4.txt	-0.0620652354801132	-0.20902042926495729	-0.11215425383930727	0.08169929731833758	-0.07036969147163262	-0.1622525749572081	-282.4107308048104	-0.5815386520945268

drug_40.txt	-1.63200199700449	-0.39478496500808696	-0.48722207844787835	-0.8997266417673377	-0.09398592596838976	-0.13211789641818258	-252.6105457909343	-0.45497635019434496

drug_400.txt	-1.78517224163754	-0.13540707700962445	-0.5357723856743546	-0.8794569455411494	-0.17710569632759918	-0.13679170982780944	-175.86216466234967	0.005314428494912493

drug_401.txt	-1.8793226826427	-0.5623941484882133	-0.2388959985027942	-0.10372917282092958	-0.14848343131100233	-0.12582374399610727	-185.26919518963922	-0.1761878406863587

drug_402.txt	-1.93105341987019	-0.23317740633044884	-0.5873231264208696	-1.0165047785990315	-0.13424050120028513	0.016255874724922088	-217.9444958371878	-0.2642968782226347

drug_403.txt	-0.402246630054918	-0.6155396314991465	-0.44427416723070334	-0.8096665380469192	-0.12008029006542201	-0.07616393436115583	-187.32839962997224	1.0769199315104176

drug_404.txt	-1.81762356465302	-0.10393925247881891	-0.5781017354096556	-1.0696384356200634	-0.17468041035281406	-0.023514311811398923	-184.01387604070305	0.3912593555254054

drug_405.txt	-1.82895656515227	-0.4924008216039844	-0.27055590763865145	-0.6217937915933252	-0.04419135593615111	0.060862715352987595	-111.4218316373728	1.2367480008109013

drug_406.txt	-1.83829256115826	-0.2723899144689844	-0.53150179760684	-0.9417415277519346	-0.19867427038385568	-0.23083342109389363	-230.790934320074	-0.09117085408759458

drug_407.txt	-0.0660426027625228	0.331567858919416	0.004965864706687223	-0.1751547536497139	-0.06430549610795008	0.04340273440840742	-171.87881591119333	1.5307692226742995

drug_408.txt	-0.175586620069895	0.4603879674611514	0.0897551653366328	0.015318825522522783	-0.05617732318563207	-0.02287630685832692	-282.9195189639223	-0.6424205646307878

drug_409.txt	-1.50988517224164	-2.55585682618815	-0.3625578430508756	-0.643556362779964	-0.20585896928999595	-0.30875439322695536	-245.5744680851064	0.07613361972931192

drug_41.txt	-1.35671492760859	-2.591291647908585	-0.3913321559588542	-0.7119186903262447	-0.06545143052485122	-0.07312111223519306	-316.3459759481961	-1.277638597089585

drug_410.txt	-1.73774338492262	-2.486478126091217	-0.4073245506505934	-0.7441576731525468	-0.1886984716456068	-0.31553205599103895	-351.66975023126736	-1.5506165581864653

drug_411.txt	-0.247578632051922	-2.4864113577473206	-0.04565536320027505	-0.15010464301981422	-0.1071523619824301	-0.2559862706347469	-372.3866790009251	-2.2040861330181514

drug_412.txt	-1.85611582626061	-0.014343057645988505	-0.6745029672869112	-1.15661424689525	-0.27844163739761146	-0.3427528328063587	-376.8973172987974	-1.3000346013901267

drug_413.txt	-0.211732401397903	0.6956092406266972	0.09695533620919106	0.015389808190550414	-0.14925133469336183	-0.2087132807335684	-265.9870490286772	-0.6382606921094633

drug_414.txt	-0.0251123315027458	0.6265424752286645	0.033810208579927725	-0.08076289148935445	-0.13868817958653218	-0.1720202615034786	-383.845513413506	-4.759651800038214

drug_415.txt	-0.115476784822766	0.7536786241563398	0.0910168466891016	0.021536898980683394	-0.09265234638351895	0.04045015848459131	-375.0055504162812	-1.6678010676950115

drug_416.txt	-0.229655516724913	-2.552277159380957	-0.3799198821692304	-0.6644494820827513	-0.144966765579697	-0.12331995882568286	-361.6845513413506	-3.0960594310217764

drug_417.txt	-1.80653186886337	-0.08138901847920155	-0.6571706037918459	-1.0613683189240106	-0.1827219421512027	-0.1925548742843279	-290.4051803885291	0.1160018847549782

drug_418.txt	-1.91337993010484	-0.08594933065014598	-0.7024517138189376	-1.1375275429432343	-0.2792558430715182	-0.3956840164324602	-309.1748381128585	-2.113925505107886

drug_419.txt	-1.67343984023964	-2.4444653806754273	-0.4927121637342863	-0.8508220745502619	-0.20986386916245572	-0.40471345539986175	-356.71970397779836	-1.5541128642921942

drug_42.txt	-0.0881178232651023	0.5049235085322763	0.06928459177283625	0.0385565884871934	-0.03979723014452877	-0.08492949060857827	-323.51988899167435	-1.6815462209562617

drug_420.txt	-0.109028124479947	0.6049840844602734	0.07434004467904065	-0.0228223296465766	-0.047330023486562324	0.045146618832989545	-188.736355226642	0.5012448058613164

drug_421.txt	-1.84677983025462	-0.10680698002431185	-0.5549687774457217	-0.9753710401534081	-0.17047380925102298	-0.21391619393349412	-280.8233117483811	-0.34656659025566017

drug_422.txt	-0.223714428357464	0.5575839773587496	0.024928833224738656	-0.08937713603328279	-0.14170904672521314	-0.17356157029423055	-228.08510638297872	0.2503200577879272

drug_423.txt	-0.128307538691962	0.6828450113753013	0.07972398131326675	-0.0009196853401970406	-0.09613998339945506	0.05060057278596815	-324.1230342275671	-0.7691371728897152

drug_424.txt	-1.863704443335	-0.07430501137793982	-0.6492743112350776	-1.0495373454676644	-0.20171921672360996	-0.15952815312462415	-327.58279370952823	-1.6086340967284314

drug_425.txt	-1.43315027458812	0.6816218465979371	-0.46087408174623967	-1.100521695851906	-0.10015424288978345	-0.055903028018030675	-125.5023126734505	2.1139626991188756

drug_426.txt	-1.89519886836412	-0.3593483559309224	-0.6490277045140542	-1.099009474860472	-0.28252922233805355	-0.20325870497574014	-276.2839962997225	-1.0466640418177162

drug_427.txt	-1.84298552171742	-0.14805602852625882	-0.547528666383452	-0.9824999057486701	-0.17797060149562885	-0.06476324244186446	-343.2664199814986	-1.8491656182498923

drug_428.txt	-0.170344483275087	0.708711618597953	-0.36626174662436933	-0.7268138867875082	-0.14695621760088	-0.11293800524072505	-302.06382978723406	-0.8319934412439651

drug_429.txt	-0.144974205358629	0.4136857972848986	0.07226044917382879	0.021693519228088987	-0.044408953458164216	0.14816574905591873	-218.52266419981498	0.6798964820746661

drug_43.txt	0.0523215177234149	2.4594445139581964	-0.5812514920173365	-0.989711284587603	-0.06070899525545814	-0.03465635541782796	-327.07123034227567	-1.392933561309749

drug_430.txt	-0.321367948077883	-0.7255375993953439	-0.4415709592732574	-0.8653058942194101	-0.07058654824322658	0.009469749579562994	-177.82608695652175	1.1018401151264807

drug_431.txt	-0.204243634548178	0.9674849759298746	0.04820962350563984	-0.07097221409038873	-0.0732302165206397	0.12020966754998702	-201.1896392229417	0.3482892709103275

drug_432.txt	-0.367498751872192	-2.610243012453494	-0.47758213826353463	-0.7967109390582416	-0.15606505273814933	-0.18134396893653856	-306.62534690101756	-0.9885496750375782

drug_433.txt	-0.261998668663671	2.5905908723636513	-0.4705377648932651	-0.7949093338421895	-0.12821842724354646	-0.22497679996228942	-262.53654024051804	-0.6078333384474601

drug_434.txt	-1.50718921617574	2.525373174569223	-0.4761819263002176	-0.8987822705545464	-0.14045444693778905	-0.05734226586673337	-164.31452358926919	0.08648676144285061

drug_435.txt	-0.188966550174738	0.5977371512330832	0.08902791801666993	0.027738120860066606	-0.09516388464135826	-0.06968941162139328	-289.90841813135984	-0.3147725606357129

drug_436.txt	-1.78965718089532	-0.40358343024156396	-0.517396597704367	-1.048690462993486	-0.14994744023627377	-0.05052482342551011	-204.72987974098058	0.9459428810683589

drug_437.txt	-0.351114994175404	0.7970902708388254	-0.03408869912363055	-0.23713950271691786	-0.1545464753202207	-0.1947685182781341	-203.0037002775208	1.102282504569887

drug_438.txt	-1.56550174737893	-0.45220047337586744	-0.4763768107248517	-0.9503757368203796	-0.18110773886245357	-0.20725563203795191	-205.70397779833488	-0.2764696472101957

drug_439.txt	-0.164003994008986	0.30143261152580453	-0.0044956935359555805	-0.1528087693766848	-0.11729426784744336	-0.13278979510440417	-223.24421831637372	0.915684707564778

drug_44.txt	0.409227824929273	-2.566758261978914	-0.41305012574810374	-0.7630583523507514	0.008939134492931121	-0.056304065190374446	-328.37280296022203	-1.8122354674359231

drug_440.txt	-1.607680146447	-0.45582262114367134	-0.43994873909453436	-0.8901198493877192	-0.14513190647284174	-0.1932456995269368	-166.2386679000925	1.4847726244127206

drug_441.txt	-1.53230154767848	0.607546052281827	-0.07421694851286931	-0.32115695939008654	-0.05965638538783781	-0.05992521847266646	-140.33395004625348	0.9544635294724066

drug_442.txt	-0.0913130304543186	0.8831489549764033	0.005981002626247844	-0.18714184921095595	-0.12346623880984609	-0.16476898887954736	-234.40425531914894	0.20744600640711078

drug_443.txt	-1.54598102845731	2.58905606913078	-0.4613474062235515	-0.9542753366418981	-0.17472135268041483	-0.19415939077765515	-233.7585568917669	-0.25198466408646536

drug_444.txt	-1.42725079048095	0.701436319414523	-0.036265717604972714	-0.2901836312457047	-0.14457988560558846	-0.18121543139247817	-253.6299722479186	-0.16214968547649028

drug_445.txt	-1.83889166250624	-0.4259861352827439	-0.4211422429579168	-0.8368657111003128	-0.09524792010515075	-0.19857556515612734	-252.32747456059204	0.03564018438888973

drug_446.txt	-1.80589116325512	-0.26185739582448847	-0.46386741201274795	-0.9736050017746741	-0.1921615154387526	-0.2643613352078505	-176.263644773358	0.5873022078763135

drug_447.txt	-0.324305208853387	-2.608650667176487	-0.4924157099205454	-0.9908216334253233	-0.14504033658170065	-0.13933791573455254	-207.15263644773358	0.43999015277463416

drug_448.txt	-1.89111333000499	-0.5603572683572882	-0.693895667355823	-1.3365922075158736	-0.29969285747074836	-0.27380281146527374	-206.263644773358	0.0026686921952092726

drug_449.txt	-1.64388417373939	-0.4072685778937156	-0.48202124689101644	-1.0639203545692681	-0.15419725097469275	-0.12030268134458635	-177.4162812210916	-0.4685446165935315

drug_45.txt	1.6476202363122	0.6568263923276275	0.0055782241685561895	-0.09279481038284043	0.04219168823273177	0.0047687681892517216	-287.3413506012951	-0.47150696417109594

drug_450.txt	-1.90414378432351	-0.11043115658293963	-0.6498901802468191	-1.186974971379776	-0.2255616274808959	-0.283244287722697	-267.1859389454209	-1.0754282489659477

drug_451.txt	-1.89700449326011	-0.4640086416906115	-0.7439564014290221	-1.6069045727809406	-0.24913690589184626	-0.1911137532752606	-269.04532839962997	-0.37675243003079134

drug_452.txt	-1.827259111333	-0.5910651679536671	-0.5885552289307943	-1.3204281859919935	-0.16896715008358468	-0.04180297959529083	-365.37280296022203	-1.3422107365135223

drug_453.txt	-1.84608087868198	-0.365684418335596	-0.5887635274799206	-1.1385385033376045	-0.08579629853612926	-0.01020288563302188	-215.12765957446808	0.03877768187157551

drug_454.txt	-1.85187219171243	0.5618171930090966	-0.46615066754848083	-0.8945206194872186	-0.169869657671764	-0.14207898948670766	-242.35615171137835	0.21664137240258483

drug_455.txt	-0.0746380429355966	0.5770134349232521	0.027942679236490187	-0.15491936588904276	-0.09221687296801544	-0.09075999757135882	-248.53746530989824	0.04339830177133819

drug_456.txt	-0.217324013979031	0.40208377927748706	-0.019024039410927895	-0.16663236071893767	-0.031107412777003338	0.01005060375790215	-223.04532839962997	-0.35711525989794296

drug_457.txt	-0.161108337493759	1.1148292579465282	-0.0520435662880559	-0.24283374309481276	-0.1405094342511257	-0.1169524800919523	-304.1082331174838	-0.17644634550099053

drug_458.txt	-0.30199700449326	0.5745970222063355	0.011386992277439556	-0.09679873994467392	-0.05203573883257266	-0.041268388157446705	-207.15171137835338	0.7324249141830177

drug_459.txt	-0.166250624063904	0.9309692733421038	-0.016190198858006932	-0.1762907601376799	-0.06833030286263328	-0.09471932632447179	-222.93894542090658	0.40987592786669075

drug_46.txt	-1.67663504742886	-0.30288897464383374	-0.3822833452468827	-0.7221557052680989	-0.13943208804375473	-0.2858014288496424	-303.8788159111933	-1.1428359169216455

drug_460.txt	-0.0798302546180728	1.1502734256972118	-0.015738756224047634	-0.18348588767547586	-0.08640445162784502	-0.058628521921095876	-288.80758556891766	0.01770623058671273

drug_461.txt	-0.245881178232651	1.0092980831146	-0.06811706439431006	-0.32018274290076715	-0.13860829484440537	-0.11740932571731148	-261.9796484736355	-0.5393141879264538

drug_462.txt	-1.8	-0.02114518522107406	-0.6544847261718825	-1.1844820080584328	-0.18672368263246844	-0.21510640684279891	-220.98057354301574	0.15495875013878013

drug_463.txt	-0.144474954235314	1.0453996662900213	0.01609142633308236	-0.11842444584784778	-0.02731554472574791	-0.04263892503352427	-282.44310823311747	-0.6554234552500218

drug_464.txt	-0.0430853719420869	0.6575731840186844	0.031045061720128553	-0.11894898807304982	-0.12387122926422107	-0.18624073327142926	-279.7437557816836	-0.43082163508608107

drug_465.txt	-0.077874854385089	0.9642540873331561	-0.00350909816246614	-0.1834401155946278	-0.03906649742591847	-0.11603878884123392	-353.51156336725256	-2.170746751607076

drug_466.txt	-1.86804792810784	-0.013054934631228032	-0.6735109196565808	-1.208848266809051	-0.1031588265832164	-0.2266420864904442	-319.3413506012951	-2.3505745931870115

drug_467.txt	-1.91103344982526	-0.19219571438381894	-0.6179847704871895	-1.1703552830624835	-0.2583011711647351	-0.21492543645776171	-239.5245143385754	-0.9165387722885798

drug_468.txt	-1.62824929272758	-0.30253266621120706	-0.5184572259654521	-1.0692275853665358	-0.06017330401558251	-0.06219731523856976	-238.87234042553192	-1.253062377893317

drug_469.txt	-1.75162256615077	-0.12404536362504642	-0.6598191671396707	-1.1924833175185037	-0.23868608835824567	-0.2385256730402704	-304.7530064754857	-1.697996209165367

drug_47.txt	-1.96939590614079	-0.3830421659942483	-0.5159193169750627	-0.9221504260397017	-0.07970057189834161	-0.13652222258526278	-302.7992599444958	-1.1906226950288086

drug_470.txt	-0.0309618904975869	-0.7259820702041826	-0.5154595585484311	-0.9467813624365564	-0.0015265353655383284	0.05401545160182732	-24.649398704902868	0.7510328491879745

drug_471.txt	-0.0535280412714263	-0.4953135844302413	-0.6483516065383406	-1.163977936361623	-0.20676762687344188	-0.18573743184310468	-300.06660499537463	-1.7987736767014466

drug_472.txt	-1.73718588783491	-0.6811326829016368	-0.5006566622981877	-0.9579678425732733	-0.14905499255313573	-0.2664408741705844	-261.83533765032377	-0.8542244660699109

drug_473.txt	-1.84608087868198	-0.2019262168182496	-0.6116105237496468	-1.0636008026284007	-0.0468528477076059	-0.07544636301620401	-229.50323774283072	0.20982468138789817

drug_474.txt	-0.0507821600931936	-0.5801477513376412	-0.5568165130012112	-1.0829737330946685	-0.11533892946248706	-0.005681849747737797	-199.0	0.3484648900045996

drug_475.txt	-0.0492844067232485	0.5966326169948974	-0.4462368030196385	-0.8624947388503816	-0.02408576232049912	0.051812562553296734	-191.12488436632748	0.47412584271506564

drug_476.txt	-0.0585205525045764	-0.6933819603021146	-0.6282655331000708	-1.2814907687448946	-0.12764666445222575	-0.05544853185528247	-238.06197964847362	-0.7423319907152904

drug_477.txt	-0.114536528540523	-0.6478378780380383	-0.6033721577319593	-1.07589423694543	-0.1180104384281366	-0.017500097223032415	-225.41073080481036	-0.5385483342362097

drug_478.txt	-1.87088533865868	-0.6331700861400308	-0.6027196363244607	-1.2131433386010624	-0.11762856431382816	-0.023944987803328883	-210.87511563367252	0.03992115386401365

drug_479.txt	-0.0587701780662341	-0.6203843955583744	-0.5868089705145425	-1.0188825546214242	-0.07505957596135053	0.03431837247633629	-244.49583718778908	-0.8958273458047313

drug_48.txt	-0.186819770344483	0.8704761737199271	0.014030188306878438	-0.12131030335612447	-0.2115524777737405	-0.4227571807162998	-369.57724329324697	-2.623361123068754

drug_480.txt	-1.8681477783325	-0.02959760364073022	-0.6241259126803962	-1.216264283405498	-0.14019269276606786	-0.21164035105916953	-277.8982423681776	-0.6303619635814774

drug_481.txt	-0.0512814112165086	-0.013202494164854306	-0.6705038200430671	-1.1300833512618065	-0.1507607610126708	-0.07159130682149624	-237.85661424606846	-0.4072435278327863

drug_482.txt	-1.93719420868697	-0.022696739072155747	-0.7168809108292371	-1.3656851871484794	-0.3596216584599376	-0.40880376544882163	-297.37280296022203	-1.7107347407470337

drug_483.txt	-1.87249126310534	-0.024301306773057058	-0.6999402384923048	-1.231145376692956	-0.2573436986596609	-0.33835953682784625	-289.27567067530066	-0.8681900094462589

drug_484.txt	-1.86210683974039	-0.10415374380233947	-0.667653742870186	-1.2291033938383	-0.2052675997129106	-0.30912139462602206	-366.0240518038853	-2.0453653143503865

drug_485.txt	-1.9007988017973	-0.14093732298882425	-0.5952462768039207	-1.050897504187367	-0.18357946198872227	-0.33022910733852073	-354.08603145235895	-3.2266909928358904

drug_486.txt	-1.86879680479281	-0.47100785014737534	-0.5710352071504928	-1.0657130094127167	-0.1443287142255814	-0.22687118190875527	-266.25716928769657	-0.7672766328596335

drug_487.txt	-1.95137294058912	-0.1605847964317521	-0.6514832457656005	-1.2893271961937645	-0.1735065463130281	-0.25007714689709953	-356.17021276595744	-2.2684288361199814

drug_488.txt	-0.0466383757696789	-0.0824526128822759	-0.6283939086778737	-1.0792382393568607	-0.08055852393403184	-0.17886463005878583	-339.37465309898244	-2.2153972677173814

drug_489.txt	-1.90344483275087	-0.02208112976044132	-0.642084247836085	-1.056044588793431	-0.09384012531637555	-0.14386443561272103	-347.3663274745606	-2.5926231203994394

drug_49.txt	-0.0924113829256116	0.6669358386319795	0.10064763465420112	0.04234942377095274	-0.18323176688726442	-0.45288821819872244	-303.69935245143387	-0.5780389921685701

drug_490.txt	-1.89805292061907	-0.09462794585190411	-0.6275434599835508	-1.0771615656429931	-0.1251284304865664	-0.22270311974662632	-394.9389454209066	-1.9966093963844094

drug_491.txt	-0.0499833582958895	-0.13282135933737582	-0.5618546540578	-1.1045377043565634	-0.12404724884401913	-0.3091683842735727	-362.6049953746531	-2.6058738569062787

drug_492.txt	-1.93275087368947	-0.1493157599136899	-0.5999559966903303	-1.1025150794303231	-0.18338823570215365	-0.28178762090389453	-280.5596669750231	-1.21307638920797

drug_493.txt	-1.95951073389915	-0.1704956999523527	-0.6653158118796925	-1.1689388923252966	-0.20893817170920287	-0.28563998508569693	-296.09435707678074	-3.17928648383452

drug_494.txt	-1.87443002163422	0.5997330577441626	-0.16682397174790167	0.12469292992215014	-0.0917465922292063	-0.042661481434411896	-94.01387604070305	1.085984319232982

drug_495.txt	-0.0697537027791646	-0.27530809789447436	-0.662357929349888	-1.070758071350405	-0.17129686966070837	-0.32427069110365114	-399.8399629972248	-3.4522660680956663

drug_496.txt	-1.80688966550175	-0.30073366319858247	-0.6649254466638637	-1.3118201679678823	-0.21547529023746667	-0.3211772883420734	-366.3459759481961	-2.241257091033947

drug_5.txt	-0.0559743717756699	-0.10556308720605317	-0.1865062933119274	0.00572844170425435	-0.095956207397437	-0.2137619264515375	-280.88251618871413	-0.11558160695182221

drug_50.txt	-0.0935596605092361	1.06443799348621	-0.006102478959694069	-0.17064798241421747	-0.19369839699281302	-0.35305435441114646	-354.5263644773358	-1.8154384529809382

drug_51.txt	-0.227958062905642	0.46488361451858473	0.14697211591544465	0.10282800189753366	-0.1047299176885178	-0.3819282754294183	-367.5522664199815	-0.9621946481305171

drug_52.txt	-0.175986020968547	0.8906147555189144	0.004020360275615864	-0.21313888014532767	-0.11992338733329516	-0.1720202615034786	-295.39870490286773	-0.8054608515094911

drug_53.txt	1.61972041937094	0.6871048375369115	0.09215466838713832	0.0018730020633886402	-0.12706341299263027	-0.21034798159188026	-262.0832562442183	-0.10699172976500286

drug_54.txt	-0.143634548177733	1.1867797733993966	0.03626606345493044	-0.09958121539257608	-0.09615037714458897	-0.15853738763838868	-322.6632747456059	-0.5070986727697396

drug_55.txt	1.71288067898153	0.6873374803591501	0.10458451555281886	-0.0022024742117776053	-0.053571812487425076	-0.1512657253291267	-300.2007400555042	-0.4688878123358219

drug_56.txt	-0.100599101347978	1.028586798835819	0.10365067473779332	-0.018863018886536576	-0.06467078983356321	-0.17474713486945181	-314.19056429232194	-1.088943288481306

drug_57.txt	-0.111682476285572	1.0463501337037977	0.04141077010588001	-0.07949248023385258	-0.1355402406138727	-0.2469429150931979	-356.6836262719704	-1.261136814865356

drug_58.txt	-0.0149775336994508	0.5271469759806556	0.15946747115656068	0.13405251317744032	-0.018572838244089406	-0.2065920568277463	-367.85661424606843	-2.0357978776707397

drug_59.txt	-0.0806789815277085	0.6515324631005683	0.04073355542457219	-0.07210038010910169	-0.16466110696685213	-0.3261767461323037	-406.63459759481964	-2.808728161485714

drug_6.txt	0.0156681644200366	-0.5258713003769864	0.3029173478039322	0.7944730288576775	0.05398584910341598	-0.08147845332492014	-265.3311748381129	-0.05221679346182512

drug_60.txt	-1.84867698452322	-0.15756267460278434	-0.7116700065594608	-1.22803122272677	-0.3699570148471325	-0.3198773951251387	-428.6244218316374	-2.1670204245531437

drug_61.txt	-0.142486270594109	0.5882543380267615	0.014569216293972731	-0.07796291532754462	-0.09334399597011345	-0.23098613174470053	-411.09250693802034	-2.8620339105606254

drug_62.txt	-0.0807788317523714	0.9621848665917235	0.13797833718434235	0.10000123129715355	0.03596386995228365	-0.23202029108296476	-390.0333024976873	-2.3308594433477854

drug_63.txt	-0.164852720918622	0.8945726635937586	0.04698788225224726	-0.029339442484013822	-0.05782759600788853	-0.11642234343057975	-380.0841813135985	-1.9281957193440458

drug_64.txt	-0.0590614078881677	0.38479646879122825	0.03474196103159516	-0.05101295919201909	-0.11183638901139908	-0.19952381544646725	-390.80203515263645	-1.8963529225418665

drug_65.txt	-0.090564153769346	0.630662119277765	0.028284289233959425	-0.09339686611874465	-0.14176249579159797	-0.2117114182748669	-335.8649398704903	-1.164294327526166

drug_66.txt	-0.112581128307539	0.6390883163386494	0.08619262974462125	-0.003917180892452132	-0.13168239366709553	-0.20537992888156226	-244.07123034227567	0.14420951387238795

drug_67.txt	-0.0376934598102846	0.750029417935204	0.08411599201571046	-0.008305544885208627	-0.03035093020522462	-0.21201440420441947	-301.60869565217394	-0.6552656609151466

drug_68.txt	-0.190614078881677	0.09064100580976352	0.10589307866460673	0.046550213155395204	-0.038876458983180054	-0.07877933487635759	-178.09620721554117	1.665105385491015

drug_69.txt	-0.159061407888168	0.15078711318864357	0.07857614784837669	-0.00639752658288667	-0.14814975815468184	-0.20626550852723244	-223.32192414431083	0.7520346940419567

drug_7.txt	-0.0395490098186054	-0.1762652587219512	-0.03500232776129686	0.20505680369039225	0.034908408211214784	-0.0929531323238272	-274.27844588344124	0.05439837747171376

drug_70.txt	-0.198652021967049	0.9520371024195488	0.10090081872010428	-0.008195941089587488	-0.07100708471240104	-0.30973913491290983	-389.21646623496764	-5.336260421819217

drug_71.txt	-0.276684972541188	0.9128806363519018	-0.004877466353214871	-0.14497317263233717	-0.15900789862317086	-0.30784540090145895	-367.9232192414431	-2.6749636244438837

drug_72.txt	-1.89206190713929	-0.4183376962117064	-0.6367226271117489	-1.2099738950403482	-0.37958369849941637	-0.44356307030673064	-391.7844588344126	-2.9741112648918864

drug_73.txt	-1.88612081877184	-0.3576504361865922	-0.6434971962212389	-1.2707162585103207	-0.30971990582761155	-0.36568384976440454	-392.3117483811286	-2.8276423523373326

drug_74.txt	-1.84573140289566	-0.27274562839557687	-0.6346693029727107	-1.290147841113828	-0.3608901938097302	-0.4153810955579512	-419.70120259019427	-3.1677835715245553

drug_75.txt	-0.249875187219171	0.9889181636162494	0.003141120725450197	-0.15666731954034419	-0.1582183484357221	-0.36253643915216105	-387.53469010175763	-4.289575965647954

drug_76.txt	-0.144283574638043	0.6963813427682919	0.04552927735889012	-0.10647098784582887	-0.2103069738266716	-0.4131970614273341	-432.04162812210916	-2.9107157965931543

drug_77.txt	-0.0652521218172741	0.8247637088870929	0.03626809381865756	-0.0785453572336165	-0.07598777906946873	-0.12854178061268304	-313.099907493062	-1.4709705672628828

drug_78.txt	-0.113679480778832	0.7596095193329584	0.002561917261323099	-0.14898022757387808	-0.052475795393024015	-0.17098579840858943	-273.01017576318225	-0.7528215644275567

drug_79.txt	-0.292810783824264	-0.5007293938006901	-0.4753842696373395	-0.8924716258184813	-0.24767955465156707	-0.3732170989767441	-265.2941720629047	-0.9210237800921953

drug_8.txt	-1.90279580629056	-0.19551545677242876	-0.12705497578883287	0.014655625644133918	-0.09092854764599795	-0.19786603248736506	-273.2904717853839	0.038344172422367

drug_80.txt	-0.103594608087868	-0.29156543386210165	0.04883119940277747	-0.048362712236986016	-0.09125839910247478	-0.3022399482275643	-280.4209065679926	-0.04094266294306421

drug_81.txt	-0.0151273090364453	0.7230435770357719	0.07980704447079004	-0.019157389402651603	-0.06423994158184304	-0.21049947455665652	-272.30064754856613	-0.5676851544423067

drug_82.txt	-1.80953569645532	-0.0005413101675155185	-0.6842619036742343	-1.2064841714275134	-0.2265953002461629	-0.30764881699345054	-253.69195189639223	0.16123426961111606

drug_83.txt	-0.31328007988018	-2.5320756192582508	-0.4304163399069689	-0.7479912297958604	-0.09704071087655682	-0.07645710244807646	-218.50693802035153	1.652609136426312

drug_84.txt	-1.84423364952571	-0.0669193348754496	-0.572178322583575	-0.9711279427821952	-0.13749281517415476	-0.16596045650435645	-248.35060129509714	0.602908739706645

drug_85.txt	-0.365002496255617	-2.5363586870854964	-0.5000328215625514	-0.8552709212396821	-0.2079574356648361	-0.2339223253470911	-258.9537465309898	0.23452981024681724

drug_86.txt	-1.93844233649526	-0.025410723789199785	-0.6900743834175707	-1.1766874292011085	-0.21746686175220795	-0.36098533105894265	-286.3071230342276	0.1889059374166294

drug_87.txt	-1.84957563654518	-0.027226548038711246	-0.6873800591192689	-1.1856578934946291	-0.24524341635133326	-0.1815856183141816	-262.2830712303423	0.7961746864031082

drug_88.txt	-1.85996005991013	-0.05750123461468712	-0.7086275149816746	-1.1640432651862642	-0.2518175189637909	-0.3686324582317972	-265.90379278445886	0.03639510242332011

drug_89.txt	-1.76480279580629	-0.03751934838929755	-0.7292097107088309	-1.213346518173306	-0.3281536171908103	-0.42369977606642373	-272.4514338575393	-0.5863994292537091

drug_9.txt	-1.85646530204693	-0.29463409721645606	-0.2678146828601594	-0.2558608462772608	-0.19021104532030106	-0.18726876984458346	-280.35245143385754	-0.5668703897292184

drug_90.txt	-1.80609086370444	-0.028316389884166515	-0.6901446036972612	-1.2182295590454122	-0.259226542771113	-0.24939578655682085	-272.4199814986124	-0.2822741103923864

drug_91.txt	-1.91742386420369	-0.04030190687412652	-0.6285830912611482	-1.1047266285723762	-0.19007233502445273	-0.3221484977951943	-316.1850138760407	-0.29507012516602715

drug_92.txt	-1.69331003494758	-2.5455370916647837	-0.542994777617689	-0.9191556386679057	-0.19994878926312917	-0.1981209837245791	-234.69657724329323	0.7234689689928901

drug_93.txt	-1.93295057413879	-0.16567314225823873	-0.6561137987443648	-1.1448856591992047	-0.18620780560238742	-0.16088461592267647	-190.66419981498612	2.310763688525602

drug_94.txt	-1.91482775836246	-0.06192725600433546	-0.61346648689714	-1.0664609986895046	-0.2649009812958732	-0.4702897778032033	-333.4995374653099	-1.597609170157808

drug_95.txt	-1.98467299051423	-0.19645100573033486	-0.753161413166378	-1.3269701431751382	-0.34582107197340134	-0.3153855475983154	-207.19148936170214	0.9476561994255686

drug_96.txt	-1.92346480279581	-0.023873980118950283	-0.7615967605572626	-1.3212997306779772	-0.25326504335898326	-0.2267923971426078	-256.2673450508788	0.40533283329067515

drug_97.txt	-1.86304709602263	-0.13195379758248588	-0.6837599664500096	-1.1316932666639778	-0.2650608649319054	-0.3496698832198735	-238.77705827937095	0.5150722469424992

drug_98.txt	-1.82949742053586	-0.20086354801604356	-0.6299883139685374	-1.0951847318567118	-0.27301860967052716	-0.3348032244105253	-267.3644773358002	-0.7571714254035196

drug_99.txt	-1.84432517889832	-0.02505242657499318	-0.6559699065342548	-1.1321603329167331	-0.23488775477955326	-0.3281784137673086	-248.93617021276594	0.3545350879287936

