	SScmap	SSfisher	SSlincs	SSlincs_Norm	SSpearson_corr	SSspearman_corr	SSzhang	SSzhang_Norm
drug_1.txt	0.116774837743385	-0.5886008642542851	-0.5314197201306607	-1.1413333998471238	-0.04025311587255354	0.28294832393534136	-182.07581453634086	1.7558210561219432

drug_10.txt	0.0594108836744883	-2.6132770017955838	-0.40686418471806873	-0.8026539211684116	-0.04592455365795628	0.18513965800206247	-236.99185463659148	-0.20627452394527118

drug_100.txt	0.170577467132634	-2.688264525438793	0.010764505022993531	-0.12243223067840409	-0.06631124985270193	0.09394903265209133	-230.64097744360902	0.25116516718312387

drug_101.txt	0.266633383258446	-0.04345764748527392	-0.7153730842060699	-1.2177003078718882	-0.09836657677553184	0.061777050614581004	-202.11027568922304	0.2260113000482704

drug_102.txt	1.48840073223498	1.3130197996600959	0.00815004764567867	-0.14736053047101583	-0.05058805865482093	-0.0028407175628865503	-267.2675438596491	-1.2929317322170475

drug_103.txt	-1.31908803461474	-2.6889139750108617	-0.07235939138033023	-0.19228947663878498	-0.0807810988176253	-0.04993502318375274	-183.07393483709274	0.35338375444207

drug_104.txt	0.000116491928773499	0.7100348943151473	0.051717629779318014	-0.03299806523354393	-0.033007600645481104	-0.17318406274300624	-233.91791979949875	0.05194983361134688

drug_105.txt	0.151023464802796	2.817255711234611	-0.0022193213681570567	-0.10851608535677587	-0.05983399880681218	0.0859402626555196	-123.73872180451127	1.2824196767810663

drug_106.txt	1.2396238974871	1.3112415491588074	-0.00863639490161311	-0.19625956609325135	-0.04701113565933832	-0.1052434518780258	-259.94423558897245	-0.8032440759211534

drug_107.txt	1.4345481777334	-2.551665772702207	-0.03193309525710536	-0.18909910381144135	-0.01836438206318764	0.24775848720163537	-188.093984962406	0.3641751511511218

drug_108.txt	1.42795806290564	0.6652984927190959	0.07613315364374135	-0.008341267114174156	0.029183904891633954	0.3347997039035745	-186.29260651629073	0.594340318334223

drug_109.txt	1.43704443334998	0.9248696498816329	0.02796862452678872	-0.1090272813790722	0.026063807674338867	0.3245605379379898	-166.6798245614035	0.8518430029135919

drug_11.txt	0.130154767848228	0.6604173982603505	-0.05142661657486408	-0.22353611618734315	-0.0043772070898291104	0.2967006182434066	-176.2374686716792	2.112937581879591

drug_110.txt	0.164802795806291	-0.14261866346522306	-0.5994162566383471	-1.0119386764640397	-0.13610723111469694	0.007526002357807418	-188.95739348370927	0.41198842662907226

drug_111.txt	0.150024962556166	-0.20448553623524435	-0.6294726606356993	-1.1608652884174369	-0.15671116077323163	-0.007252329544796239	-197.7875939849624	0.24702446343884643

drug_112.txt	0.00174737893160248	-0.32391921486819497	-0.5926306276308728	-1.0815628512938218	-0.15193662917784406	-0.10269572308244485	-230.7017543859649	-1.1504568138524216

drug_113.txt	0.167948077883175	2.541465113848896	-0.4479638250554483	-0.7934749268014405	-0.08526294875006105	0.11309528997686966	-147.87092731829574	1.6558685810159395

drug_114.txt	0.137493759360959	-0.14492112786948164	-0.5602163232485177	-0.945870741788792	-0.12628713725461904	0.044950759537086125	-155.51817042606515	1.8204003544319298

drug_115.txt	0.276684972541188	-0.27076759546664897	-0.5817511293346813	-1.0138186164423941	-0.10653735663469602	0.07649155123662447	-187.12719298245614	0.1864406490341204

drug_116.txt	-1.14822765851223	-0.20000909888279597	-0.5362744119877418	-0.9320143405367103	-0.15137357992403463	-0.11511559787721241	-249.7174185463659	-1.5222648576387723

drug_117.txt	-0.142386420369446	-2.7711207901338377	0.003480057531200592	-0.14541959463957427	-0.10341510277488003	-0.2565682621979801	-195.60213032581453	0.0724060716358124

drug_118.txt	0.202529539024796	-2.7690594908837243	0.03205241144255866	-0.0716910959697975	-0.10414655413297451	-0.24685287733608327	-133.75	1.8884941151916257

drug_119.txt	-0.00544183724413383	-0.594384180620712	-0.4452630100150472	-0.84979466654812	-0.10593264515950797	-0.15250417505047936	-149.4718045112782	0.5880447377840586

drug_12.txt	-0.0149276085871194	2.619932257539046	-0.33068955376487286	-0.6010861987363717	-0.03068831995488431	0.1303046990532844	-117.56203007518798	0.4165426073738563

drug_120.txt	-1.2245631552671	2.736004528110049	-0.39550368805878433	-0.7603140699431234	-0.12539967923774303	-0.2931720009382253	-198.09711779448622	-0.2409320306036661

drug_121.txt	-0.0781494425029123	-2.7696957111544274	0.04164566865040881	-0.005935972032239223	-0.09455223956008599	-0.1915400393802414	-185.31766917293234	0.49886725625739814

drug_122.txt	0.0215510068230987	-0.5782487985843088	-0.5873191385065681	-1.0309159996796886	-0.14020409645514179	-0.07710731506589961	-102.24874686716792	2.1570916907684614

drug_123.txt	-1.4431020136462	-0.5940898282705968	-0.5468349189103843	-1.018332789618501	-0.11488225908956831	-0.22722074326907718	-34.96115288220551	3.0156746106090884

drug_124.txt	-0.00985188883341659	-0.620813714799035	-0.6485792495918298	-1.197711592582673	-0.17132850323974896	-0.05268201650465192	-133.33771929824562	1.107277003459122

drug_125.txt	-0.0112997170910302	-0.5132812938077842	-0.6047259154228518	-1.02080119788663	-0.16610864303789166	-0.16591414288802714	-98.1641604010025	2.0305536686838304

drug_126.txt	0.0202030287901481	-0.19122253363375624	-0.5997621259295154	-1.0898283472185293	-0.1318442527633098	-0.0232621891059502	-123.93045112781955	3.639957966257912

drug_127.txt	0.0149608919953403	-0.1850704119114614	-0.5872383502758987	-1.0475030424550433	-0.17031531315208406	-0.1744351957134936	-130.01754385964912	1.5346879500728903

drug_128.txt	0.0585954401730737	-2.8371449850036394	-0.5720685311459163	-0.9094362799116635	-0.12124794405546228	-0.3329628868169119	-239.53571428571428	-0.30360484002268684

drug_129.txt	-0.0560326177400565	-0.20210921386013525	-0.5919051912800981	-1.028138735832538	-0.13716358422885436	-0.18253976627845625	-170.984335839599	0.673623405506063

drug_13.txt	0.0789316025961058	2.5754568728722833	-0.38034853400221935	-0.7020837669322804	-0.03178220060319471	0.1782294194735302	-189.13032581453635	-0.064779579831299

drug_130.txt	-0.0145947745049093	-0.27108092986291266	-0.5865163388498553	-1.0425218479018843	-0.12944774904234482	-0.2660783924501186	-126.44298245614036	1.6198179070449432

drug_131.txt	-0.0855217174238642	2.57797653983553	-0.46528462903271706	-0.7378587623790696	-0.07270197372653703	-0.03571430209795883	-58.26127819548872	4.027493982151589

drug_132.txt	-0.143102013646197	-0.2493445775762691	-0.6540650258891646	-1.1061524235593545	-0.13592465898512665	-0.141967771749549	-115.73057644110276	2.0173068136722017

drug_133.txt	-0.17375603261774	-0.26359064923107206	-0.6077362580289772	-0.9751556901807472	-0.11784967695917085	-0.30623987775950906	-113.67606516290726	2.1746396595713255

drug_134.txt	0.238625395240473	2.6739966842228213	-0.420234478442484	-0.7710597624942896	-0.13126034930823338	-0.34288369614362557	-178.29260651629073	0.8968752459800232

drug_135.txt	-0.0247129306040939	-0.3515187474676962	-0.6137484914449092	-1.1096017506787623	-0.1374046866409982	-0.09120146493597533	-135.19611528822054	2.4014789176386224

drug_136.txt	0.0714761191546014	2.640523966280285	-0.565109957588576	-0.9633111426152354	-0.11663188469232795	-0.2506842967182398	-174.20363408521303	0.6377445799837914

drug_137.txt	0.119753702779165	-0.4193653127557754	-0.5732656555280851	-1.079365668136014	-0.17927864323478407	-0.18794480433542704	-165.80576441102758	1.452247070119302

drug_138.txt	0.178315859544017	-2.8534686929273	-0.5090362711885392	-0.8273723282209693	-0.13168393224757508	-0.3035425557101057	-180.906015037594	0.2930278109975818

drug_139.txt	0.202729239474122	-0.3514465868006016	-0.6763275556589622	-1.0906046635741256	-0.15266717758990495	-0.2116859208641468	-168.91979949874687	0.6918060210254733

drug_14.txt	0.0226660009985022	-2.6831877117881424	-0.5018442998819064	-1.0265962428194793	-0.061630214021949556	0.2584839718890584	-139.0144110275689	2.183193500875261

drug_140.txt	0.201181560991846	-0.4650127662679239	-0.6134295864705802	-1.156438411944041	-0.1492258984024941	-0.3015583938447629	-185.45802005012533	0.3925546786727283

drug_141.txt	-0.0190880346147445	-0.2640445017266777	-0.6262222736060719	-1.2203795754795157	-0.15596737055155765	-0.23775325630346159	-222.69423558897242	0.42913774050628295

drug_142.txt	0.0199201198202695	0.5244533431747214	-0.0017822430806541945	-0.1361345534752375	-0.01564101186351721	0.16182099775670622	-90.64097744360902	2.7685310967311643

drug_143.txt	0.335297054418372	1.1643030156124474	0.03981726181636419	-0.1974349916653399	-0.05182998309263866	-0.053905182669232735	-140.44799498746866	0.22212410573072267

drug_144.txt	0.0627392244965885	1.0354294199321097	0.04757670013833695	-0.07062042645209099	-0.03832204226452148	-0.07618729716718022	-215.04010025062658	-0.5844270306966154

drug_145.txt	-0.0293060409385921	2.5641213916820274	-0.5853471100412044	-1.0504234374087682	-0.045115908884799084	0.049524317030082386	-96.31766917293233	1.3408687751346011

drug_146.txt	1.21887169246131	-2.740903415818641	0.061948407085796214	-0.08182516904747367	-0.038885945897813586	-0.013758891941242787	-182.28383458646616	0.9905115801131116

drug_147.txt	0.157763354967549	0.6956403342966351	-0.0294064044772058	-0.18940973698402142	-0.038900344323417844	0.24371987669054365	-168.98872180451127	0.2796018831142587

drug_148.txt	0.158961557663505	-0.547898955952538	-0.5965471939932119	-1.162956706313609	-0.1154865918470265	-0.0028407175628865503	-116.79385964912281	1.3174592337753983

drug_149.txt	1.29101347978033	-2.6363639978912143	-0.05391846169749148	-0.25584192091780517	-0.07816131472357127	0.05506885010463204	-275.5676691729323	-0.9684656658467871

drug_15.txt	0.0495257114328507	-2.7902659784088417	-0.5973207314224533	-1.141373544972151	-0.06886766176374749	0.2645731919785571	-117.3796992481203	2.627746050305344

drug_150.txt	0.150324513230155	2.5608320413435375	-0.4875876200228475	-0.8797127071473507	-0.06792854521411973	0.07156554727705755	-102.0344611528822	1.2173338779308964

drug_151.txt	0.249875187219171	-2.7669897362042657	-0.46330707784792247	-0.8484279521617086	-0.06796250600631773	0.03227465857592791	-133.6015037593985	0.713987014872695

drug_152.txt	0.0688467299051423	-0.7316827479295904	-0.36083949706074014	-0.7948419717989623	-0.07814957389738986	-0.09737158393267753	-239.21491228070175	-1.8410198700774496

drug_153.txt	0.0123315027458811	2.539239847410303	-0.565984607059334	-0.9945569952514461	-0.054694639818498314	0.041994704212792736	-80.84147869674186	1.7154267578125115

drug_154.txt	0.0820768846729906	-2.7721965382161673	0.008472492904927131	-0.1714453328661018	-0.06751721889652207	-0.2615171433495919	-264.703634085213	-1.2877013227282166

drug_155.txt	0.0946080878681976	0.6300585411253539	-0.038811812933390505	-0.22274543118665174	-0.05699610174433898	0.02707238062943688	-70.66666666666667	3.8402409439550524

drug_156.txt	-0.0330670660675653	0.3387537837560796	-0.326933048988134	-0.7176600706490992	-0.007587783992473386	0.1100350236708465	-138.40726817042608	1.2855529025952979

drug_157.txt	0.134048926610085	2.6699406241549406	-0.44894152589506264	-0.8319398652295213	-0.07046262705933137	0.08457124214328512	-117.80764411027569	0.8370174528094624

drug_158.txt	0.214228657014478	-0.3150319664670699	-0.6295494255570575	-1.1849419743388248	-0.12830296816028047	0.12098718776872233	-172.13345864661653	0.7634904487575371

drug_159.txt	0.178831752371443	2.641991601079022	-0.5342799464959412	-0.9631378292040889	-0.06569779993388968	0.03141955920910667	-126.10401002506266	2.1828787748326293

drug_16.txt	-0.0338991512730903	-2.758223786843585	-0.5561565149848133	-1.0050979556782416	-0.0652418049331501	0.2622469730679621	-147.26002506265664	2.421985679588125

drug_160.txt	0.026610084872691	-2.837181189144536	-0.4265309932806348	-0.788378248305486	-0.058861863730369716	0.12242465930656855	-98.95050125313283	1.4594142182083947

drug_161.txt	0.0781827259111333	-2.763614349829508	-0.44052428996346477	-0.8487586082532041	-0.06443498278140046	0.07642557009548996	-159.7199248120301	0.8595056506293154

drug_162.txt	0.0262106839740389	2.856506121520093	-0.6087349727619887	-1.1110818207197173	-0.06821178185777466	0.038572152932206526	-73.468671679198	2.1429624655118023

drug_163.txt	0.098602096854718	-0.5004474926296333	-0.6075001004619494	-1.1109156820041097	-0.13653172575256714	-0.11612716495028994	-102.38345864661655	2.7273031293636065

drug_164.txt	0.135596605092361	2.8431104333259705	-0.5775110583467669	-1.0743640246147526	-0.049845599054304024	0.061024089332852034	-118.21177944862156	1.8699380940913388

drug_165.txt	0.104143784323515	-0.319485891426152	-0.6449924990019438	-1.1718977995640012	-0.11781885419727464	-0.11448434033560856	-112.63032581453633	1.120333731474444

drug_166.txt	-0.0140289565651522	2.757204159933667	-0.5915099856972431	-1.0777611232856772	-0.08407297033041666	-0.044664294211649976	-74.75125313283208	1.9327707422767935

drug_167.txt	-0.151805624895989	-2.806875051312849	-0.44789641290816573	-0.7845663248960036	-0.03547521461424371	0.12454664110053199	-135.7111528822055	1.1980709076212146

drug_168.txt	0.074222000332834	-2.717702620812916	-0.010800238878284046	-0.19651629659631908	-0.09344547364973081	-0.24440438694666092	-265.94924812030075	-1.8422333369439736

drug_169.txt	-0.00843734398402396	-2.805230362144473	-0.6531473940261139	-1.229888558543293	-0.09617051727165864	-0.03870905498342998	-101.33395989974937	1.375016747127671

drug_17.txt	0.0714927608587119	0.7012477784684887	-0.37083781497238033	-0.7665224922510234	-0.01717128873837229	0.31462649440615825	-171.44611528822054	1.8677092757915588

drug_170.txt	1.05821268097853	-2.774179717401993	-0.5519826546630386	-0.9438247115115609	-0.087962455933089	-0.04678627600561342	-212.11466165413535	-0.0785656871336437

drug_171.txt	-0.0519387585288733	-0.2574730053985392	-0.6175333429192118	-1.0985216119769818	-0.1390787773431623	-0.04170160885953104	-47.771303258145366	4.53873208698213

drug_172.txt	0.129156265601598	-2.8373940493047654	-0.5222364668712863	-0.9994201154291056	-0.0957326456416999	0.07813358811469155	-167.53571428571428	0.658131907446414

drug_173.txt	0.00494258612081877	2.599842917824875	-0.5352089970710374	-0.9791597039450017	-0.09789377192495964	0.03212289640615229	-92.19611528822055	3.5351878415225726

drug_174.txt	0.01827259111333	-0.6086237311193495	-0.5874103560123385	-1.0631156109534134	-0.11856879254819581	0.019191634594090984	-108.59649122807018	1.4442358685503927

drug_175.txt	-0.181960392744217	-2.79918936394615	-0.5697483552043683	-1.0433950359284219	-0.10522230287448284	-0.11713196396878452	-176.7218045112782	0.1984847567839298

drug_176.txt	0.195290397736728	2.5907511735940276	-0.4050016772700577	-0.7248838501418866	-0.06097572758351323	-0.060143719668879485	-89.31328320802005	1.783241991578263

drug_177.txt	1.30597437177567	2.7028332860953608	-0.4538819734326529	-0.8242072893708324	-0.09709010148534084	-0.27887737114265543	-212.30827067669173	-1.3047305628979535

drug_178.txt	0.0822765851223166	-2.8157197581419835	-0.47709251665110747	-0.8854805176294578	-0.10122771829006334	-0.06342367441534069	-89.17418546365914	2.146461258122031

drug_179.txt	-0.0481777333999002	-0.3739551722372704	-0.6092244635942752	-1.1637234214017838	-0.09887125272345293	-0.05685650034826954	-47.8828320802005	3.4463313327164578

drug_18.txt	0.0899650524213679	2.557805929447537	-0.41986980692918235	-0.7915792675069333	-0.030250599025593978	0.1463832521000273	-123.48621553884712	2.36005596379907

drug_180.txt	0.145531702446331	-2.8350716935211726	-0.5739512347489439	-1.010225767890473	-0.09148581706848875	0.11781614600131249	-133.8972431077694	1.6551890939089118

drug_181.txt	0.220768846729905	-2.8034103207215804	-0.47173380363655276	-0.7972245509831136	-0.08133038311578063	0.043992904691546986	-136.7268170426065	1.9971568445587904

drug_182.txt	0.249725411882177	2.7444839623560955	-0.47404690764196655	-0.8533614633432607	-0.05111564421645825	0.144912235544687	-138.66666666666666	1.3185713173426872

drug_183.txt	0.148976535197204	2.559412578219683	-0.3923456867005655	-0.7486930745524141	-0.08834286932891453	-0.013991762119399663	-72.25062656641605	2.946800329995297

drug_184.txt	0.18237643534698	-2.803202575109801	-0.5842846202960803	-0.9599413969060344	-0.12592519633874585	-0.03133553708977997	-134.80263157894737	1.5729605300133842

drug_185.txt	0.126560159760359	2.5533774204398343	-0.516617287109878	-0.9184563256925545	-0.0727682457887132	0.13591508777597766	-70.8890977443609	2.5409664458203425

drug_186.txt	1.25999334331836	2.7754970574014117	0.033398051993926675	-0.0615695690050313	-0.05636527115624304	0.009168667162263765	-82.84899749373433	2.1153626889491353

drug_187.txt	0.222815776335497	-2.796078700686683	-0.5478804740259988	-0.9647854329183443	-0.09407630829878036	0.052203089081882356	-167.19987468671678	2.718902211606339

drug_188.txt	0.0870693959061408	2.85055123070619	0.049154279377325416	-0.06393389464848626	-0.09666051312302303	-0.2418282797604798	-197.99749373433585	-0.6474652610060918

drug_189.txt	0.0370444333499751	2.926576826874581	-0.6616421268909524	-1.032516525964677	-0.10923865370903679	-0.0008894366422863311	-129.3045112781955	2.393929050924603

drug_19.txt	0.00309535696455321	-0.19488310479782597	-0.38361596787760516	-0.7626113624081483	-0.0234975394510815	0.32231815552391585	-157.78696741854637	2.388002769998634

drug_190.txt	1.34042269928441	0.8106222156292514	-0.2831521581588766	-0.5586172127403026	-0.08740680315292447	-0.22092616079971403	-217.9310776942356	-1.2447890472586396

drug_191.txt	1.41685804626394	0.637882779628879	-0.1296770054086322	0.21121617907311857	-0.0671795152878728	-0.06506571129340775	-93.5983709273183	1.7249853470893766

drug_192.txt	1.4106174072225	2.7465537817216976	0.09317368131294179	0.007706581336875962	-0.08658761319930224	-0.20303449432429588	-165.08020050125313	-0.34453339173907743

drug_193.txt	1.30336162423032	-2.780009021318576	-0.03174851692418687	-0.1361756850824074	-0.08068034704753586	-0.09263824720428403	-184.21365914786966	0.5592371603318129

drug_194.txt	0.0535197204193709	-0.2121111878354356	-0.4687415197135353	-0.8952070796485297	-0.12951784418957227	-0.30049274868627435	-201.94799498746866	-0.8526382185873974

drug_195.txt	0.0212680978532201	-2.7300716648134755	-0.40179074329029163	-0.6800287868377083	-0.0383449216735755	0.1470332361593637	-185.343984962406	0.7164639493712744

drug_196.txt	1.2960392744217	-2.6950506368150724	-0.3963680559995847	-0.695474955546665	-0.10131164707956257	-0.15568828705473808	-252.40162907268171	-1.2137962271564213

drug_197.txt	0.0283075386919621	-2.7607736823329647	-0.5844775851370647	-1.0087309950110521	-0.10809788847786025	0.018575860222088066	-178.94736842105263	0.9996087583933052

drug_198.txt	0.0793310034947579	2.76481735037682	-0.5733611507919905	-1.039463596146668	-0.0923654643819983	0.055418744634763706	-103.69298245614036	3.2376252479831984

drug_199.txt	0.0353969046430355	0.48022476900930944	-0.32975585362203336	-0.6128486360126859	-0.06519793434093883	0.0016420368780670728	-152.45676691729324	2.1364135315296178

drug_2.txt	0.139740389415876	-0.7434513674674079	-0.40435731188584817	-0.7619694020340171	-0.011107540957481512	0.24175986038581276	-171.3251879699248	1.5138015264247322

drug_20.txt	0.0425361957064403	-0.3334178332614026	-0.4522344512106033	-0.9664110056882476	-0.0357877243377796	0.266283647059877	-144.48370927318297	1.8165808177184697

drug_200.txt	0.0895490098186055	-0.1472288982197517	-0.6524246475000138	-1.0422059946208324	-0.13068398906976017	-0.24473191303524666	-129.33771929824562	2.0328464382234026

drug_201.txt	0.251422865701448	-2.706583465746492	-0.07310534548301645	-0.28182166621983307	-0.07036198071623802	-0.04445214863711767	-182.59711779448622	0.11709809262499965

drug_202.txt	0.0736728240971876	2.6156171670802357	-0.5878922454966298	-1.0361199726396255	-0.10406535286338543	-0.11438380311862328	-202.15037593984962	-0.552272831819552

drug_203.txt	0.20164752870694	-2.799904662619695	-0.012483228087424414	-0.22953582044970344	-0.08558676736987707	-0.10547967473214363	-219.51503759398497	-0.8740469215752815

drug_204.txt	0.126310534198702	0.6487232919096085	-0.028522544189764798	-0.20297615101744515	-0.0515215183996648	0.019863055631377694	-189.75250626566415	-0.25614112761375174

drug_205.txt	0.0876518555500083	2.555327899100382	-0.39457926164981494	-0.687538634861265	-0.07118189290638782	-0.0666439763080362	-129.97431077694236	0.7487973503411205

drug_206.txt	-0.0635546679980029	2.65511079054614	-0.6381053782603487	-1.1302697044157228	-0.09552001726358544	-0.025411012549107326	-138.16604010025063	2.093445766025726

drug_207.txt	0.213879181228158	-2.6494619630372265	0.013973977059999032	-0.13789621310355843	-0.08979397970447794	-0.16746610696109815	-195.19924812030075	0.6530185854304495

drug_208.txt	0.0324346813113663	-2.771199668833643	-0.6326723503837934	-1.058483431781605	-0.09937602777274224	0.010890433949617426	-251.18546365914787	-0.6142079281590747

drug_209.txt	1.2427858212681	-2.6115409817917516	-0.04745942667056269	-0.2672659057819185	-0.08483251270112446	-0.1247947840012764	-219.22305764411027	-0.28628676499458433

drug_21.txt	0.0487269096355466	-0.3759587364614243	-0.3372659370095643	-0.7309414902427251	0.008682955859791579	0.3140791394088223	-145.1140350877193	3.674676432223243

drug_210.txt	0.203594608087868	-2.7711357588485157	-0.012621723088392628	-0.14458115745724293	-0.09101245952799651	-0.11965778685523046	-162.43984962406014	0.9481877408832446

drug_211.txt	0.177317357297387	-2.649284707219235	-0.03253466979429184	-0.19726360198237186	-0.06846380312312773	-0.008561661910076592	-209.1735588972431	-0.7756505279939809

drug_212.txt	1.24606423697787	-2.595379665954334	0.010447388479041864	-0.20103660874488322	-0.0911230704086815	-0.09321937487691394	-246.09586466165413	-0.7436812607567562

drug_213.txt	0.12824097187552	-2.7408711249917017	-0.0013595546438037176	-0.15937637077401873	-0.08318196498628518	-0.08500017944324041	-187.53446115288222	0.8201600238886544

drug_214.txt	0.118705275420203	-2.6859734170098655	-0.4793464775299715	-0.8248151461160904	-0.09148192424492826	-0.05328778372831671	-214.74310776942355	-0.702695740963861

drug_215.txt	0.124812780828757	-2.7658855487105565	-0.4565915231296921	-1.0008272680969061	-0.09507612182201183	-0.15787704562181237	-186.46929824561403	0.37987790706184393

drug_216.txt	0.191745714761192	2.568102953672262	0.014474873465326388	-0.07706751066054679	-0.0795889135437353	-0.11294544391773041	-166.19486215538848	0.814957791062567

drug_217.txt	0.0933932434681312	0.36126657317018374	-0.035478636844552436	-0.1859800657595474	-0.07075995877145572	-0.028904170608418576	-227.73997493734336	-0.4555059757415393

drug_218.txt	-0.134747878182726	-2.768043937059722	-0.08147355165050141	-0.2825948787197318	-0.09081537451377389	-0.07883578286798526	-255.62155388471177	-1.120530335098723

drug_219.txt	-0.129256115826261	-2.7733773511466686	-0.48543376901176893	-0.9112840754868903	-0.05494783982424501	0.12445231752487335	-79.78508771929825	3.095241868663576

drug_22.txt	-0.0105341987019471	-0.5473424059409053	-0.2395912743757676	0.004368195774778649	0.007056319046736629	0.3236865195889717	-102.54135338345864	3.797472727958551

drug_220.txt	0.0125811283075388	1.292134873731319	-0.04051984863103891	-0.21094001235267806	-0.07901165607495174	0.06417821767793414	-152.17794486215539	1.600392089825589

drug_221.txt	0.203894158761857	-2.8259942855102125	-0.6983467986652485	-1.0715052340889701	-0.09861251736038772	0.15554827358227152	-133.50689223057645	1.200746430916367

drug_222.txt	0.238492261607589	-2.794603201123479	-0.6110036620642876	-1.0867237905942928	-0.0980477641877796	-0.04397269557015338	-210.1390977443609	-0.12069220489285863

drug_223.txt	1.32150108171077	-2.728738034024895	-0.5404622010901308	-0.8943077882792889	-0.07594067161575033	0.05938368700829125	-197.26378446115288	0.8729785663401727

drug_224.txt	0.0521551006823099	-2.7134828177510304	-0.6920590068567212	-1.1606887605885068	-0.09665718440061817	0.08075359513584242	-191.6340852130326	0.4728895968752415

drug_225.txt	0.248477284073889	-0.34395021853693475	-0.6562443688709665	-1.129412862420439	-0.1141395223911489	-0.015958937800382766	-119.80701754385964	1.7043537459357516

drug_226.txt	0.229539024796139	0.6034921863397004	-0.312924441213547	-0.6472776737538048	-0.03060375583690445	0.0041780910121173775	-105.89974937343358	1.809709092761594

drug_227.txt	0.118355799633883	-2.7191519218311266	-0.0885058156419335	-0.28743686405121466	-0.07406894815190218	0.15732909925956745	-223.59837092731829	-0.11054443806895421

drug_228.txt	-0.0473955733067066	-0.20245229467245235	-0.6818044378526587	-1.10219792813115	-0.12414589437023842	0.038082272176020684	-121.02756892230576	2.6766015358663573

drug_229.txt	0.179031452820769	2.794199733049041	-0.6269677706822463	-1.1481206292940351	-0.1185583759739245	-0.15869896516517973	-179.36152882205513	1.6081994033634153

drug_23.txt	0.108886669995008	-0.3593035375644746	-0.5207472509643851	-1.058087183062222	-0.04595637933744702	0.28605650779993463	-162.77756892230576	2.039083302087863

drug_230.txt	-0.0185887834914295	-2.6255485634486107	-0.5086175690992835	-0.8808250936127021	-0.08908228682677516	0.11582216231951614	-176.54260651629073	2.744367711670623

drug_231.txt	0.0125145614910968	-0.25318029149769006	-0.5739441867190748	-1.0693191168293725	-0.17150800500782204	-0.17000035888648082	-137.58145363408522	1.1211588451393373

drug_232.txt	0.0592943917457148	-2.6972956058468167	-0.7152332983949883	-1.2249742890315707	-0.12815034739590794	-0.24274023847449155	-178.8139097744361	1.05040917237576

drug_233.txt	1.31875520053253	-2.674738900603955	-0.025936142128464457	-0.20301807913539327	-0.09556867150197089	-0.14226057429783265	-265.05075187969925	-1.0601722106782292

drug_234.txt	1.39364286902979	-2.7720851886594264	-0.03524613316159059	-0.2410041564094429	-0.08008392813535749	-0.039041178309949263	-176.58395989974937	-0.10586339723350757

drug_235.txt	-0.0336495257114329	-2.748874101715538	-0.6525452846594757	-1.1446357435382857	-0.13307454642950375	-0.21794566558290976	-205.2593984962406	0.01715826557412229

drug_236.txt	0.0516558495589949	-2.724452401546584	-0.5224912061727869	-0.9225780633086333	-0.08893411386115659	0.03972611126275539	-178.8452380952381	0.6134748474363395

drug_237.txt	1.31910467631885	-2.758901848942942	-0.6900783029977284	-1.1939204283456546	-0.11038030155683683	-0.08534264591964348	-218.0889724310777	0.08217759759324594

drug_238.txt	-0.116125811283075	-0.42563499233052177	-0.665910208768533	-1.0836378739863566	-0.14059351695983496	-0.1445893463373735	-103.10714285714286	2.502301567190358

drug_239.txt	-0.136861374604759	-0.32577831671752167	-0.7311722118028565	-1.2446027347207664	-0.15474152886634926	-0.2283566464655629	-146.98997493734336	1.5436406760239934

drug_24.txt	-0.135313696122483	-0.5578869448178472	-0.5546887945304986	-1.0888391187250706	-0.26031707098012175	-0.027333540179462917	-122.22932330827068	1.3956700129418294

drug_240.txt	-1.41840572474621	-0.31255759742807393	-0.7287022921016797	-1.2787947090756955	-0.14558406670359303	-0.19171273349043508	-197.22305764411027	0.32351146689454136

drug_241.txt	-0.0190713929106341	-2.7496567649365544	-0.699064063080491	-1.179700807887169	-0.12765748963522303	-0.13458932522640404	-237.38972431077696	-0.6459984911210438

drug_242.txt	-0.0374604759527375	-0.35215262241019607	-0.6957885454679569	-1.2373557248311355	-0.13649958808080276	-0.12547971695408253	-185.437343358396	1.1354986071489694

drug_243.txt	0.144633050424363	1.144472258515143	0.053901146742215356	-0.19395994698355234	-0.042727838612172366	-0.019657575745535855	-274.2838345864662	-2.316034037337744

drug_244.txt	0.271243135297054	-0.6661747682182326	-0.5384558597079402	-0.987370281660627	-0.08798912237640814	0.0812330482028067	-156.34649122807016	0.5490499588933095

drug_245.txt	0.14982526210684	-0.6804562506043099	-0.4824851157604534	-1.0750981366196959	-0.09457021372102829	-0.06568507017410762	-163.67105263157896	0.41446090823716225

drug_246.txt	1.57683474787818	1.0505452679244183	0.038009733915176286	-0.16548519733290024	-0.04423999033435204	0.11137009812627631	-235.80889724310777	-0.21669302401283297

drug_247.txt	1.51288067898153	-0.4070695402445209	-0.44048312534707945	-0.918169887398126	-0.07305169434685366	0.07780838343877608	-241.578320802005	-0.8192797548000637

drug_248.txt	0.157114328507239	0.834715195306013	0.0795849013891059	-0.21704532884618027	-0.03942154699627191	-0.12835643535586827	-298.0676691729323	-2.0676767551572404

drug_249.txt	1.44832750873689	1.6960661129009544	0.01187126597267979	-0.23219850892689792	-0.035879436984215224	0.06219191211479637	-232.77694235588973	-0.6233651467002056

drug_25.txt	-0.0377933100349476	2.5689958103929964	-0.4804992970408846	-0.8856122048222326	-0.06801557131514427	0.06810877048366547	-114.48809523809524	4.096116512000669

drug_250.txt	0.160659011482776	1.465716554132126	-0.0017824782686204355	-0.3333180255680737	-0.02606667468669044	0.0811645549075261	-262.74122807017545	-2.7632573489755448

drug_251.txt	0.180878681977034	0.9046674549282658	0.07883453797606274	-0.2016331790733839	-0.001198591687597898	-0.00027397318112245097	-225.58270676691728	-0.4788057298230419

drug_252.txt	1.33080379430854	1.3491911461952977	-0.06694332646128326	-0.37509356059528925	-0.0592530945994989	0.07876728957270464	-209.83646616541353	-2.464941937881164

drug_253.txt	0.173639540688966	1.3309127166823616	0.01300843875652552	-0.2673284191697222	-0.019729981414582758	0.06486315063074027	-218.14912280701753	-0.5933734826554283

drug_254.txt	0.101897154268597	0.8901310396519599	0.06507418583802935	-0.16428221974628376	-0.02045590705548351	-0.02102744165114811	-259.71177944862154	-1.8376923186473586

drug_255.txt	1.39006490264603	0.8522939412319408	-0.45122050952544024	-0.8603949697126674	-0.05179477148576325	0.14068522850637857	-182.76315789473685	0.44651635412475915

drug_256.txt	1.53444832750874	1.4873240357441424	-0.006517595986503533	-0.18767465018128887	-0.038080163240635755	0.15650717971620012	-256.9342105263158	-0.7031404370144538

drug_257.txt	1.45561657513729	1.321483686121585	-0.0593004053591889	-0.28537697131524703	-0.06751290587650469	0.06191793893367391	-220.2800751879699	-0.4260587654611954

drug_258.txt	1.46894658012981	1.7794819091377516	0.010198826547153206	-0.132018607656593	-0.03864311000911365	0.15931540482270526	-280.1033834586466	-1.6090895265534244

drug_259.txt	1.56500249625562	1.03447608061187	-0.003675824063193278	-0.19487776919552569	-0.03888705100283399	0.16191815004336851	-221.3264411027569	-0.28395831357437196

drug_26.txt	-0.0598602096854719	-0.34886132570381245	-0.6254114265689079	-1.2939699593639626	-0.1112340938791705	0.0031487471781393083	-128.03195488721803	2.061264292404928

drug_260.txt	1.41893825927775	-2.648187723484381	0.013860030881618413	-0.1597718280740874	-0.0396347250641359	-0.1324100433735173	-256.73057644110276	-1.1982013499180661

drug_261.txt	1.48086204027292	-2.805672512188045	-0.44159824963984945	-0.7605415546393284	-0.039370811159469166	0.036830593120875756	-230.46303258145363	-0.8708725507170825

drug_262.txt	-0.0272591113330005	0.5466075037978304	0.1481229749277253	-0.052980946596365874	0.0062344673060963736	-0.0781055111221884	-229.48872180451127	-0.7862462803613932

drug_263.txt	1.37826593443169	2.5687444444261702	-0.4187292970313854	-0.7388090368900964	-0.04401678314260615	-0.017508766065919643	-170.5751879699248	0.29228616763648724

drug_264.txt	1.49593942419704	-0.7376355512911408	-0.2985624619016136	-0.5933424437928818	0.020029340551684656	-0.08036387542623771	-147.41290726817041	0.6564147623733753

drug_265.txt	1.42764187052754	-2.725598587216072	0.01997042690075221	-0.10273735373269649	-0.046020187966631765	-0.06305891528428871	-212.32456140350877	0.2252534336273689

drug_266.txt	-0.0303544682975537	1.1917283440847604	0.08783037626462512	-0.1130595044767238	-0.04169823621585513	-0.17310424575329145	-262.4918546365915	-2.399352926381632

drug_267.txt	1.40257946413713	-2.7596334965986244	-0.3438113428486973	-0.663818554033905	-0.0060930748811586066	0.026673967162751243	-190.29135338345864	0.18909284113329178

drug_268.txt	0.206157430520885	-0.6742266649087378	-0.44849823461778127	-0.8297929616542312	-0.05371092256270497	-0.2184187541903746	-196.19110275689223	-0.6790675942370327

drug_269.txt	1.3014311865535	2.858488137078598	-0.3930385813551436	-0.6767434286843113	-0.008353495790788621	0.13528257530620724	-143.55075187969925	0.3822310406798068

drug_27.txt	-0.0616075886170744	-2.7526312497737524	-0.5836609497238031	-1.0674596781749965	-0.10487491468599613	-0.004449316664762066	-133.31328320802004	2.3184437190755975

drug_270.txt	1.49866866367116	-2.755438475561555	0.06986490106686072	-0.0302439650138574	-0.016787412704058327	0.02482688313253449	-190.5795739348371	-0.28397627255887314

drug_271.txt	0.249093027125978	-0.71826968334433	-0.5778138766760462	-1.050927387067168	0.010846975486976634	0.22522018224638038	-132.83333333333334	0.8481153255467122

drug_272.txt	1.37585288733566	-0.3297275054942418	-0.51882110074932	-0.9562455472631124	-0.034762125478578904	-0.051159301122404945	-191.35651629072683	-0.892350554497257

drug_273.txt	0.0739224496588451	-0.6612686913467873	-0.45310456417646844	-0.8684717292060398	-0.08195302119427675	-0.2150332122043331	-177.09273182957392	0.6679764301910414

drug_274.txt	0.0387751705774672	-0.37296781467023654	-0.49660352889551784	-0.9542190985106536	-0.05377918986713255	-0.16311877760632165	-132.82142857142858	2.3843296433497065

drug_275.txt	-0.00825428523880845	-0.37781649716885607	-0.25659388751209633	-0.26098963117953883	-0.10182599596810891	-0.1819270224036963	-119.83458646616542	1.3552907478601923

drug_276.txt	0.111166583458146	-0.7769896918907608	-0.2001054178774412	-0.09727415463894729	-0.050835725051564924	-0.16593427194895122	-151.3546365914787	0.9428792497026324

drug_277.txt	0.141620901980363	-0.8128519806077255	-0.47259695122061385	-0.9240990914081058	-0.05955291521722463	-0.14745663921141697	-155.8890977443609	1.401684560023597

drug_278.txt	0.098934930936928	-0.24954477533607977	-0.2719742773516053	-0.25033836944711974	-0.060049569239073244	-0.12919775377035153	-148.15977443609023	1.4323814760158187

drug_279.txt	0.0986353802629389	2.5825968771900847	-0.23151593540353724	-0.2163561562481085	-0.02152702109158557	-0.07626018817042984	-142.49749373433585	1.7510054603866017

drug_28.txt	0.0470294558162756	2.7246707076879315	-0.61066641534088	-1.1179105202418684	-0.09120565282203759	0.11301264328495648	-112.16979949874687	3.145804550641794

drug_280.txt	0.0849558994841072	-0.6438680052974701	-0.20287555050776349	-0.0007313077406138069	-0.05372225102199695	-0.1000085802763235	-147.55701754385964	1.975426080946134

drug_281.txt	0.0785654851056748	-0.6090977107767308	-0.5208857522392325	-0.9758317487360794	-0.0602047860932536	-0.1548457991191508	-168.47055137844612	0.4823698335527053

drug_282.txt	0.0186553503078716	-0.2896913686636333	-0.5453377675624969	-1.0019275684967877	-0.06625304091387266	-0.10409686672232665	-125.19235588972431	1.6364602554603773

drug_283.txt	0.0596438675320353	-0.5660441237033317	-0.2694252786826691	-0.40612172374163485	-0.0471921550054641	-0.11928050956881582	-136.04448621553885	1.5522450150810192

drug_284.txt	0.17941421201531	-0.7679383217969253	-0.21232124998687207	-0.19856681152197292	-0.030085013661296817	-0.1668234498283149	-146.92919799498748	1.2554630608632795

drug_285.txt	-0.135396904643035	0.7009382372665817	0.1675194759101592	0.0799095554826934	-0.037780917077490296	-0.13015305399783234	-254.4830827067669	-2.9554214812624635

drug_286.txt	-0.156315526709935	0.7618156125443003	0.12908920388236939	0.005611730291674	-0.012678214871226678	-0.05512525566066888	-257.38220551378447	-1.43911022124888

drug_287.txt	0.177117656848061	-2.6575847381938065	-0.4441641146823254	-0.8551769567463203	-0.01064748536234141	0.013474464787280867	-202.546992481203	-0.45682970033957443

drug_288.txt	0.160991845564986	-2.7096223258738448	-0.004543196577674602	-0.09480238066388952	-0.018392828304541715	0.011353340495869769	-184.48182957393485	0.47376983984992665

drug_289.txt	-0.0598435679813613	-0.5400000855674334	-0.46434252540996096	-0.9908075768598105	-0.0513608140927232	0.0006155530883711825	-94.74498746867168	1.416425911797749

drug_29.txt	-1.34469961724081	-2.7782596031090883	-0.4239785341058204	-0.7840077945541135	-0.09459382160037078	-0.1261552402024075	-158.53822055137846	2.253943856365169

drug_290.txt	1.40941920452654	-2.7910104588692097	0.011547374862156956	-0.1158461740837064	-0.06071562175182705	0.12992616797705714	-115.63471177944862	2.193961776189014

drug_291.txt	1.45774671326344	2.741637589547695	0.08700260650372099	0.013412600624151949	-0.05349144712963672	0.1214101803465756	-122.7155388471178	1.1571164816564279

drug_292.txt	0.242469628889998	-2.837542050981588	-0.5681518474602437	-1.1407272539448439	-0.02743036435409408	0.2531473520353404	-107.60588972431077	3.3642053902374847

drug_293.txt	1.55748044599767	2.9310219940966293	0.07767869310678621	-0.038452016497857844	0.001544573770851286	-0.020663712559728785	-163.51754385964912	1.1174244674418725

drug_294.txt	1.42324846064237	-2.668460307044261	0.08462512735543526	-0.017280780280878594	-0.024601490913682435	0.08565959047249896	-115.33145363408521	2.082101807525591

drug_295.txt	1.43862539524047	-2.7490567769326275	0.0656937923536973	-0.03664754503615236	-0.03388879159794053	0.10296939589545602	-127.48809523809524	1.8467086739894347

drug_296.txt	0.246663338325845	-2.8309776356210095	-0.6080860873581302	-1.0678217568043642	-0.05406901498581376	0.1460044457414639	-91.47117794486215	4.310963100728233

drug_297.txt	1.28537194208687	-2.840982333504041	-0.05624911935174842	-0.24275600951791698	-0.06268170170446795	0.09058570110670018	-72.33959899749374	3.281132988531103

drug_298.txt	1.25999334331836	-2.8539546913787177	-0.05993532138467167	-0.18726361423161186	-0.07080739735888736	0.05836072737463388	-169.14411027568923	0.4615905773685277

drug_299.txt	0.166200698951573	-0.711124531833482	-0.32030790404763165	-0.6441337326252118	-0.08446522421349714	-0.07491793256181019	-246.9392230576441	-1.1277197986418952

drug_3.txt	0.0963554667998003	-0.39523372331486173	-0.27403885299315084	-0.181056874256046	0.0024163732307928925	0.27042757837128206	-148.10651629072683	1.992544039123774

drug_30.txt	-1.15987685138958	-2.759028430239771	-0.018283079356011367	-0.14033782873476208	-0.09729754988982774	-0.08001924894010548	-223.2487468671679	0.9482827540609335

drug_300.txt	-0.0124812780828757	0.8246683440537831	0.13137896320507644	-0.0021957221403963167	-0.043725663168068155	-0.06424469285437423	-221.031328320802	-1.1910802849217421

drug_301.txt	1.38280911965385	-2.806625154461129	-0.4094598110609532	-0.7580573727967735	-0.07955048019894906	0.016420368780670727	-111.5219298245614	2.0036995902801022

drug_302.txt	0.303344982526211	-2.700407505055974	-0.0067184594570871	-0.15030605852587425	-0.022612240776975278	0.28769854467800177	-128.70238095238096	1.436093247945613

drug_303.txt	1.4388250956898	-2.7955308578403786	-0.11152266199006056	-0.2728658821555944	-0.06587647509355836	0.012246858382250252	-149.45739348370927	1.1772074300485809

drug_304.txt	1.43742719254452	-2.7789980822402542	0.06364230389820857	-0.10331697759012959	-0.04398308241280347	-0.013204713227789378	-219.29260651629073	0.3947575510486677

drug_305.txt	0.0933599600599101	0.6970045157797222	0.10648738566283011	-0.044423465435594056	-0.020871282533363216	-0.02285167988643343	-219.95551378446115	-0.7340704937096789

drug_306.txt	1.3678315859544	-2.938582547707721	0.07005065995816748	-0.029320452966502986	-0.025015761577479596	0.036740575146750755	-143.7800751879699	0.5881999295159069

drug_307.txt	1.37427192544517	-2.7075230948663593	0.08221098545192074	-0.05311459991719092	-0.04824842760454795	-0.1135057991963864	-169.87155388471177	0.5463608679798851

drug_308.txt	1.39598934930937	0.4264269926889141	0.04358156507101024	-0.07201859967105606	-0.02146659845221886	0.09274246236110635	-79.82142857142857	3.3952129194581007

drug_309.txt	1.44601431186554	-2.805995669433596	-0.3934636414871545	-0.6954950586320189	-0.0630740736495952	-0.05110839782983765	-158.25438596491227	0.8183702090524121

drug_31.txt	-0.0339990014977534	2.7892352594153222	-0.6040779802069041	-1.2132189739571306	-0.08536426100667721	0.10158132200779857	-119.1986215538847	1.9500001092753043

drug_310.txt	1.40582459643868	0.43065304555663886	0.03754170813092478	-0.0793445166018818	-0.027094839980624164	0.21900666861219584	-101.765664160401	2.886276595249244

drug_311.txt	1.28701947079381	-0.2730586115650736	-0.5616280764200865	-1.0117329673388433	-0.08482606580156414	0.05247676189489354	-84.95927318295739	2.079815006830087

drug_312.txt	0.127142619404227	2.425469445214572	-0.5760767928526953	-1.05743747291617	-0.0727257130334265	-0.049808451968034545	-115.25814536340852	1.8647843293542499

drug_313.txt	0.316907971376269	2.6667281156297653	0.07772363363368673	-0.011362226505580997	-0.020819034712664462	0.12920998905861256	-119.75501253132832	2.986511045033468

drug_314.txt	1.42908969878516	-2.766497427174405	0.04944457200960814	-0.11220547223659211	-0.02525052664195319	0.06554463871617733	-166.96428571428572	0.8495953288623628

drug_315.txt	1.20975203860875	2.763590670581669	0.044833231426114145	-0.039864280275877684	-0.03785520016123189	0.20703348304295677	-89.10964912280701	2.9690980203133

drug_316.txt	1.29768680312864	0.5191460775529213	0.1448555940230411	0.07785284858787228	-0.03332798337284219	-0.08305969874889277	-201.38471177944862	0.11577896537840218

drug_317.txt	1.35315360292894	1.1267921624383717	0.12452682837219589	0.07729237021549484	-0.03927843281131635	-0.08179536241438777	-202.8859649122807	-0.4185515211782642

drug_318.txt	1.40537527042769	-2.8027223241410333	0.09661707915059006	-0.014604604384896192	-0.045895698067814614	0.07136018599266486	-221.93984962406014	-0.47844833173634826

drug_319.txt	0.195956065901148	-2.7585032837564327	0.019979171176387728	-0.06503896450175628	-0.05674446631503279	0.22954307191312623	-144.6954887218045	2.115306419461516

drug_32.txt	0.0379930104842735	2.8048215435001884	-0.4879402074990695	-0.9094975276053232	-0.07703221770542218	0.16318724505835025	-93.04949874686717	3.4236649937549224

drug_320.txt	1.27139291063405	2.820381370942107	0.020741259730222533	-0.150179004802922	0.06676811195637031	0.41814500827731566	-136.88972431077696	1.984847573630485

drug_321.txt	0.167648527209186	0.604034973485549	0.08710342338687851	0.0035876496108079303	0.10314191475274458	0.4363028821430718	-110.59335839598998	2.317499454532397

drug_322.txt	0.028207688467299	2.6486192119035756	-0.4091190596060795	-0.7303554296809409	0.04139653022988751	0.26730992010866894	-91.29824561403508	2.4261606838296084

drug_323.txt	0.0184889332667665	0.5099251270474143	-0.0114630890368638	-0.11071294773295276	0.072639743514091	0.14905160771203996	-67.1390977443609	3.9389930860187534

drug_324.txt	0.126976202363122	-2.7444226174949358	-0.39577043382199417	-0.6894651774331533	0.060486262076413784	0.22684443670840876	-148.94423558897242	2.0567471549708034

drug_325.txt	0.123614578132801	-0.39821136895219333	-0.5833252971681061	-1.006047856519468	-0.022069506761282696	0.17740840103449665	-108.2781954887218	2.5878934971742704

drug_326.txt	0.152970544183724	2.832988453357504	-0.3840014993071046	-0.7619009575180012	0.029540101838915367	0.20477568233561452	-104.9342105263158	2.498723144677493

drug_327.txt	0.203694458312531	-2.788954779045085	-0.524962845532562	-0.9468559755218675	0.016300047086774336	0.27066241206805586	-120.03195488721805	1.9493249822484457

drug_328.txt	0.245548344150441	0.9008623937289749	0.14420534311171695	0.05979142963028139	0.09596480544000442	0.29423752075539494	-167.35902255639098	0.5614131115260599

drug_329.txt	-0.0241803960725578	2.4823842871811506	-0.537578830296798	-0.9706240719657824	0.02015608205890528	0.24059673101647394	-139.98934837092733	2.096925013049055

drug_33.txt	-0.0302046929605592	2.520167696044498	-0.49223912744317494	-0.9561005083439484	-0.08133605156346735	0.00034225512805862053	-143.7625313283208	1.3183620274724221

drug_330.txt	0.274704609752039	2.64195815405365	-0.5611061537393647	-1.0600874677862107	0.029986035538418145	0.12240854890514834	-146.22619047619048	1.5449277487786317

drug_331.txt	-0.00108171076718255	-0.7919571009096147	-0.34782391593095885	-0.7653881528422957	-0.03955034722266527	0.016146695967659552	-113.95739348370927	0.818170076776211

drug_332.txt	-0.0252953902479613	-0.5269898284417718	-0.5496226123188097	-0.9044793289887698	0.009646094998691485	0.14142284743667044	-118.234335839599	1.277739072768741

drug_333.txt	-0.0498086204027293	2.4704987346730287	-0.49817216200000025	-0.9062767510610623	0.04826348300991678	0.3856734117360037	-115.93796992481202	2.3801323272650627

drug_334.txt	0.0250624063904145	2.513816091571751	-0.5118381107991823	-0.9532531017605366	0.04454664381422902	0.2284483806610815	-103.11842105263158	2.8807371411531895

drug_335.txt	-0.00657347312364776	-2.7563946351848108	-0.5611650744725164	-0.9982220429291699	0.02786097293950203	0.21134382984788283	-166.25438596491227	2.038336742117764

drug_336.txt	0.0155433516392079	-0.41659462766088307	-0.598319761127579	-0.9389651042818674	0.02277780814727862	0.19051374876023652	-145.921679197995	1.3883214823314245

drug_337.txt	-0.0149608919953402	2.4755618032419333	-0.5983648898544077	-0.9780465545568867	0.03587766190688477	0.22321820985105822	-88.69736842105263	3.235784664894651

drug_338.txt	0.218805125644866	2.8153845241390933	-0.42666775818547253	-0.784398236880301	0.0340717081560594	0.17576636415642957	-100.06641604010025	1.5876839567540806

drug_339.txt	-0.00234648027958062	2.678840987798821	-0.6023415025811988	-1.0231769242072444	0.0007752647821978604	0.16516154265224642	-112.43609022556392	3.779688915277637

drug_34.txt	0.132601098352471	2.539289679929841	-0.4059730184812163	-0.761540456145396	-0.04766998146289778	0.191525969661604	-117.5657894736842	2.147058081954161

drug_340.txt	0.110151439507406	2.8066976491968747	-0.5992198542585203	-1.1000791147293039	0.017901466247030838	0.12472638452984472	-151.62468671679198	1.87563191883414

drug_341.txt	1.39781993676152	2.572431283193417	0.10166231977928258	0.0008990578240045122	0.0769419938718379	0.043480512600872795	-84.67794486215539	1.8251527994304153

drug_342.txt	1.55653186886337	0.14418951830134502	-0.09115290824943703	0.11642661398821513	0.08509482849628153	0.11949443785589983	70.94298245614036	3.5129748759796264

drug_343.txt	0.156631719088035	2.7523807006939878	-0.39830643456473047	-0.7318001952810971	0.0499137710111705	0.08487423427440238	-127.2374686716792	1.401496513605739

drug_344.txt	0.000682309868530573	2.652817973479841	-0.60934476192506	-1.1547319566627317	-0.0011844990723830153	0.09311717462705357	-118.28822055137844	2.5667747400787584

drug_345.txt	0.245348643701115	-2.771536335965525	0.10985041639284093	-0.06300679957441313	0.03865744378774627	0.19615498872576242	-223.1578947368421	-1.3315832746497978

drug_346.txt	-0.0174238642036945	2.6877264582495997	-0.4985118061520134	-0.8903973601496527	0.02177000369400112	0.3444172351745685	-106.01190476190476	3.034086813878509

drug_347.txt	-0.0593609585621568	2.7766307814397604	-0.48844090574331633	-0.8268972487700861	0.002382508151204855	0.10211591669048412	-93.61967418546367	4.70054363994409

drug_348.txt	0.195074055583292	-2.6816295734874656	-0.4473827336789201	-0.7959551047042972	0.019777204241916715	0.1561303398228775	-182.90664160401002	-0.0297695981502443

drug_349.txt	1.50948577134299	0.7220509869620988	0.1107047359904805	0.015227609114076723	0.009098321801444476	0.17754523744100226	-84.48057644110276	1.3196328719646515

drug_35.txt	0.0290064902646031	2.7641656360268536	-0.412440726192564	-0.7581299944281281	-0.06484201945467465	0.14155672096504546	-153.20488721804512	2.143731262342387

drug_350.txt	-0.0258112830753868	-2.722666054754923	0.133052318676657	-0.010684833122337756	-0.034906190350887364	-0.02736728130111788	-155.62155388471177	-0.09691121936567886

drug_351.txt	1.44293559660509	0.28022284638536743	0.17342156241883921	0.12440425840001668	0.018730755150460514	0.18515233836631156	-185.6735588972431	-0.9986021384766597

drug_352.txt	0.28771842236645	2.5172853790797554	-0.4295083482148027	-0.8171152648881637	-0.017774449315913574	0.20581605092604036	-129.0012531328321	1.3422376045617836

drug_353.txt	0.193060409385921	0.5105917217626238	0.0192349335728208	-0.10001947167519964	0.010901262691849024	0.24145197319981132	-123.60087719298245	2.44045263100214

drug_354.txt	-0.0344982526210684	0.7851268742700432	0.14554321524210018	0.028317062184379294	-0.028727238921046908	0.010331148691172	-169.80200501253134	-0.33498646208755634

drug_355.txt	0.158512231652521	-2.7762051678845174	-0.6344849973775661	-1.1981524076765462	-0.11689052230049082	-0.08470173562695983	-161.06829573934837	0.7396723317283463

drug_356.txt	0.28141121650857	0.4674420434524381	-0.2953067473381443	-0.6004515136399002	-0.04084964808389282	-0.03143870265948238	-57.602130325814535	1.9173515548195812

drug_357.txt	-1.16247295723082	-2.713731425584145	-0.008128597721635517	-0.21495820891883166	-0.090134169550233	-0.059455418626678594	-159.281328320802	0.48371816131656775

drug_358.txt	0.0894658012980528	-0.6082967482818697	-0.6520441930259047	-1.236518214748224	-0.12206651832413667	-0.10488690136449724	-100.12907268170426	2.188327259682222

drug_359.txt	0.0323015476784823	-0.3902151834649489	-0.615136276814992	-1.102968892170899	-0.1331174420660497	0.09209090157826168	-164.36215538847117	1.2513898965067471

drug_36.txt	0.0678482276585122	-2.7429676319663163	0.03673633588814337	-0.05870018927307735	-0.05931165937045198	0.10952164097875855	-154.76942355889724	1.0249056939051173

drug_360.txt	-0.0180229655516726	-2.834521647573421	0.0623658375291245	-0.12725694775401347	-0.0743764952281828	-0.1457991911317055	-225.72932330827066	-0.879769060291579

drug_361.txt	1.17723414877683	-2.869919714435479	0.006755029988072481	-0.16830404333601634	-0.041526196934705426	0.020799489898765275	-174.96428571428572	0.578528076920687

drug_362.txt	1.22675986020969	-2.8346474186631445	0.054766425950082104	-0.07662088277320095	-0.050005126098724054	-0.03557807482683533	-250.9078947368421	-2.8455139551984767

drug_363.txt	0.0390913629555667	-0.2823386986224366	-0.5799353468122732	-1.0269572252000467	-0.09136152556873452	0.04338011179757633	-143.04010025062658	1.7906029457394765

drug_364.txt	0.0575137294058912	-2.727672329685628	-0.4032937784686119	-0.7222707392533347	-0.020637269959081755	0.21285267458900908	-144.42731829573935	1.76542035446584

drug_365.txt	0.0969545681477783	-0.3888746644162817	-0.6623234087283821	-1.1459164109414364	-0.14933110908148123	-0.025417797688787165	-206.42105263157896	1.2497527854845776

drug_366.txt	-0.0252787485438508	0.7156161680331077	0.10219784321765049	-0.00565562359613514	-0.033212861968377194	-0.09599238265778841	-160.99185463659148	-0.48055099239431226

drug_367.txt	0.0329505741387918	-0.26377326224966824	-0.6283794131383602	-1.069037697298901	-0.13886084833697787	0.07601262381385492	-113.74749373433583	1.8140966813360937

drug_368.txt	0.0605092361457813	-2.7581077141155474	-0.0689949383137923	-0.24218881161791164	-0.035654599559553427	0.24747287817050656	-159.82268170426065	1.329056356600873

drug_369.txt	0.0995007488766849	-0.22735821625377597	-0.6688804737388705	-1.110748659151867	-0.11767102252279395	-0.06253423777305436	-186.01002506265664	0.20705127022786604

drug_37.txt	0.196804792810784	0.6369980509646813	-0.34393727983895406	-0.6523407448990156	-0.06145535497713207	0.04894332207954524	-137.2111528822055	1.9458145054050964

drug_370.txt	0.0151772341487768	-2.7772222096567027	-0.6127762851887132	-1.0832311347628916	-0.07119796479871372	0.1326651674792956	-145.03947368421052	3.412728591634099

drug_371.txt	-0.1481777333999	-2.7714709793175767	0.03941034454396897	-0.12297595897231428	-0.05906422775899414	-0.09777128639913017	-199.35401002506265	-0.7659714959895902

drug_372.txt	-0.00564153769345987	-2.6434630147308464	-0.6296337195819057	-1.0558496014747552	-0.08823069901062648	-0.014983843052071035	-192.8828320802005	0.8941416448123639

drug_373.txt	-0.185521717423864	0.6994840529394776	0.20048393790161248	0.1620744984842461	-0.0028659433497626456	-0.042112125107532976	-121.72368421052632	0.15870565708379916

drug_374.txt	0.0142785821268098	-0.33487069740928466	-0.3639019851528431	-0.7840559134898584	-0.02769734046159297	0.1781610012702774	-107.39411027568923	2.2091843904719988

drug_375.txt	0.0214178731902147	-0.4252005042220083	-0.4642121147364071	-0.8652569616505159	-0.043441438012364095	0.1817871660426755	-117.9047619047619	2.09054638659669

drug_376.txt	0.0941587618572143	2.500686170564341	-0.5835671409462388	-1.0792778756834651	-0.056417419000551	0.020115296152095362	-153.37907268170426	0.8177819257314142

drug_377.txt	0.0625561657513729	0.17206295543795191	0.012126702034677084	0.41357219641705045	0.07525927365919606	0.14389333613612465	-64.75689223057644	3.240755938884695

drug_378.txt	-0.126460309535697	0.8080509554515815	-0.3545595950131768	-0.7754584664260644	-0.08652389370698085	-0.1385492337006568	-132.562656641604	-0.5473176252987915

drug_379.txt	0.0514727908137793	-0.4055459350507062	-0.3347385100859226	-0.6981978302187316	-0.07715014835833134	-0.10093103726448718	-280.46303258145366	-1.40636263353322

drug_38.txt	0.0728407388916625	-0.6110297251993527	-0.5622670602745654	-1.0951816951444728	-0.10018324157603246	-0.04771118250271753	-118.6829573934837	3.8299251148282987

drug_380.txt	1.35456814777833	-2.7555149929556513	-0.4511950824443669	-0.7815382695587265	-0.07428369273135256	-0.031247893191752047	-138.1422305764411	1.2243218576256094

drug_381.txt	1.37978032950574	-2.6941927757780126	-0.5096883876684357	-0.9450870899977408	-0.10349027632992724	-0.21948821362399334	-252.72932330827066	-1.856485099155547

drug_382.txt	0.177683474787818	-0.36465289670439893	-0.5720766465614726	-1.0841580816208674	-0.09214722806174148	-0.12153479597361613	-162.8815789473684	0.05733587188597024

drug_383.txt	1.39415876185721	-0.2603152205090463	-0.47289075977448825	-0.7960703725731739	-0.07640744948856155	-0.18594721107424853	-219.88533834586465	0.40073789309979396

drug_384.txt	0.0881178232651023	0.8740142325489428	0.08341916314971282	-0.07956474287278448	-0.012822371960659914	0.04815529651784791	-284.76629072681703	-2.5715474796375313

drug_385.txt	0.3618072890664	-0.33570937119614425	-0.5104378579318949	-0.9759553666695113	-0.09863746540161765	0.022075455759781024	-228.74498746867167	-0.0623673195408443

drug_386.txt	-0.00928607089365951	-2.5627809170265734	-0.009863529256856046	-0.21878248595093247	-0.07505019030017247	-0.11044572982451684	-262.43170426065166	-2.055304582449832

drug_387.txt	0.0102845731402895	0.6131463294414976	0.11665644149830426	-0.024761486104139807	-0.025621571110508428	-0.05897055856450031	-238.7092731829574	-0.7791419589975345

drug_388.txt	0.0382925611582627	1.0834382907454874	0.08732507260220171	-0.05879095439640214	-0.02269814291752042	-0.015914863454725852	-229.22994987468672	-0.9514607499813177

drug_389.txt	1.40222998835081	-0.5985560867946643	-0.4797949477367257	-0.9479727588723611	-0.06036980170300088	0.04808684549223618	-163.32393483709274	0.32208391207909837

drug_39.txt	-0.00923614578132803	-0.565083634889451	-0.5017568946513344	-0.9833586385680492	-0.08101471152650944	0.0004791653909885547	-83.87907268170426	2.2749472470308363

drug_390.txt	-0.0403394907638541	0.7270517862191153	0.10148198429508695	-0.08548736915719723	-0.05787413773452851	-0.13946896468388786	-240.94736842105263	-1.2069725226940455

drug_391.txt	1.36460309535696	-2.5775577517682287	-0.48957566664911323	-0.8673208755082219	-0.09577236063726778	-0.07355062701979753	-267.8953634085213	-1.375637976880847

drug_392.txt	1.48037943085372	-0.07175997919360233	-0.5450392388242904	-0.9573663385342608	-0.09521350855976375	-0.01721543294134861	-256.59147869674183	-1.481404515076051

drug_393.txt	0.206390414378432	-2.6371677353406193	-0.4605517756668272	-0.7751801885056144	-0.07760744887073028	-0.030289578833187912	-229.0012531328321	-0.27227820577214296

drug_394.txt	1.44593110334498	-2.7556357055106036	-0.44621266303629104	-0.8333219373317982	-0.05374540791404152	-0.10223160675110994	-147.80889724310777	1.4985519109670669

drug_395.txt	1.3599101347978	2.6490513372257296	-0.48442207837477314	-0.8468263459294243	-0.04033800746281692	-0.0037305808958389636	-188.937343358396	0.13429284134928823

drug_396.txt	-0.0320019970044934	0.6363584914956456	0.11494429931993472	-0.020791212365193656	-0.04679422737170324	-0.07101793907216376	-270.64912280701753	-1.877047858718681

drug_397.txt	0.331103344982526	-2.692284334354857	-0.6519212005288708	-1.1249235592284035	-0.058726490277844705	0.0015059483716783149	-198.95739348370927	-0.12989723130027983

drug_398.txt	0.0262106839740389	0.972427276550007	0.13194897232730318	0.0349596301602248	-0.030059675760810197	-0.057431394719913924	-247.8295739348371	-1.7599363051273693

drug_399.txt	1.4177566982859	1.2710639151782184	0.07012978449952006	-0.019301342855896464	-0.007068037230061199	0.06725313266351893	-245.52568922305764	-1.9763730876213055

drug_4.txt	0.149276085871193	-0.7067357463075807	-0.4844830356866161	-0.9445825152443301	-0.026708038892816387	0.27374123121443156	-157.77944862155388	2.4161709287887585

drug_40.txt	-0.0268097853220169	2.41223664072528	-0.5620289673782484	-1.0452666026366362	-0.0849101405000373	0.07885558150470616	-96.734335839599	3.0803732801235646

drug_400.txt	1.1044433349975	-2.8127108134932617	-0.06752692143845904	-0.2219634480170069	-0.0639030102977175	0.01167089986679896	-182.22305764411027	-0.3148810021257461

drug_401.txt	-0.180928607089366	-0.3910288815977153	-0.4901727017036618	-1.152121548577386	-0.13456772285130847	-0.11660632212957202	-187.75250626566415	-1.4234803553216673

drug_402.txt	0.0956565152271592	2.6598482454825385	-0.43425855297896054	-0.7735446865746323	-0.05603779831132167	0.09210085496057477	-132.55012531328322	0.42196344843269035

drug_403.txt	0.0424363454817773	1.1082261632231616	0.09100711068446496	-0.058756971070784814	-0.06507856621994165	-0.06711623061229549	-303.5921052631579	-2.6329029111843827

drug_404.txt	1.32399733732734	1.0988735706090513	0.07011339814657364	-0.017770371943279628	-0.02426605557742885	0.15541805365141959	-210.2174185463659	-0.9864176289520872

drug_405.txt	1.2795639873523	0.6640287658761639	-0.10278596622956265	0.10253501806589127	-0.013407502533447666	-0.02111714140121688	-93.02443609022556	1.7691114988286876

drug_406.txt	-0.0991013479780329	1.3442216897374795	0.06353204122498474	-0.07097291161405062	-0.04104864369184278	-0.11551110571978442	-260.86842105263156	-2.138818681458985

drug_407.txt	1.53686137460476	0.9074864897873958	0.04499444943316572	-0.08698375626930083	-0.028827946348690875	-0.14929874438850402	-256.05388471177946	-0.9847324713538097

drug_408.txt	1.49512398069562	-0.35639031029303375	-0.5170354157134858	-0.9118412046338811	-0.08219822399188643	-0.08149166112131452	-178.06453634085213	0.32052758449657587

drug_409.txt	1.50845398568813	-2.577278593243084	0.03210807354167253	-0.10330291047662182	-0.01495602775314277	-0.06523787374497594	-249.3063909774436	-0.663044235261913

drug_41.txt	-0.0109335996005991	2.7296238666803365	-0.5700195480597914	-1.0681667778313186	-0.08033250128458212	0.025189977425114467	-82.71428571428571	3.394368188447372

drug_410.txt	1.37182559494092	-2.769253802995046	0.04290899595687572	-0.09232455102413994	-0.05782080598878374	-0.050767176002907345	-238.40852130325814	0.02884724916105045

drug_411.txt	0.284573140289566	-2.7687824123217135	-0.4418764906602591	-0.7175189906071873	-0.06407364279018879	-0.03332023546282463	-143.16353383458647	1.73617160802403

drug_412.txt	0.0390414378432351	-2.7213910795822573	-0.4987126945062307	-0.8314379536585235	-0.11017523239756402	-0.23392584198644234	-211.6453634085213	1.4268948232555272

drug_413.txt	0.223880845398569	-0.4072735403638853	-0.6701335377040547	-1.1652994490074824	-0.12865767895244257	-0.07844281305570522	-160.27568922305764	1.3230170169997795

drug_414.txt	1.51146613413214	-2.7666290102698388	-0.4635980541250145	-0.7654191727054585	-0.06342126780010962	0.017720618038750677	-129.59335839598998	1.7877149358112832

drug_415.txt	1.49722083541355	-2.7642510449889883	-0.01507729696596502	-0.12466092541395696	-0.014281536833507625	-0.02483750880523692	-155.79949874686716	2.420315942031898

drug_416.txt	0.248627059410884	2.731961300684937	-0.4852235379362971	-0.8377016292738262	0.0059560492190929	0.14361964457904214	-135.8815789473684	3.4183321789976575

drug_417.txt	0.139640539191213	0.4831514963740099	0.11805698163375575	0.06606416463152676	0.01697865434447109	0.2203217034514129	-129.66917293233084	2.409334477091549

drug_418.txt	0.244233649525711	-2.691229408346165	-0.5624070043913628	-0.9608229459374752	-0.10825151765637053	-0.14771742990603362	-159.39285714285714	1.217409882615064

drug_419.txt	0.377034448327509	-2.764101838984894	-0.5206201639914242	-0.9291436348755283	-0.1113164533991651	-0.15278046363139097	-208.66854636591478	0.9281613064048556

drug_42.txt	-0.0262106839740389	-2.7318638076123003	-0.6110216850622204	-1.041468717894644	-0.11326786223674637	-0.16880022915851164	-180.16478696741854	1.8465242892358316

drug_420.txt	-1.25741387918123	-2.640257358427258	-0.4112712594907806	-0.7609773614763082	-0.12164837886412642	-0.3407226521989176	-254.1340852130326	-1.9281953508210419

drug_421.txt	1.4738558828424	-2.7918647418539746	-0.44648733564298704	-0.7752331981849564	-0.029478667915538763	0.014197020243400638	-178.75814536340852	0.45150538115300404

drug_422.txt	0.0602596105841239	1.282725074242511	0.11335991830301362	0.03255759444610501	-0.04213699353679604	0.019704779904093417	-239.5482456140351	-0.9634840698029642

drug_423.txt	1.39672158429023	2.8235446286850907	-0.5152100583051276	-0.8417724096736341	-0.04293385805063028	-0.23044829106346543	-171.00375939849624	1.0452590563759565

drug_424.txt	1.53421534365119	-2.6957784119558297	0.02802972510411389	-0.06927336771679549	-0.01816017080805975	-0.09798157743553518	-173.53508771929825	1.207510322022216

drug_425.txt	1.57205857879847	0.6359531303570719	0.1978285959418288	0.14124176609693068	-0.011280507306399004	-0.13527205208802587	-244.03320802005013	-1.3203737660922232

drug_426.txt	0.00224663005491765	-2.693457530581309	0.1319596910556599	0.02428461100797158	-0.07977936227119709	-0.21771045019036545	-276.33709273182956	-1.173919732079476

drug_427.txt	1.51179896821435	-2.78776234223873	0.13222322152172766	0.059132663518387585	-0.006179464900260482	-0.0378378577666557	-216.12719298245614	0.06846500896767464

drug_428.txt	1.52423032118489	-0.6290122194664608	-0.4772218405751296	-0.9028876085056468	-0.060523381188539505	-0.08504965136338703	-217.5438596491228	0.7927248287467927

drug_429.txt	0.261091695789649	-2.7556101511098703	0.0709573763710632	-0.03400926717323738	-0.05746176781779241	-0.1213075512845751	-171.27005012531328	0.47083064514587597

drug_43.txt	0.111582626060909	0.7660539870351124	0.07475606110702593	-0.023410410006217464	-0.06333657155212064	-0.0053392714995867535	-153.71365914786966	1.2871611418384024

drug_430.txt	1.52692627725079	0.6211491751629291	0.16258861704720323	0.0884439832655361	-0.011645467082682562	-0.1258296933686796	-251.0576441102757	-1.1145625868297016

drug_431.txt	0.278049592278249	-0.3723952757407747	-0.60150260442232	-0.9630280617094717	-0.05470793977576715	-0.16660973537397217	-228.03320802005013	-0.6475934562795164

drug_432.txt	1.38512231652521	-2.867992184697485	-0.48469370836750014	-0.8409299761570882	-0.0812936416020295	0.04460866852082214	-155.93671679197996	1.2775105692672577

drug_433.txt	1.37685138958229	-2.9305267979450518	-0.03970168761425419	-0.17515183334432471	-0.004882289292332261	0.015018052739404531	-108.83521303258145	2.47735523385095

drug_434.txt	0.271309702113496	-2.8753500892864348	-0.48148272827591176	-0.8795023868062246	-0.04620533202300302	-0.09308455923444128	-148.5952380952381	-0.19587860620889438

drug_435.txt	0.247112664336828	0.696379122909579	0.07230048246390683	-0.02529254033195516	-0.017415414211492557	0.05753970893560034	-195.1184210526316	0.8470087409759596

drug_436.txt	-0.000599101347978026	0.8808941224452249	0.12069845167771792	-0.11191282022902438	-0.014738731404012802	0.050697888610320874	-301.14411027568923	-3.272448613369129

drug_437.txt	-0.0481777333999002	-0.12469331387099403	-0.6247161407706268	-1.116321227061459	-0.13535195046030019	-0.048835719535076885	-175.56015037593986	1.4009218479344503

drug_438.txt	-1.236295556665	-0.4389529337501931	-0.40617700518311606	-0.8034403710257203	-0.10145200072866838	-0.2478087423252569	-205.04887218045113	0.23970226267379555

drug_439.txt	-0.0972208354135463	-0.3226795257794607	-0.6346575604548625	-1.205841907717228	-0.1413988803265405	-0.12328793150510294	-180.65162907268171	0.5704409210078272

drug_44.txt	0.0467299051422866	2.56370525883629	-0.48278656961535793	-0.9006161060997311	-0.0749874039646554	0.017112756402931025	-96.94047619047619	3.01985603020565

drug_440.txt	-1.21323015476785	-0.4631818433761845	-0.5825048355074931	-1.113585287117207	-0.14631959961146979	-0.24212379881696602	-195.36779448621553	-0.022646414677534702

drug_441.txt	-1.20968547179231	-0.5698177290160347	-0.5794649833664075	-1.1852976847272347	-0.1674571258906622	-0.2622608276294662	-211.96929824561403	-0.2903019873870544

drug_442.txt	-0.153320019970045	-0.21096178947547972	-0.596377266581789	-1.106151531365927	-0.1100409025886144	-0.09054813636097005	-166.81954887218046	1.7447336121497339

drug_443.txt	-0.151422865701448	-0.4254853889577108	-0.6081198788419787	-1.1593432059519175	-0.18097252147097556	-0.1123974975554855	-124.27443609022556	1.2222505495764733

drug_444.txt	-0.0294558162755867	-0.21824607944385138	-0.6767916923911401	-1.2918358138807404	-0.19337845293283737	-0.14171262793558775	-160.14348370927317	1.6676584089056066

drug_445.txt	-0.212381427858213	-0.17765705352446146	-0.6374444741063209	-1.2496285970147996	-0.17028736476573592	-0.20137028812500146	-148.90037593984962	0.8955527610868309

drug_446.txt	-1.52845731402896	-0.2163427208962182	-0.5788523343046521	-1.136282766242465	-0.2561623006574405	-0.31972670236990025	-185.70551378446115	0.12122253021513894

drug_447.txt	-0.105558329172907	-0.27894178592939783	-0.6015666323178306	-1.191759826318314	-0.15129140440094566	-0.165548294693241	-198.43233082706766	0.35761601903133905

drug_448.txt	-0.127708437343984	-0.7304092385433716	-0.5491574047877541	-1.0661400875803535	-0.08864609097810723	0.03424664764030637	-103.8358395989975	1.1019789498568686

drug_449.txt	-0.0929106340489267	-0.6095641509198293	-0.502067732186859	-1.0950990265407499	-0.1631463852855351	-0.15794553891709298	-278.4498746867168	-1.801285795599743

drug_45.txt	0.0434847728407389	2.396908251825497	-0.5636468579766765	-1.0839741795410895	-0.07709470416716155	0.04921628741482963	-129.13471177944862	2.3874901413818317

drug_450.txt	-0.238841737393909	-2.735132188690605	-0.47251157037854574	-0.8811839330069606	-0.07114987799308838	0.1289043817181132	-204.6046365914787	-0.061058987965224173

drug_451.txt	-0.210883674488268	-0.5624655050650355	-0.4382311625273807	-0.878494359744723	-0.09332865630308508	-0.019041136088010342	-169.3345864661654	0.36647905564407973

drug_452.txt	-0.341254784489932	-0.6055582647723698	-0.3994297144898178	-0.8268343709552761	-0.1390706065369351	-0.21917854489796076	-204.593984962406	1.2143029870134021

drug_453.txt	-0.181627558662007	-0.4990681831471332	-0.6968541769702471	-1.2958923623781595	-0.15155502353624067	-0.20356207357398107	-203.80701754385964	-0.4482260789819829

drug_454.txt	-0.317174238642037	-2.7862758585291827	-0.5352568498728564	-1.038970375530218	-0.0659964280022199	0.023082240509566494	-172.2174185463659	1.2740342272733873

drug_455.txt	-0.161357963055417	-0.41992637488683016	-0.6690127036388693	-1.2522423606161892	-0.08948200270441119	-0.07678098400956689	-210.3671679197995	0.300934969671327

drug_456.txt	-0.29367615243801	-0.2802328189199916	-0.6921450123553491	-1.3641161915210471	-0.16100982445848191	-0.15732909925956745	-173.328320802005	1.1858338550692717

drug_457.txt	-0.153220169745382	-0.36049481259572513	-0.6948592169395689	-1.2686016121088879	-0.08330363431253454	-0.049178186011479955	-166.7111528822055	1.6328496113547952

drug_458.txt	-0.225312031952072	-0.41782828009524786	-0.5912666390979269	-1.0294112442792551	-0.05609935738099459	0.06054807302806166	-119.27756892230576	2.784343799006207

drug_459.txt	-0.23556332168414	-0.03228130983050237	-0.6499309798215431	-1.0924654384317447	-0.09104993885526876	-0.048287773172831984	-131.3972431077694	2.3691165134570453

drug_46.txt	0.157064403394908	0.6950702412199239	-0.37069292036264034	-0.6900860059358438	-0.05933905347470341	0.0634551882066272	-122.9016290726817	3.331722328820581

drug_460.txt	-0.193659510733899	-0.3121655750338971	-0.6512303596225287	-1.171669311231827	-0.13192031516418404	-0.11034269869706712	-166.39661654135338	1.5946088831204555

drug_461.txt	-0.212148444000666	-0.00844248032505579	-0.6381208048424305	-1.2683069005498713	-0.16824905289439857	-0.18198668556058803	-193.43295739348372	0.2395185734799726

drug_462.txt	-0.0172241637543685	-2.840533011325878	-0.5411628497050077	-0.9670908227475206	-0.06369346875056098	0.17417844989859818	-151.95050125313284	0.8501017662063721

drug_463.txt	-0.307888167748377	-0.06359644262643888	-0.6311509304490159	-1.1335870859386816	-0.14971423330611514	-0.20609632549936371	-198.44172932330827	0.1709863463497724

drug_464.txt	-0.25581627558662	-0.022819957674911406	-0.7067817047090947	-1.3574387547725262	-0.14057648829741495	-0.1445208530420929	-153.20989974937342	2.001878639548793

drug_465.txt	-0.102446330504244	-0.2573742788634512	-0.6821985314767638	-1.2045952843982295	-0.1618673747268956	-0.046232974314413595	-122.54072681704261	4.768831569530664

drug_466.txt	1.31592611083375	0.7009660482006368	0.14659941464783416	0.0803338670135324	0.07318814703033931	0.22899572628710388	-129.6484962406015	0.990872640426243

drug_467.txt	0.305791313030454	0.6371005296780186	0.08797266385755265	-0.008969134438312543	0.0951488347771893	0.20611336618431048	-120.05263157894737	0.8906437803873437

drug_468.txt	1.32809119653853	0.497927592835854	0.14951662805856353	-0.005830715103505968	0.12438015867363247	0.3431172893127654	-154.32769423558898	-0.06846060206766602

drug_469.txt	0.30564153769346	2.4295643597291674	-0.47086989842338556	-0.9099971751977141	0.031901103367440835	0.26064360779390233	-128.6484962406015	1.0147670518717462

drug_47.txt	0.235097353969046	0.828091519217206	-0.011904561951549486	-0.1515721390622914	-0.03837748571449732	0.16907403326095855	-146.7982456140351	0.8859271523546505

drug_470.txt	-1.24108836744883	-0.4782769178113132	-0.5518600637647014	-1.0541361439908796	-0.10543026701829361	-0.020183369959574437	-91.57706766917293	0.915169604986792

drug_471.txt	0.0923115327009486	-0.5614045869123994	-0.5232089247410557	-1.0031164435878086	-0.01721021017124801	0.13947289525866122	-93.98245614035088	2.302733856864211

drug_472.txt	1.40673989016475	-0.7356521512596856	-0.44375544366945363	-0.8328923965533659	0.015760195140434342	0.21874797699818851	-113.95614035087719	0.9194147434642153

drug_473.txt	1.33463138625395	-2.6781349492397366	0.06954904968725922	-0.055675643323298274	-0.015505713233800246	-0.07293505339501243	-247.95739348370927	-1.225220657793428

drug_474.txt	-0.151722416375437	0.7456526211731688	0.1182755796881651	0.0049923382839112684	-0.02359363246057729	-0.14368068680068113	-229.0062656641604	-0.775584460132776

drug_475.txt	-0.138492261607589	1.2448458943797636	0.09376651510164813	-0.02504566426198168	-0.020673531533795888	-0.14597273585202536	-244.94987468671678	-2.229132039702156

drug_476.txt	-0.09900149775337	0.868943109711306	0.10498984832249939	-0.1030298474807329	0.05549564172748464	-0.01573618674814278	-222.96052631578948	-0.9113127473772767

drug_477.txt	-0.104243634548178	0.9671587366890063	0.12108947201275269	-0.015448659457598879	0.01830817899264187	-0.018815005894518542	-224.0125313283208	-1.719842426778874

drug_478.txt	-0.098701947079381	0.96703571027563	0.10950907823864262	-0.07286227331859951	0.03774813292754191	-0.03338808318736382	-211.765664160401	-0.435976971388951

drug_479.txt	-0.121118322516226	0.5748514187612238	0.13772982956915428	0.0034808455729282706	0.024068827038221607	-0.06982197184766435	-221.15288220551378	-1.2000775762108529

drug_48.txt	0.0928107838242636	2.64603015348249	-0.5856273377159502	-1.10079473621448	-0.06343123135148408	0.16986122005549337	-140.89786967418547	3.1356084107951028

drug_480.txt	1.3263105341987	0.5176053900066402	0.11264104334745684	0.05602724896436506	0.08027727191837807	0.23915992414846715	-166.95739348370927	0.7342083202840421

drug_481.txt	0.244283574638043	0.6155290894642936	0.17301501710207687	0.12872694122619016	0.09832656941516288	0.23854414977646424	-197.8032581453634	-9.060481600312019e-05

drug_482.txt	1.28117823265102	0.6431739101451508	0.16921311730002883	0.1336531996698505	0.07605843903861097	0.242953039750674	-172.265664160401	-0.1394148884501473

drug_483.txt	1.36380429355966	0.6236054819182246	0.1401218444379044	0.01715381812215866	0.08125530965953637	0.17871140663018056	-124.90538847117794	0.8381134665925152

drug_484.txt	1.29535696455317	0.5014511017919071	0.08930395578524097	-0.014507419573285607	0.055618338286949294	0.1693037426134693	-157.14912280701753	0.55325765590722

drug_485.txt	1.37358961557664	0.4007802479159359	0.1161993685934638	0.06303581101486933	0.056543105603024446	0.16201707921143477	-125.55764411027569	1.2686573755455568

drug_486.txt	0.236694957563654	0.6091746836822325	-0.38993250137435437	-0.6851199979913359	0.004529278308886	0.1267105124241758	-141.04448621553885	0.694388088141852

drug_487.txt	0.144233649525711	2.6253316471724286	-0.4001079150296158	-0.7308753333094631	0.00950461638659842	0.22926939910011504	-157.2875939849624	0.6506484370409518

drug_488.txt	0.0850224663005491	2.5149522907502933	-0.35850995006755415	-0.6581294289123218	-0.0020711662711405637	0.12185281999322738	-129.24498746867167	1.7831259176283714

drug_489.txt	0.0851223165252121	0.3935941735426652	0.06291725737175899	-0.02605415406449385	0.03450009816024203	0.19441365311625503	-152.765664160401	1.1033280261945535

drug_49.txt	0.17174238642037	-2.801085481062766	-0.45530854051964553	-0.830787328962932	-0.04776780165307559	0.1739682815921968	-70.531328320802	2.821172187374544

drug_490.txt	0.0171243135297054	-0.5399503105324217	-0.4410192789936971	-0.840633609164306	-0.008498364317628128	0.11001647083049389	-159.1967418546366	0.4524143129412153

drug_491.txt	0.17773339990015	0.3562910080433235	0.06091471234550769	-0.06715158514670722	0.044095006784287634	0.1924604057501115	-150.77443609022558	1.272689020995139

drug_492.txt	0.333150274588118	0.29513978417426107	0.0966177081060558	-0.01711527095629467	0.07364659506374256	0.2811352105066661	-105.31265664160401	1.890663650852091

drug_493.txt	1.23860875353636	0.5630404476895077	0.05334166820731295	-0.07597839101937498	0.04182345311458627	0.14956219231060922	-136.84962406015038	0.5184353113663857

drug_494.txt	1.49723747711766	0.2020246901129162	0.2780380455061038	0.7281350720186078	0.06391252888013016	-0.009578712453378744	-21.75877192982456	2.8822730110592096

drug_495.txt	0.257763354967549	0.5437329413328427	0.03245739488572047	-0.08045085674380537	0.041421712491333904	0.18561858542483203	-113.06453634085213	1.5058004508172058

drug_496.txt	1.20519221168248	0.5684631096606361	0.09202988818961569	0.008964782180080288	0.03860037050706398	0.1317734594648826	-131.37531328320802	1.1610902647237136

drug_5.txt	0.156665002496256	-0.4836631614791515	-0.5134658260431331	-0.9849398959110739	-0.027492001455432055	0.2310864379377622	-150.79573934837092	2.4485354336891967

drug_50.txt	0.112930604093859	2.535673443149664	-0.590944750517221	-1.093036359421021	-0.07860994203961755	0.11845449982108855	-136.17731829573935	1.7834822730956843

drug_51.txt	0.124113829256116	2.806222935605873	-0.45231462881706774	-0.8204418487558824	-0.05801699773385685	0.13262386212271546	-64.13659147869674	4.70572063095627

drug_52.txt	0.157613579630554	-0.12726800878199324	-0.6687987138782255	-1.181610454506601	-0.18473432819883695	-0.023512927297627228	-123.35714285714286	1.657568256065452

drug_53.txt	0.101048427358962	-0.2948144708914012	-0.6159238207117232	-1.107815495796908	-0.09283895199264006	0.045143451390932045	-130.43984962406014	1.9288889773050462

drug_54.txt	0.117873190214678	2.4463344617891174	-0.5712324719381402	-1.1030343386961214	-0.07355637680233564	0.1244781900749203	-89.3546365914787	4.2566485909246135

drug_55.txt	0.0925112331502745	-0.48287927449459156	-0.6442541115635513	-1.247646135511989	-0.15357740281717513	3.422551280586205e-05	-92.3001253132832	3.2049008098898994

drug_56.txt	0.0955067398901648	-0.5001602740806284	-0.5423472631624866	-1.0081003710336822	-0.125245983110485	0.04716356491301633	-133.6328320802005	3.4038254940502357

drug_57.txt	0.158662006989516	2.4857517401680114	-0.44224169759040505	-0.7884277695169818	-0.054425477852566136	0.10339527418650925	-128.97869674185463	5.376983480644034

drug_58.txt	0.138841737393909	-0.23959521323014504	-0.6196316751821787	-1.162502631530824	-0.09760768188926414	-0.026661674475766537	-115.96741854636592	2.7307042022403025

drug_59.txt	0.23919121318023	-0.24456556920240777	-0.6382525719339621	-1.1166538260029142	-0.0885558073522329	0.028304499090447917	-128.91478696741854	2.4091271723394674

drug_6.txt	0.0952071892161758	2.6970732179701553	-0.382986478886969	-0.7720462057301505	-0.004430551251106191	0.28876397078203564	-152.20488721804512	2.399056606127614

drug_60.txt	0.102196704942586	2.441489860633557	-0.6102929676992053	-1.1679434064640324	-0.06943691116706714	0.12584721058715476	-145.6422305764411	1.305115209373684

drug_61.txt	0.267348976535197	1.0349873261361235	-0.00016560443425706062	-0.1463763427315945	-0.02704053226142886	0.2550827469420898	-140.171679197995	1.5981872436225735

drug_62.txt	0.235796305541687	0.8057570340648901	0.06718098998795258	-0.04855053078926691	-0.010553231384709625	0.180128873897252	-135.7800751879699	2.8579885655609063

drug_63.txt	1.28392411382926	-2.670060141575575	-0.013277168000341344	-0.15685848592767426	-0.051824464922737255	0.06259846292192169	-137.53634085213034	1.9333585027308093

drug_64.txt	0.240339490763854	2.826054914653561	-0.6406775777490039	-1.3505670066051616	-0.09502018248955182	0.06314607112681549	-113.22305764411027	3.0633890986774572

drug_65.txt	0.0564486603428191	1.423458607671075	0.05723028552359222	-0.06249275818145661	-0.013632336201024338	0.07361907804540928	-153.99185463659148	1.3767595180471706

drug_66.txt	0.0713429855217175	0.3563323963863052	0.1320650709984552	0.03411226986019955	-0.018886808992714672	-0.002566913460439654	-234.97932330827066	-0.46366065521013966

drug_67.txt	1.29660509236146	1.3986801345083333	-0.021276127799393252	-0.19805358469892503	-0.01398728462255309	0.16034652749546371	-180.96616541353384	1.7242877734286843

drug_68.txt	1.39440838741887	-0.30261719144969385	-0.5728729447616481	-0.9332770578076068	-0.1039130188623599	-0.010301879354564477	-180.41854636591478	0.8532964637496825

drug_69.txt	1.35481777333999	-0.24929655397265937	-0.6385764163390566	-1.0881039470141063	-0.10222014736573123	-0.06944356548309409	-174.13345864661653	1.7258350750930456

drug_7.txt	0.110983524712931	2.6974210329424944	-0.48414935275865467	-1.0348355381053886	-0.03530056935685408	0.22184982235771844	-183.35902255639098	1.5373997772513874

drug_70.txt	0.271392910634049	2.5497552242336208	-0.44308170202877495	-0.985151739316813	-0.012300545119882347	0.30642101615088296	-132.5795739348371	3.2007530021329034

drug_71.txt	0.256665002496256	2.4858069166135337	-0.4822642728256077	-0.9036402410722535	-0.010310807271967478	0.292525457951703	-142.5031328320802	1.3050430280930914

drug_72.txt	0.219370943584623	2.4874420101648305	-0.42250845424069083	-0.8561000785112671	0.011279617405293646	0.26671942129608295	-132.53822055137846	2.392607580148404

drug_73.txt	0.244433349975037	-0.5738287457583587	-0.5188649247416247	-0.8999553237289253	-0.04791803232190355	0.1589775069832292	-125.42481203007519	1.5430195137856955

drug_74.txt	0.271542685971043	2.7125881967847087	-0.46804500178188096	-0.9276517877730132	-0.02694522541993955	0.22469049157048437	-141.57706766917292	1.668985160871961

drug_75.txt	0.258711932101847	-2.815946686998897	-0.45892900322223734	-0.8620829454074588	-0.014756347922576631	0.2718532482169622	-110.32268170426065	2.086149106477843

drug_76.txt	0.269995007488767	2.552698205506978	-0.46375976410309205	-0.9465289983032833	-0.020296082842034678	0.24734778104796507	-132.33145363408522	1.7565666879668123

drug_77.txt	0.188866699950075	-0.37366664847908004	-0.632127317802254	-1.1852661006121623	-0.14665086547196376	0.06259846292192169	-117.11591478696742	1.7833221297857136

drug_78.txt	0.207139291063405	2.651148488163508	-0.48968337261239747	-0.9240643606457919	-0.0604699289406622	0.14966816750003473	-106.3327067669173	2.4476479608999058

drug_79.txt	0.0487269096355466	-0.29601002432968404	-0.5482182040381054	-0.9406669472202572	-0.1863435711530702	-0.04699162908244859	-110.02568922305764	2.1646460925898054

drug_8.txt	0.125112331502746	2.624802055870479	-0.37645082435006694	-0.7604359074436808	0.0030708478078669615	0.26994864274861313	-180.5858395989975	0.8718190939252924

drug_80.txt	0.170344483275087	2.51478596850908	-0.6081476697670734	-1.1396794039140339	-0.07324699171216062	0.10592796213414306	-92.40664160401002	3.048608746756716

drug_81.txt	0.161957064403395	2.6014446495824464	-0.6106251494241324	-1.1400066853125157	-0.0766535953658295	0.15651327006120716	-120.11215538847118	4.673357754533687

drug_82.txt	0.0256448660342818	-2.6420859824679224	-0.43798547587171255	-0.7958637495276459	-0.06009093668418253	0.16383752980166164	-155.98245614035088	2.0929147865605224

drug_83.txt	0.054418372441338	2.485309084217042	-0.5912343636199805	-1.0290965069085871	-0.08434741489221181	0.055205752155855485	-167.3107769423559	1.9474720913064194

drug_84.txt	-1.43052088533866	-2.6132137851382744	-0.6699936660303552	-1.1403451344268412	-0.10894947681430904	-0.05123559267037549	-227.00187969924812	0.7300583804750953

drug_85.txt	0.102279913463139	-2.6346340002629605	-0.10224214159678197	-0.30552722596070536	-0.054624077671639425	0.21257466003720918	-165.41854636591478	0.7120929304426261

drug_86.txt	0.0293060409385921	-2.655240793178535	-0.5640072070198906	-0.9966554282908915	-0.08618181480518462	0.056437870616866524	-149.25062656641603	1.535179694450406

drug_87.txt	0.0557164253619571	-2.719059851449556	-0.06846001420090148	-0.22029682676916218	-0.06378861047494315	0.08854140162876512	-127.7687969924812	2.3702207473902703

drug_88.txt	0.173023797636878	-2.707638217054631	-0.608785395208165	-1.0297119194467723	-0.06917179326609682	0.10435358854507339	-189.1766917293233	0.7150013335948068

drug_89.txt	0.0655017473789317	-2.7391965748072913	-0.5004246479692644	-0.8530555516375098	-0.06561836142032192	0.14302841801569752	-108.45238095238095	3.6286643096858686

drug_9.txt	0.21762356465302	2.632434716240248	-0.4725226442026051	-0.9198962495116723	-0.01612185843598341	0.3191709181742873	-170.57393483709274	1.361910929527542

drug_90.txt	0.119420868696955	-2.656643103250588	-0.0497411891883624	-0.2042606558037024	-0.06759750099610119	0.13974276878633476	-192.45050125313284	0.9551558734065837

drug_91.txt	-0.0914128806789815	-2.759273540723657	-0.6748322055187904	-1.1653330373612265	-0.09818616188759136	0.04363752882747411	-196.02882205513785	1.3144484064194957

drug_92.txt	0.0152271592611084	0.8362602677434108	0.035727555535308736	-0.0640869110236475	-0.0571548486855173	-0.005099601408073445	-174.66353383458647	2.563914498023782

drug_93.txt	0.0785821268097853	-2.703045189218287	-0.6106812079191655	-1.0772241660417623	-0.05913294675645593	0.10000866231918265	-192.09649122807016	1.2297064796124395

drug_94.txt	0.0534697953070394	-0.1601552316146798	-0.6066032182943121	-1.10969229500434	-0.08072705279882132	0.009138211919165168	-193.81578947368422	0.7131164385709529

drug_95.txt	-1.330271259777	-2.58892522049872	-0.5239983561629364	-0.9601824218065709	-0.08108707799116432	0.061503246512134103	-184.3251879699248	0.6587041722829848

drug_96.txt	0.0559494092195041	-2.7090467886154634	-0.6513955347102999	-1.0603768008375165	-0.08621037930530558	-0.023170672169568605	-164.0845864661654	1.95113806736994

drug_97.txt	0.108337493759361	-0.15320148751090218	-0.5989024746684833	-1.024030273122864	-0.09477914116288473	0.12488889622859062	-190.87280701754386	0.3611271403789324

drug_98.txt	0.211382925611583	-0.26478485399296825	-0.5552479659708827	-1.0995989060948426	-0.08334616029697918	0.21558650516412503	-207.90914786967417	-0.2997756500305588

drug_99.txt	-0.0407888167748377	-2.6196059148242554	-0.6290396403745251	-1.0186672515612991	-0.09055520994880421	0.03302761985765687	-200.73370927318297	0.847604269278283

