	SScmap	SSfisher	SSlincs	SSlincs_Norm	SSpearson_corr	SSspearman_corr	SSzhang	SSzhang_Norm
log2FC_cell_1-O-caffeoylquinic_acid.txt	-0.237832576249189	-1.9408569856378246	0.12604199589308376	-0.06861439866931868	0.05271116679454673	0.14980418768107948	118.28584643848289	-0.6910101297271588

log2FC_cell_10-Gingerol.txt	-0.187946138870863	-1.980701691931242	0.13403672018681	-0.07565249667890916	0.09492393497871647	0.17558358267930557	127.64199814986124	-0.8870995135548861

log2FC_cell_1_3-O-Dicaffeoylquinic_acid.txt	-0.0953926022063595	2.498607938200262	0.12420788126858526	-0.08664323374340949	0.0685684614880464	0.12914366776623318	112.8168362627197	-1.7039593156270485

log2FC_cell_1_8-Dihydroxyanthraquinone.txt	-0.169289422452953	-1.9570073578218405	0.11685997181859908	-0.15633849793152965	0.0780654396876103	0.16090536256069837	111.93524514338576	-1.2110187754693325

log2FC_cell_2-Undecanone.txt	-1.32195003244646	2.4979333105499175	0.11069456787669135	-0.152004041764904	0.039147637902728065	0.10897653340159218	109.0777058279371	-1.291750145200218

log2FC_cell_2_3_5_4-tetrahydroxyl_diphenylethylene-2-o-glucoside.txt	-0.222826086956522	2.4982639586375903	0.18211740911351337	0.10648079389725229	0.06623428195553437	0.1473989331238287	113.99259944495837	-1.1214577512121993

log2FC_cell_3-Acetyl-11-Keto-Beta-Boswellic_Acid.txt	-0.180726800778715	2.512043941584163	0.13021545902979936	-0.10973066694783212	0.05878887661886286	0.11181350031527257	110.1840888066605	-2.159562356566307

log2FC_cell_3-Hydroxy-4-methoxycinnamic_acid.txt	-0.1095068137573	2.512250322301233	0.14498847456589325	-0.12443899887111431	0.09281940017220805	0.15516975553956192	117.75300647548566	-0.6385488528446672

log2FC_cell_3_29-Dibenzoyl_rarounitriol.txt	-0.173426346528228	2.5116717914644915	0.18311828911703193	-0.017907979285849918	0.08451534471283997	0.14400690746616737	112.88621646623497	-1.0808574357679324

log2FC_cell_3_4-Dihydroxybenzaldehyde.txt	-0.11404931862427	2.5116204397042035	0.1428301014615585	-0.1070650973462497	0.12849536618006913	0.1439452342723917	112.27567067530065	-1.2836296455813752

log2FC_cell_3_4-Dihydroxybenzoic_acid.txt	-1.29007138221934	2.499287288517234	0.15360102383558924	-0.03228504516560732	0.043696097365780284	0.11878257121192222	105.6854764107308	-1.189989617287644

log2FC_cell_3_6_-Disinapoyl_Sucrose.txt	-0.0356099935107073	-1.5550874630588092	0.1480563797147679	-0.03620068479149641	0.10996128913220454	0.19377717484312543	127.22571692876966	-1.7012712184682632

log2FC_cell_4-Carvomenthenol.txt	-0.12564892926671	-1.919870879756203	0.1917748953436792	-0.01242502960923908	0.09411198838033234	0.14746060631760435	114.19611470860315	-2.1275196807505354

log2FC_cell_4-Dicaffeoylquinic_Acid.txt	-0.166450356911097	-1.950707496354823	0.13611225723122206	-0.08180908391130548	0.07653674828772196	0.16250886559886554	126.15541165587419	-0.9855139602421611

log2FC_cell_4-Hydroxybenzyl_Alcohol.txt	-0.15590525632706	-1.9431595577213272	0.1592440700241471	-0.0722016409023023	0.05833633862824767	0.12784853069694432	117.23126734505088	-1.1351306564267936

log2FC_cell_4-Hydroxyphenylacetic_acid.txt	-0.0399902660609994	-1.971918235174145	0.17165274253104387	0.057170287313936696	0.10743961395402057	0.2083320485741813	126.29602220166512	-0.8618692678929852

log2FC_cell_4-Mthoxysalicylaldehyde.txt	-0.0035691109669046	2.511303309616776	0.1345374437370271	-0.10735887096774194	0.11036640847555869	0.16960128288306647	120.23404255319149	-0.6031765901488068

log2FC_cell_4_-Hydroxyacetophenone.txt	-0.222501622323167	-1.964521851588962	0.16246571420147815	-0.005920807408894113	0.05641508773573122	0.09398994731410668	113.88066604995375	-0.6610432720606785

log2FC_cell_5-O-Methylvisammioside.txt	-0.122809863724854	-1.9305650655142155	0.17529982080433626	-0.05098455343330455	0.10093416779955762	0.16306392434284647	110.24976873265494	-1.4791344175616523

log2FC_cell_5-hydroxymethyl-2-furaldehyde.txt	-0.213741077222583	-1.9335190303432996	0.17953050024092634	-0.006630388168856471	0.06118103615933553	0.1353726603375749	123.86216466234967	-1.373286818002195

log2FC_cell_6-Gingerol.txt	-0.167748215444516	-1.975718723761914	0.12265780390690079	-0.06277160377196456	0.034646138253459725	0.13210398106746488	126.11933395004625	-0.9581171236806051

log2FC_cell_6_7-Dihydroxycoumarin.txt	-0.140817650876054	2.498383964027924	0.14315512041003908	-0.07806790193016627	0.07572625924727533	0.16762774068224537	119.6827012025902	-0.8093462003542934

log2FC_cell_8-Gingerol.txt	-0.0459117456197274	2.486328398615261	0.1424743009989357	-0.0323369140115764	0.07621257696847306	0.14752227951138003	118.0027752081406	-2.0080545806102412

log2FC_cell_8-O-Acetylharpagide.txt	-0.124513303049968	-2.039517111614879	0.2231294209349715	0.07412409504216588	0.08742111324319661	0.15122267113791965	130.06567992599446	-0.35790763521910535

log2FC_cell_A-Terpineol.txt	-0.129704737183647	2.4990282559446975	0.16093719752364322	-0.03813027094921945	0.06887454549896076	0.10231582847382084	113.53931544865866	-1.3800150552646755

log2FC_cell_Acevaltratum__Acevaltrate_.txt	-0.178942245295263	2.4987892051685727	0.16463847297849873	-0.051410018756375464	0.07091769826550974	0.1192759567621275	111.71415356151711	-0.9564695109149354

log2FC_cell_Aconitine.txt	-0.154445165476963	2.5129184819358086	0.16045013993534413	-0.04088661623631834	0.07304069060457455	0.13087051719195167	106.96114708603145	-1.7351622989858375

log2FC_cell_Agarotetrol.txt	-0.0987183646982479	2.511492170900186	0.17422752115556284	0.09223693520671183	0.10596089006765924	0.11909093718080051	112.2886216466235	-1.1476150561076581

log2FC_cell_Ainsliadimer_A.txt	-0.196057754704737	2.486435399569262	0.18449557164638705	-0.0137981726492864	0.09781164928713033	0.14326682914085945	114.17206290471785	-0.6862586890539446

log2FC_cell_Alantolactone.txt	-0.0619727449707982	2.4993381023336765	0.15207717443003224	-0.01619926842013586	0.10234668739511449	0.1430201363657568	113.18686401480112	-1.7297552019150122

log2FC_cell_Albiflorin.txt	-0.077060350421804	-2.0308885036856963	0.17686527415966305	-0.03793332889746498	0.07641248521661174	0.17089641995235538	126.27752081406105	-2.0188399820165084

log2FC_cell_Alisol_B_23-Acetate.txt	-0.12305321219987	2.4982837960026414	0.17977312088202144	-0.014406590129715235	0.1052275926303257	0.15985691826651213	114.68917668825162	-1.2933504132704303

log2FC_cell_Alisol_O.txt	-0.112913692407528	2.4988237584620108	0.14001948359209493	-0.1391171258256808	0.07930946089305971	0.13259736661767016	109.30064754856615	-1.3767262978927048

log2FC_cell_Alkannin.txt	-0.114536015574302	2.4986914755747076	0.14659556235301294	-0.08765536529940365	0.08211672668231693	0.14715224034872607	114.38852913968547	-1.562070523362462

log2FC_cell_Allicin.txt	-0.0901200519143414	2.4985215127301226	0.12775388297960694	-0.10643076680589486	0.08442929052621015	0.13734620253839605	114.14338575393154	-1.0058620191022913

log2FC_cell_Alnustone.txt	-0.215038935756003	2.4992791964140584	0.1415656330278267	0.12144182119336178	0.08914669998236158	0.14807733825536096	117.08325624421832	-1.7199215234042642

log2FC_cell_Aloeemodin.txt	-0.0331765087605451	2.486080380472071	0.1514918961789723	0.05199714544146694	0.09062266269717935	0.13185728829236223	111.48288621646624	-1.2423097580589468

log2FC_cell_Aloin.txt	-0.106099935107073	2.512393866623293	0.1518228088031338	-0.030197567320537133	0.09274003966449675	0.14135496013381396	124.84458834412581	-0.8782651925343595

log2FC_cell_Alpinetin.txt	-0.132462686567164	-1.576803271596333	0.13611433922025742	-0.04784688995215314	0.06599887183792726	0.12778685750316865	125.67900092506937	-0.7874071667677381

log2FC_cell_Amentoflavone.txt	-0.112913692407528	-1.9147407280145539	0.19614419707327552	0.03586493080097586	0.10411717592951356	0.17718708571747274	126.7622571692877	-2.439289781505844

log2FC_cell_Amygdalin.txt	-0.114454899415964	2.498378997713951	0.15305680048697334	-0.0747548854333841	0.10247563257504114	0.15590983386486984	108.43848288621646	-1.3967188800753623

log2FC_cell_Andrographolide.txt	-0.23515574302401	2.4987839462722667	0.13655390453543959	-0.008260105448154642	0.053603746786538266	0.09534675757717119	107.62442183163738	-1.270739884436224

log2FC_cell_Angelicin.txt	-0.187297209604153	2.4992894427497507	0.15569805064139677	-0.022432616854315968	0.06035590491816313	0.10700299120077103	112.51803885291397	-1.0836615681808641

log2FC_cell_Anisic_aldehyde.txt	-0.0567001946787801	-1.9056707710074698	0.14072107498283698	-0.09168849265598772	0.09769241393774683	0.1736100404784844	128.33672525439408	-0.813854672814843

log2FC_cell_Apigenin-7-Glucuronide.txt	-0.137491888384166	2.497616921765163	0.16572577483108886	-0.1266978176604896	0.09655049505252554	0.1855129668771869	116.22479185938946	-0.9383463325889619

log2FC_cell_Apigenin.txt	-0.153634003893576	2.498932206389572	0.12239624272012808	-0.03794971752370546	0.06335739415976681	0.12322304116376975	113.71692876965773	-1.3158697637166872

log2FC_cell_Arbutin.txt	-0.174805321219987	2.511895817953885	0.25709557284563955	0.6023988550244044	0.07371063380839367	0.1618921336611089	114.80018501387605	-1.2419356149798813

log2FC_cell_Arctiin.txt	-0.0951492537313433	-2.00066871069819	0.15096928418569167	-0.025622426057656245	0.0767300217685051	0.1012673841796346	121.49213691026827	-2.353727368531239

log2FC_cell_Arecoline_hydrobromide.txt	-0.194273199221285	2.4981091049090804	0.17487999911511973	-0.0015148690142850474	0.07843369780123935	0.12834191624714958	116.20351526364477	-0.9829803788422292

log2FC_cell_Aristolochic_acid_A.txt	-0.0278228423101882	-1.9948668017246018	0.14483478869326696	-0.09460309077420248	0.10183556434299297	0.18353942467636578	130.4449583718779	-0.7728953482354156

log2FC_cell_Artemisinine.txt	-0.00543478260869568	-1.959068759078506	0.17451090049405465	-0.009910650097565976	0.10822388418065652	0.17299330854072784	132.12210915818687	-0.7090828880221833

log2FC_cell_Asarinin.txt	-0.261356262167424	-1.9962707393863877	0.12925776630291247	-0.18482243732633058	0.057370113371226716	0.1485090506117906	131.6577243293247	-0.17653507093914766

log2FC_cell_Asiaticoside.txt	-0.143332251784555	2.4861236358350784	0.18983096115885473	-0.010795251736667177	0.0641681633312948	0.1467822011860721	114.78353376503237	-0.865656967678805

log2FC_cell_Asperosaponin_˘ö.txt	-0.129218040233614	-2.042638380216948	0.10960170709548424	-0.13902912621359226	0.10245837565767384	0.13432421604338865	108.96114708603145	-1.1721167873931915

log2FC_cell_Astilbin.txt	-0.0914179104477612	-2.014975029995696	0.1740605309785242	0.009062274777780766	0.10541307369050416	0.18249098038217956	125.54394079555966	-0.6128145949675972

log2FC_cell_Astragaloside_I.txt	-0.0912556781310837	2.4847679001171383	0.20657832264070672	0.03277519311797761	0.07596048428112	0.14875574338689324	116.98149861239592	-1.1501586997559425

log2FC_cell_Astragaloside_II.txt	-0.129948085658663	2.4732302631523764	0.1686624932012028	0.09048736646855016	0.06394884747158122	0.1503592464250604	107.98057354301572	-4.022499506764269

log2FC_cell_Astragaloside_IV.txt	-0.084279688513952	-1.7261845706409562	0.12139800788298637	-0.10623465881197836	0.08046871255537542	0.1929137501302662	119.58186864014802	-1.4460509387569185

log2FC_cell_Atractylenolide-1.txt	-0.12564892926671	2.5262315582932042	0.16493031268163671	-0.06258267770959475	0.1012035269204099	0.18754818227178371	114.61609620721553	-0.7633605693573694

log2FC_cell_Atractylodin.txt	-0.181781310837119	-1.6152071486208408	0.16389574561441292	-0.05780597879265925	0.10636531895571615	0.18341607828881443	123.27659574468085	-0.8616260051870929

log2FC_cell_Baicalein.txt	-0.231829980532122	-2.0304384475300257	0.30220675766616895	0.6649577313881281	0.09028154801023006	0.18292269273860917	115.82146160962073	-1.4752538402215354

log2FC_cell_Baicalin.txt	-0.127920181700195	-2.051930407808973	0.15318246405912703	-0.04863418923147994	0.09954059488127324	0.14696722076739907	115.93709528214616	-1.877683176964175

log2FC_cell_Bakuchiol.txt	-0.12240428293316	-1.58694433655698	0.18775453061488617	-0.0059454776642866025	0.09161733774973631	0.13833297363880662	126.62812210915818	-1.7440164267496385

log2FC_cell_Barlerin.txt	-0.070165476963011	2.4989743117229706	0.19027694580645477	0.0461890654457312	0.10298060937936068	0.20284313432814752	116.52821461609621	-0.7691532641126324

log2FC_cell_Batatasin_I.txt	-0.172939649578196	2.4987318253881146	0.1930705860642798	0.06785407970724455	0.08774147550461335	0.1514693639130223	116.40703052728955	-0.555873417096745

log2FC_cell_Bavachinin.txt	-0.17010058403634	2.498007116314276	0.14507147235661824	-0.024799783801376263	0.09789538475025102	0.15831508842212058	110.22109158186863	-1.0368853759362984

log2FC_cell_Benzoylaconine.txt	-0.0769792342634653	2.4987921231212202	0.19514343730005454	0.014482575354946348	0.10083708076740562	0.1736717136722601	117.69010175763182	-1.5055385745813832

log2FC_cell_Benzoylhypacoitine.txt	-0.116077222582738	-1.9479176152163633	0.1649266625695943	-0.02952544944429053	0.07908575160530952	0.15936353271630685	125.57631822386679	-0.9596723735685531

log2FC_cell_Benzoylmesaconine.txt	-0.191839714471123	-1.8869762793415337	0.1406378747324943	-0.06780585931648436	0.08149948282914267	0.16904622413908554	125.82978723404256	-1.4361273569978712

log2FC_cell_Berberine_hydrochloride.txt	-0.143413367942894	-2.043410105455325	0.14937302061233676	-0.045483506156321296	0.06929864945971041	0.1662709304191808	125.36262719703977	-0.8416681365011129

log2FC_cell_Bergenin.txt	-0.231667748215445	-2.0259078482735218	0.20070658855553913	0.027800829875518684	0.06257203155039939	0.1536895988889461	124.9750231267345	-0.6883031567686384

log2FC_cell_Beta-Elemene.txt	-0.0541855937702791	-1.9807187886958446	0.16805440528012933	-0.039985721475135516	0.06818178349595469	0.12729347195296334	120.85013876040703	-0.4573045559265012

log2FC_cell_Betaine.txt	-0.0848475016223231	-1.9531195665494276	0.19821467997036274	0.03633583375671168	0.06602568023366656	0.13931974473921716	121.56891766882516	-0.9689994256755332

log2FC_cell_Bilirubin.txt	-0.176670992861778	2.4860315224436	0.12796865985115974	-0.11686218228711687	0.08218246014651491	0.1348792747873696	120.80758556891767	-0.7616309987647315

log2FC_cell_Bilobalide.txt	-0.145441271901363	-1.953810131004913	0.19887136168725206	0.0705322553478187	0.10349523278629902	0.20709858469866807	129.14523589269194	-0.12281052546308129

log2FC_cell_Bisdemethoxycurcumin.txt	-0.168478260869565	-1.996077161189566	0.10549654827177202	-0.12563583546119617	0.07677038579190043	0.1762003146170622	127.92784458834413	-0.9508796135223232

log2FC_cell_Blinin.txt	-0.124756651524984	-1.9538632932147573	0.190817122805005	-0.04598175288750839	0.09060245731681434	0.19168028625475295	126.98149861239592	-0.5975411442684101

log2FC_cell_Bornyl_acetate.txt	-0.191109669046074	2.5120918121522573	0.14135769386085728	-0.06950021031700504	0.05851083071963395	0.1058312005190335	108.48103607770582	-0.9031556874036702

log2FC_cell_Brucine.txt	-0.172858533419857	2.498481384885978	0.1476553154037018	-0.06252909231962761	0.1179884699590871	0.1933454624866958	110.55319148936171	-0.9003694688461623

log2FC_cell_Buddlejasaponin_IVb.txt	-0.100827384815055	2.4994685827135696	0.13383468858812642	-0.05672840075812963	0.10345265703751687	0.12007770828121107	117.14708603145236	-0.7391698357565059

log2FC_cell_Buddleoside.txt	-0.0512654120700844	-2.001880919347644	0.12530019360742223	-0.10291284143715296	0.08205000374457629	0.18255265357595524	124.28492136910268	-1.3824035616630268

log2FC_cell_Bullatine_A.txt	-0.210090850097339	-1.5755627064158602	0.1546867960439401	-0.051014570142650095	0.08270390619532533	0.17700206613614575	128.5245143385754	0.39657196989179533

log2FC_cell_Caffeic_acid.txt	-0.0145197923426346	2.4981000563509927	0.16276647195206514	-0.06382797629180265	0.09804516126212783	0.15017422684373344	123.54394079555966	-1.037513508648232

log2FC_cell_Calceolarioside_B.txt	-0.0347988319273199	-1.9338375091807687	0.13106029714540673	-0.06822323364050126	0.08015863534851134	0.15109932475036836	126.22294172062905	-1.1256539933239653

log2FC_cell_Calycosin.txt	-0.151930564568462	-1.986858613783089	0.13700373769194973	-0.03692966145518156	0.061613468712514184	0.171513151890112	124.29787234042553	-0.9424787316355524

log2FC_cell_Calycosin7-O-¦˘-D-Glucopyranoside.txt	-0.102368591823491	-1.995765467192542	0.12528249225486057	-0.07145777084838567	0.06191099369105895	0.1399364766769738	111.31822386679	-1.7106550601598431

log2FC_cell_Camphor.txt	-0.0466417910447762	-1.5357897143651411	0.10643331349232843	-0.08398275065455107	0.08407912984807679	0.17064972717725274	131.2358926919519	-0.38677388414755487

log2FC_cell_Cantharidin.txt	-0.167910447761194	-2.003099537911117	0.19930823925519991	0.01638306348348173	0.0894039868612242	0.1267384132089824	112.7086031452359	-1.613152196486109

log2FC_cell_Capsaicin.txt	-1.24310512654121	2.5124449483087647	0.09478037584897007	-0.11564775987640691	0.08233686178610057	0.1467822011860721	104.83903792784459	-1.3405803482153014

log2FC_cell_Cardamonin.txt	-0.0708955223880597	2.498338292494439	0.19456429769415667	0.07754355280417935	0.12500005137254078	0.18921335850372653	118.51063829787235	-1.584257998072954

log2FC_cell_Carvacrol.txt	-0.138951979234264	2.485894923614792	0.15939834397638197	0.006831716784275521	0.0853380738082134	0.11495883319783125	114.66327474560592	-2.5600401776599155

log2FC_cell_Catalpol.txt	-0.145441271901363	-1.9537646436447653	0.13780594204429172	-0.10092479005263588	0.09098101480714818	0.15079095878149004	125.36355226641999	-1.238025530790517

log2FC_cell_Cephaelin_Hydrochloride.txt	-1.26711550940947	2.499515046662595	0.1405770515678604	-0.04456481135599549	0.05446816410708374	0.11298529099701012	112.43200740055504	-1.6419948653888292

log2FC_cell_Chlorogenic_Acid.txt	-0.0524010382868267	-1.6638755649256622	0.16116053526366478	-0.07005440077107061	0.08807508899163591	0.18434117619544937	127.44310823311748	-1.1270231378116327

log2FC_cell_Cholic_acid.txt	-0.139600908500973	2.4852591693492134	0.2800868494719659	0.7243658517035927	0.10237421366820004	0.14906410935577155	116.98427382053654	-0.6811434666838195

log2FC_cell_Chrysin.txt	-0.174480856586632	-2.0108306229459734	0.1477261232065735	-0.010370579461439933	0.057107862811263704	0.134262542849613	126.19703977798335	-0.5836839425566245

log2FC_cell_Chrysophanol.txt	-0.164990266060999	-1.945690783012118	0.16213054205915284	0.0800768014456743	0.07469996085168926	0.15467636998935663	123.03700277520814	-0.6851432386256259

log2FC_cell_Cineole.txt	-0.178942245295263	2.47350745597306	0.16934633017475578	-0.08145085670445834	0.08694659354602707	0.15042091961883608	115.09435707678075	-1.198657766512987

log2FC_cell_Cinobufagin.txt	-0.118835171966256	2.4850389932499386	0.1580050584800437	-0.02165319487875389	0.058846507182758384	0.11933762995590315	115.24606845513414	-1.4442699375080201

log2FC_cell_Citric_acid_hydrate.txt	-0.13595068137573	2.4997818762156525	0.20369607455185773	0.026553161019561955	0.08245881743700927	0.15942520591008252	110.91026827012026	-1.1550570092400079

log2FC_cell_Cochinchinenin_C.txt	-0.0940947436729397	2.4989316360672165	0.1468130068551382	-0.10075562752008138	0.07380600729464622	0.13469425520604264	117.40148011100833	-1.3790594479099574

log2FC_cell_Columbianadin.txt	-0.193462037637897	-2.0190377715474264	0.1468437341927204	-0.09555831265508691	0.07501428744152827	0.13148724912970827	124.09343200740055	-1.2938357714257307

log2FC_cell_Columbin.txt	-0.0934458144062297	-2.027915349571194	0.15617753416077135	-0.10752737752161379	0.10154861233480954	0.17435011880379236	128.50601295097132	-1.0764020789339899

log2FC_cell_Complanatuside.txt	-0.00073004542504862	-1.911280684557447	0.10912362548403258	-0.11289709303904616	0.08733464852789592	0.18051743818135843	129.66882516188713	-0.9680636461503127

log2FC_cell_Cordycepin.txt	-0.0386112913692407	2.5118568515315567	0.18751068811003557	-0.01374040446585656	0.09716635329732562	0.1527028277885355	116.66697502312674	-1.359801104856235

log2FC_cell_Cornuside_I.txt	-0.286664503569111	2.485265492312508	0.12987089861402829	-0.145408695198874	0.04534379710963736	0.11261525183435617	108.76410730804811	-0.8851104076923513

log2FC_cell_Corydaline.txt	-0.0792504866969501	-2.0250995662818605	0.1508487861075141	-0.05289419382382249	0.07261450557454804	0.09078294123777232	125.27382053654024	-1.0050091938396095

log2FC_cell_Corylin.txt	0.00981505515898762	2.4986944409221064	0.21164507733884586	0.08430167514431908	0.1361845178590629	0.1758302754544082	113.12950971322849	-1.149487271693648

log2FC_cell_Corynoxeine.txt	-0.127027903958469	2.49850933617517	0.2913603026787111	0.7013866168839052	0.08263107237233583	0.1664559500005078	109.98149861239592	-1.4079561480913645

log2FC_cell_Costunlide.txt	0.00527255029201812	-1.9337878957378407	0.12247394652552338	-0.03741697902281843	0.08375038219206893	0.12303802158244277	119.53006475485661	-1.1573163795594272

log2FC_cell_Crocin_I.txt	-0.174886437378326	-1.9998135242343056	0.16820854664458368	-0.025955764992019514	0.053656741945327546	0.15763668329058836	126.82701202590194	-0.7322897293582167

log2FC_cell_Crocin_II.txt	-0.129866969500325	2.4992942841499626	0.15174817252697131	-0.08710880871037402	0.07731277279572522	0.1626938851801925	117.00925069380203	-1.490314214288912

log2FC_cell_Crotaline.txt	-0.184133679428942	-1.6464307907505693	0.15484430840633692	-0.03891058541958248	0.09024658614125425	0.15276450098231117	126.5781683626272	-1.3934331996207374

log2FC_cell_Crotonoside.txt	-0.160285528877352	2.4852560036210942	0.1864920667998556	-0.23101693410361823	0.06045305134510048	0.11125844157129161	110.49491211840888	-1.5806468062285606

log2FC_cell_Cryptotanshinone.txt	-0.0660285528877352	-1.8693660805776504	0.18350320586586738	0.07883733413694716	0.09304927359179369	0.15338123292006778	122.29417206290472	-1.266299269187136

log2FC_cell_Curculigoside.txt	-0.139033095392602	2.5118032681947873	0.16865171322647063	0.06729268931585475	0.09868296926395376	0.12390144629530202	109.8973172987974	-0.909670722659284

log2FC_cell_Curcumin.txt	-0.0624594419208306	-1.927227420962303	0.1392698570687131	-0.03435219251803551	0.0798398500262258	0.14376021469106473	122.80481036077705	-1.0526991539283777

log2FC_cell_Curcumol.txt	-0.165882543802725	-1.5631431733532946	0.19119555500126448	0.008765507423225571	0.07626861833376052	0.16109038214202534	118.49398704902868	-0.6203329386141838

log2FC_cell_Curdione.txt	-0.159636599610642	-1.9942207903523297	0.19144639721646803	0.0325200642054575	0.08583415842337411	0.1762003146170622	115.90009250693802	-2.3303415429042187

log2FC_cell_Cyasterone.txt	-0.244889682024659	2.4851136071910984	0.12337686496720071	-0.17026242215529352	0.061593213233799106	0.1453637177292319	112.82053654024052	-1.065118591863588

log2FC_cell_Cycloastragenol.txt	-0.205304996755354	2.512092982927537	0.1646452053064466	-0.035140302395284595	0.08349077263879855	0.1311172099670543	110.26456984273821	-1.3640435644745292

log2FC_cell_Cyclovirobuxine.txt	-0.170668397144711	-1.9812781651304556	0.18321679504896532	0.022005698585529587	0.07044629238556196	0.11261525183435617	107.16651248843664	-0.9414192624632678

log2FC_cell_Cynarin.txt	-0.0637573004542505	-1.606834114051254	0.17793703729164867	-0.03194922292086849	0.09723712581580445	0.18304603912616052	128.84828862164662	-0.22661766375483436

log2FC_cell_Cynaroside.txt	-0.0810350421804023	2.5112150238725217	0.19493353091275176	0.0	0.0657787741021536	0.10842147465761125	115.46160962072156	-1.2785895499022595

log2FC_cell_DL-Isoborneol.txt	-0.179510058403634	-1.9868308716747434	0.13917972648211413	-0.04164021095460846	0.03831304033977163	0.1179808196928386	125.42553191489361	-1.2905304039832048

log2FC_cell_Daidzein.txt	-0.140006489292667	-1.958708102077233	0.19034092511215045	0.0014385532264694634	0.07700299430659222	0.16923124372041254	127.96207215541166	-0.46027965419365535

log2FC_cell_Daidzin.txt	-0.128812459441921	2.498210746904358	0.12415458388277716	-0.03358911656407221	0.05116436282966048	0.1322273274550162	122.00647548566143	-1.1519424936006153

log2FC_cell_Daphnetin.txt	-0.143900064892927	2.49879037266273	0.18447699616139768	-0.08919907179523245	0.10787343192958548	0.160967035754474	113.59759481961147	-1.199198666384991

log2FC_cell_Dauricine.txt	-0.0608371187540558	2.4974130541428035	0.2621372975384981	0.5967625677542806	0.06264864443317283	0.14376021469106473	119.9232192414431	-1.993114392025805

log2FC_cell_Daurisoline.txt	-0.0958792991563919	-2.072483600700303	0.19226380810823585	0.28025501431323224	0.10287857165444964	0.17718708571747274	125.36632747456059	-0.7282140708394044

log2FC_cell_Deacetylasperulosidic_acid.txt	-1.29299156391953	2.4990619801035736	0.17386300149921896	-0.10909349991142192	0.09613494724579014	0.15276450098231117	111.70120259019427	-1.6639663777412497

log2FC_cell_Dehydroandrographolide.txt	-0.0744646333549643	2.4990141972976447	0.13685412244614925	-0.14323293495542816	0.07249865541151451	0.13025378525419506	115.7872340425532	-1.0300711491674766

log2FC_cell_Dehydrocostus_Lactone.txt	-0.125243348475016	-2.024832249783652	0.11008527910356253	-0.13278138874902734	0.08917707256986152	0.13524931395002357	117.46160962072156	-1.2269472028967663

log2FC_cell_Dehydrodiisoeugenol.txt	-0.132138221933809	-1.993465886492024	0.16220965496531142	-0.021599509477939594	0.06481614574606966	0.13839464683258224	128.77890841813135	-1.7154972601846146

log2FC_cell_Demethoxycurcumin.txt	-0.181619078520441	2.5259035996074792	0.17446899573704025	-0.033404892778787	0.06678168516271339	0.13746954892594737	114.75763182238668	-1.015677546829429

log2FC_cell_Dendrobine.txt	-0.15979883192732	-1.9621424369485676	0.1409956529717982	-0.1104033604765266	0.0926248941269254	0.16466742738101367	111.93894542090656	-1.8894575000938048

log2FC_cell_Deoxycholic_acid.txt	-0.192731992212849	2.485855732043077	0.27210437407315125	0.5844874604745616	0.06685139595150445	0.13691449018196641	117.4967622571693	-0.7096057430771602

log2FC_cell_Dihydrocapsaicin.txt	-0.163935756002596	2.498027388642538	0.17293592731731092	-0.018504458102048982	0.06892528474318334	0.12377809990775071	115.88344125809435	-2.133467032472951

log2FC_cell_Dihydrotanshinone_I.txt	-0.151768332251785	2.497836434147944	0.14217522796313836	-0.08434425781889954	0.08898779075512957	0.11489716000405559	114.1036077705828	-1.3656044504960636

log2FC_cell_Dioscin.txt	-0.112832576249189	2.498338292494439	0.16815396784331962	-0.04540720683190991	0.098016481564651	0.14672052799229643	113.83811285846438	-1.6655189587123245

log2FC_cell_Diosgenin.txt	-0.0380434782608696	2.498254498749992	0.19077574932529162	-0.022814959638257692	0.13192921753251183	0.17854389598053727	117.0027752081406	-1.0082893300335638

log2FC_cell_Dipsacoside_B.txt	-0.116158338741077	2.485254736535965	0.14552222528426725	-0.04898887765419613	0.10731403246774078	0.17194486424654157	121.65494912118409	-0.8746055981469817

log2FC_cell_Dracohodin_perochlorate.txt	-0.0874432186891629	-1.6628093258129706	0.1366129399636871	-0.11595550018492928	0.08612696198625594	0.15560146789599155	122.23034227567068	-1.9364973870522575

log2FC_cell_ECG.txt	-0.00803049967553537	-1.6288029640145836	0.18806387540397834	0.1543357258044214	0.0898792282879612	0.17854389598053727	125.8945420906568	-0.9623390555811931

log2FC_cell_EC_Epicatechin.txt	-0.170587280986372	2.5112376106227345	0.11468566742235548	-0.0961592647983181	0.085020245809525	0.14320515594708377	106.5263644773358	-1.3740781293556055

log2FC_cell_EGCG.txt	-0.000730045425048731	2.4858891671445216	0.1623894731430187	-0.03249231409820541	0.07462433362814609	0.12439483184550731	113.71507863089732	-1.7403499100748707

log2FC_cell_Ecdysterone.txt	-0.16945165476963	-1.9438044558499974	0.17579020726862227	0.17451360692417828	0.07691176881494236	0.11810416608038994	126.43200740055504	-1.9850465223323754

log2FC_cell_Echinacoside.txt	-0.188432835820896	-2.029958188081628	0.20881882908763486	0.17643457265472362	0.08306072371574601	0.14684387437984775	124.95467160037003	-1.3819444443134736

log2FC_cell_Ecliptasaponin_A.txt	0.0330142764438676	-1.9761156730370781	0.1441279151033397	0.03625140995112175	0.12176902855116735	0.16152209449845495	124.73450508788159	-0.710352559392693

log2FC_cell_Eleutheroside_E.txt	-0.0719500324464634	2.4862535177409466	0.1305216655747754	-0.13202895272562765	0.06958676710243587	0.12112615257539731	118.31914893617021	-0.6211997657889683

log2FC_cell_Ellagic_acid.txt	-0.135707332900714	2.5256433491869292	0.16839816174594363	-0.06852891035658482	0.10617970525498767	0.17539856309797858	113.75023126734506	-0.8841470945252226

log2FC_cell_Emodin.txt	-0.187053861129137	-1.8837055461247114	0.13118347348527273	-0.08917050228126949	0.08180231600097572	0.14844737741801495	115.88159111933395	-1.6962196938233152

log2FC_cell_Engeletin.txt	-0.115833874107722	2.4867322456327434	0.19212664487409273	0.11332779473965549	0.09319357159486256	0.1412932869400383	111.73450508788159	-1.972045208107117

log2FC_cell_Ephedrine.txt	-0.142521090201168	-1.9973780402881511	0.15283713988174386	-0.08998400702436571	0.08073702752615816	0.12544327613969355	115.83903792784459	-1.5828071631878629

log2FC_cell_Ergosterol.txt	-0.175454250486697	2.4985629032981826	0.12716075042227473	-0.02727586756656214	0.07035957702743224	0.13777791489482566	113.51711378353376	-0.858997264778115

log2FC_cell_Erianin.txt	-0.0642439974042829	-1.9749094068242667	0.14325543239323948	-0.07419544805173556	0.09598284868239243	0.16466742738101367	125.83718778908418	-1.4119516444731024

log2FC_cell_Esculentoside_A.txt	-0.0950681375730046	2.4981535592322928	0.1481744748908615	-0.07183492190229052	0.08517933652070234	0.13013043886664374	116.83996299722479	-1.47705646361539

log2FC_cell_Esculin.txt	-0.116077222582739	-1.5521694970607918	0.12704650040544635	-0.09211492032834379	0.05140486646584036	0.15362792569517042	126.14153561517114	-0.44982565564757504

log2FC_cell_Ethyl_4-methoxycinnamate.txt	-0.0442894224529526	2.4991574048541074	0.19221402653322744	0.03933647251069683	0.09243370821288913	0.13642110463176113	116.91211840888067	-0.39114135732731276

log2FC_cell_Ethyl_caffeate.txt	-0.0786826735885789	2.4984783289317067	0.17328619915520047	-0.02632778523820667	0.12667845196358818	0.2225785563363589	110.85568917668826	-1.1655112246773365

log2FC_cell_Eugenol.txt	-0.0277417261518494	-1.6405388805296826	0.16113038802863142	-0.09649446655115246	0.0810531064616809	0.13068549761062467	122.41165587419056	-1.3835068157522872

log2FC_cell_Eupalinolide_A.txt	-0.208062946138871	2.511897026839263	0.08459412660046753	-0.11746108331852001	0.05695460706304227	0.11767245372396032	107.26179463459759	-1.0114701182692214

log2FC_cell_Euphol.txt	-0.168478260869565	2.4992867497185074	0.1608085962683004	-0.09307037340993024	0.08682560313445001	0.15603318025242116	116.07400555041629	-1.3221735196578697

log2FC_cell_Euphorbiasteroid.txt	-0.167991563919533	2.5121712329415162	0.1492764707149671	-0.09579962438601564	0.06572751634338306	0.12094113299407033	109.87141535615172	-1.9664716055895586

log2FC_cell_Evodiamine.txt	-0.0647306943543154	-1.9518548367515571	0.23906916127121614	0.13320318168027534	0.07983153910610298	0.1567732585777291	132.07030527289547	-0.9017622671801805

log2FC_cell_Evodine.txt	-0.140736534717716	2.498446219965617	0.1377561354139661	-0.0524766097963677	0.06896499362084042	0.1503592464250604	115.53006475485661	-1.192866986042944

log2FC_cell_Fangchinoline.txt	-0.0737345879299156	2.5114425828770726	0.14227394331108426	-0.14346214545296593	0.12717778281859088	0.1758919486481839	119.09620721554117	-1.464517918571042

log2FC_cell_Fargesin.txt	0.0175210902011681	2.5120380357645087	0.18867900084672656	-0.026558279934332463	0.1102116335568884	0.1661475840316295	116.77150786308974	-2.002983422373111

log2FC_cell_Farrerol.txt	-0.072355613238157	2.5124860236161224	0.14579415162753767	-0.1052077853761178	0.11007222294240336	0.1516543834943493	123.67252543940795	-0.1783824276294953

log2FC_cell_Ferulic_acid.txt	-0.18429591174562	2.4853555418399917	0.10500520101407512	-0.1860745082143443	0.02529716675330682	0.08375219714734702	113.56244218316374	-0.8793381595001244

log2FC_cell_Formononetin.txt	-0.179672290720312	2.5114509663183573	0.155661523527371	-0.07514376448373528	0.06564995346820851	0.1298837460915411	108.12580943570768	-1.3051394837246835

log2FC_cell_Forsythoside_A.txt	-0.174724205061648	2.512033303502352	0.1643620775231354	-0.014730444931881748	0.059085728842197094	0.08942613097470778	107.83718778908418	-1.6371366823168456

log2FC_cell_Forsythoside_B.txt	-0.0609182349123946	2.4853511737520706	0.11113791247020097	-0.15564284324955163	0.09184736397203434	0.157513336903037	112.69380203515264	-0.7896516687881014

log2FC_cell_Fraxetin.txt	-0.112345879299156	2.4992401747801467	0.11260074313167119	-0.11410139286921045	0.07083263735474696	0.15202442265700322	110.49213691026827	-1.7380589846319465

log2FC_cell_Fraxinellone.txt	-0.120457495133031	2.512209304937278	0.16466766561551266	-0.020111640124774233	0.0835644596939201	0.1649141201561163	111.93894542090656	-0.8927239899185473

log2FC_cell_Galangin_3_5_7-Trihydroxyflavone.txt	-0.0872809863724854	2.4987009553529793	0.20838138801545214	-0.04105452998034409	0.06391884510984684	0.15227111543210586	116.29232192414432	-0.78437971575528

log2FC_cell_Gallic_acid.txt	-0.16880272550292	-1.6684043575328318	0.12926511067435356	-0.09974884934194223	0.09114049115265728	0.17200653744031724	123.80943570767808	-0.8215477449912193

log2FC_cell_Gastrodin.txt	-0.11340038935756	2.5120706664915455	0.14352988039057427	-0.02240654722406532	0.06825130385693651	0.12636837404632847	107.37465309898242	-1.1178166833164294

log2FC_cell_Geniposide.txt	-0.167423750811162	2.512161951151987	0.13863183513294297	-0.05989567476506524	0.09771117714586494	0.14320515594708377	111.25901942645699	-1.0672487397066943

log2FC_cell_Geniposidic_acid.txt	-0.133111615833874	-1.8979868175997539	0.1798622853659544	-0.0406733331026608	0.05735225845380092	0.1053378149688282	125.13876040703053	-0.6187324153020499

log2FC_cell_Genistin.txt	-0.203682673588579	-1.9934990521146467	0.19703162080948322	0.059839848237683846	0.06280141882287503	0.13265903981144583	125.09065679925995	-1.275275030336651

log2FC_cell_Genkwanin.txt	-0.197761194029851	2.5257871982391538	0.21078079331407998	0.052599606183753034	0.08965912701573286	0.14116994055248697	116.91396854764108	-1.3151127507595606

log2FC_cell_Gentiopicrin.txt	-0.166288124594419	-1.9724479290971546	0.16346146655432708	0.04556278501261868	0.09942649615165867	0.1789756083369669	121.56984273820537	-1.1159137114108926

log2FC_cell_Germacrone.txt	-0.119402985074627	-2.0433274943402027	0.1597715058719541	-0.057185160063120244	0.06587159034842434	0.1447469857914753	122.00832562442183	-1.3587996625120806

log2FC_cell_Gigantol.txt	-0.153147306943543	-1.9280622088229975	0.17612352292033717	0.13703952690361343	0.04974022754089227	0.0979987049095246	127.15356151711379	-0.7842915332247498

log2FC_cell_Ginkgolide_A.txt	-0.129380272550292	-1.5710526045795559	0.14385546034169172	-0.036343306488153426	0.08194538028308947	0.15479971637690798	126.70212765957447	-0.7331505546752527

log2FC_cell_Ginkgolide_B.txt	-0.127757949383517	-1.706018248060159	0.21201515581382063	0.14494671076809995	0.0930986555248043	0.14665885479852078	123.95837187789084	-0.5574198811088975

log2FC_cell_Ginkgolide_C.txt	-0.109993510707333	-1.6681182242729704	0.1283930149600543	-0.12779320433422975	0.06483324817831139	0.13888803238278755	125.95282146160962	-0.19384116381683894

log2FC_cell_Ginkgoneolic_acid.txt	-0.240833874107722	2.4980672514755	0.16502646088177858	0.08180008405239214	0.06837487374991556	0.08116192300876929	110.25069380203516	-2.1577323681532086

log2FC_cell_Ginsenoside_F1.txt	-0.114211550940947	-1.6577015567187532	0.11578669563740937	-0.07534469361571405	0.08087170655333091	0.09917049559126215	108.29787234042553	-1.8559119044946482

log2FC_cell_Ginsenoside_F2.txt	-1.29372160934458	2.4861597459615568	0.17052166063552016	-0.0026701901135987582	0.06240310488895992	0.15393629166404874	111.48381128584644	-1.0144374666597185

log2FC_cell_Ginsenoside_Rb1.txt	-0.0576735885788449	-2.0286082908459835	0.12054697194333641	-0.06643566517516097	0.10269233174798108	0.15072928558771437	121.73358001850139	-1.462433138908925

log2FC_cell_Ginsenoside_Rb2.txt	-0.0616482803374432	2.4734242650244513	0.12736725003802934	-0.1379501848667894	0.07804413280415978	0.16139874811090366	118.96762257169287	-1.2095800204377378

log2FC_cell_Ginsenoside_Rb3.txt	-0.110561323815704	2.498473433717839	0.168818439913342	-0.0064828188505592355	0.11573861315419157	0.17743377849257538	111.75763182238668	-1.0372296974952784

log2FC_cell_Ginsenoside_Rc.txt	-0.176346528228423	2.5117019209943954	0.28412243166108286	0.6413607526602222	0.0884087073139283	0.1763236610046135	119.35430157261794	-0.9416438522449103

log2FC_cell_Ginsenoside_Rd.txt	-0.194354315379624	2.5245010986747567	0.18408919489824285	-0.01422134609969028	0.07401216300674565	0.12858860902225222	113.93154486586494	-1.1804985547729903

log2FC_cell_Ginsenoside_Re.txt	-0.11080467229072	-1.6541748735463022	0.16520578994677138	0.03523441275978734	0.10500578686727313	0.1422183848466732	120.59296947271045	-1.1711392422743234

log2FC_cell_Ginsenoside_Rf.txt	0.0138708630759248	-1.5925083371908655	0.1574256539213916	-0.0231046596202355	0.0982262336580362	0.14665885479852078	125.90286771507863	-1.4393236811997887

log2FC_cell_Ginsenoside_Rg1.txt	-0.165233614536016	2.4980581540474605	0.13589859577660438	-0.1053196289245194	0.08624172319212092	0.15325788653251643	116.14986123959297	-0.7519603545145929

log2FC_cell_Ginsenoside_Rg2.txt	-0.101557430240104	-1.9616526274963049	0.12674867475637905	-0.0815627906976743	0.08554740026224715	0.13358413771808073	120.5013876040703	-1.1169531734502836

log2FC_cell_Ginsenoside_Rg3.txt	-0.0793316028552887	-1.9990705616390099	0.08660749939976428	-0.18431132327883626	0.09345705391779123	0.15140769071924662	126.91119333950046	-0.4366863464768555

log2FC_cell_Ginsenoside_Rh2.txt	-0.200113562621674	2.498835950628965	0.1692439084882708	-0.062266213960982864	0.08721893037643214	0.16670264277561045	115.6031452358927	-0.835255350882758

log2FC_cell_Ginsenoside_Ro.txt	-0.138870863075925	2.4983802399593045	0.18677367170147674	0.021350134102525176	0.07603935247557143	0.11810416608038994	111.73265494912118	-1.255989909467741

log2FC_cell_Glucosyl-vitexin.txt	-0.126135626216742	2.5257310142516847	0.18376087561570306	0.08905954038202624	0.07539651452051624	0.14604212286076415	109.75300647548566	-1.1207837646804015

log2FC_cell_Glycerine_trioleate.txt	-0.120295262816353	2.486787204498202	0.16365669798123117	-0.08207619296250013	0.08642145885898282	0.21425267517664473	116.28214616096207	-1.1466608751790137

log2FC_cell_Glycyrrhetinic_acid.txt	-0.131083711875406	2.5262310115116806	0.20151927971686362	0.05967764272245968	0.09514648776415342	0.17404175283491405	120.9213691026827	-1.129420179511744

log2FC_cell_Glycyrrhizic_Acid.txt	-0.225178455548345	2.4976736735773013	0.16209599966931154	-0.034483537328937275	0.07843313313989678	0.1386413396076849	110.3422756706753	-1.477375339988317

log2FC_cell_Goitrin.txt	-0.171155094094744	2.4990614209981867	0.19795790896534285	-0.027163689866463114	0.0817742229676208	0.14585710327943718	114.90749306197965	-1.183683028365905

log2FC_cell_Griffonilide.txt	-0.113075924724205	2.4984593208631343	0.19094035372988982	0.11297114134653063	0.0911924158202451	0.1292670141537845	114.27197039777984	-2.4337538803480627

log2FC_cell_Gypenoside_XVII.txt	-0.160609993510707	2.499692085427946	0.25286173929366107	0.5685820660239868	0.10263280199709963	0.1472139135425017	125.3691026827012	-0.43596821319689694

log2FC_cell_Gypsogenin3-O-¦Â-D-glucuronide_6_-methyl_ester.txt	-0.140574302401038	2.4987488944554768	0.2035096383530461	0.0358433640277821	0.09530407850507958	0.2041382713974364	113.70397779833488	-2.1187664535875084

log2FC_cell_Harpagide.txt	-0.0787637897469177	-2.0253738204056235	0.17335834836745762	-0.02211375338551741	0.08025153003957436	0.17182151785899027	128.3654024051804	-1.9492535828331228

log2FC_cell_Harpagoside.txt	-0.151119402985075	-1.9355182734516487	0.15608630460240008	-0.01458854818523142	0.07777432984521458	0.14406858065994302	125.82516188714153	-0.7526110991935075

log2FC_cell_Hederagenin.txt	-0.0174399740428294	2.473360779604526	0.17343189262003586	-0.05557434217478602	0.09143871072826953	0.15856178119722325	116.53376503237743	-1.6143097821912422

log2FC_cell_Hesperidin.txt	-0.0533744321868915	-1.9731441424150982	0.15894654794660004	-0.06327698414297511	0.09408148341955275	0.15547812150844023	133.49398704902868	-0.38878796250105646

log2FC_cell_Heteroclitin_D.txt	-0.123621025308241	-1.6018632387839744	0.12115570048810212	0.024656959925857702	0.06477384245821081	0.1472755867362774	126.99444958371878	-0.6263402956926933

log2FC_cell_Hispidulin_Dinatin.txt	-0.172371836469825	-2.0038407449913196	0.12999366074312038	-0.07810508148816409	0.06298938424648674	0.11717906817375502	108.40425531914893	-0.7799333253470329

log2FC_cell_Honokiol.txt	-0.0765736534717716	-2.0281658811188907	0.17991026437233476	-0.003213079070407354	0.07851379914567437	0.15825341522834496	122.02960222016651	-0.9910441988369068

log2FC_cell_Hosenkoside_A.txt	-0.124675535366645	-1.921876732502836	0.15508637546309897	0.022647757091090903	0.07991871828556593	0.12902032137868183	123.72617946345976	-0.7624200128550811

log2FC_cell_Hosenkoside_K.txt	-0.123458792991564	-1.9891423244771675	0.12172648942172	-0.03587469434954643	0.062470946663596774	0.16257053879264122	126.4986123959297	-1.0568078879451934

log2FC_cell_Humulene.txt	-0.0743024010382868	-2.056360897847693	0.14564331171293488	0.0027728326438607453	0.105179831305541	0.18656141117137315	113.76503237742831	-1.6129430770606656

log2FC_cell_Hupehenine.txt	-0.158257624918884	-1.973514683783927	0.15245446726372938	0.011051097393689924	0.08448605617181189	0.1353726603375749	118.1073080481036	-1.2738742825929066

log2FC_cell_Hyodeoxycholic_acid.txt	-0.187702790395847	-1.9833943248450354	0.15205826514098852	-0.10058431877320839	0.07926434268833338	0.10422769748086633	123.14801110083256	-0.2699646702698993

log2FC_cell_Hyoscyamine.txt	-0.127027903958469	2.498288205098662	0.12835472684962962	-0.07383732576087854	0.07832698398996815	0.13672947060063942	113.67715078630897	-1.0663170511316844

log2FC_cell_Hyoscyamine_sulfate_hydrate.txt	-0.197355613238157	2.4994247216925247	0.18436265880484146	-0.02320725035151955	0.0865373469171797	0.18841160698464293	112.24606845513414	-0.7415186911755374

log2FC_cell_Hypaconitine.txt	-0.134085009733939	2.512885828177427	0.12631310003824897	-0.07016739166888608	0.10178559867993318	0.20389157862233373	118.00647548566143	-1.4171985715711655

log2FC_cell_Hyperoside.txt	-0.234750162232317	-2.038073211056265	0.1499466127623225	-0.06185108898078767	0.0689954067338198	0.11138178795884293	126.54764107308048	-0.37756014435367247

log2FC_cell_Icariin.txt	-0.184701492537313	-1.9705768618056434	0.15110543789082917	0.061738791619009414	0.04317462164908178	0.1412932869400383	122.17483811285847	-0.9259141026569911

log2FC_cell_Icaritin.txt	-0.164828033744322	-1.91721838956863	0.16077446586954797	-0.06073185731857317	0.08683851671887657	0.14197169207157057	121.83071230342276	-1.2617825157776272

log2FC_cell_Imperatorin.txt	-0.157284231018819	2.4988371094004354	0.18402495762948642	0.014848010366610875	0.06856552167244435	0.1608436893669227	111.87234042553192	-2.0114871658623037

log2FC_cell_Indigo.txt	-0.14884815055159	2.4984703706490485	0.17905643889443543	0.01082454819277101	0.12287860030147031	0.1794689938871722	112.64199814986124	-2.067908132997614

log2FC_cell_Indirubin.txt	-0.187053861129137	2.5123522635913473	0.12909474807201177	-0.008326807622030807	0.07796922956224238	0.12482654420193694	108.79740980573543	-0.9742698565091461

log2FC_cell_Irisflorentin.txt	0.064243997404283	-1.6683448046341613	0.19966607110744283	0.015560971295486503	0.11811148685305756	0.17780381765522932	128.70305272895467	-0.932249721020424

log2FC_cell_Iristectorin_A.txt	-0.145116807268008	2.4988394257008406	0.2887900104587222	0.6993820047107588	0.04729556469969043	0.14795399186780964	112.52081406105458	-1.321360465604297

log2FC_cell_Isoalantolactone.txt	-0.129218040233614	2.5120315271576272	0.1846894145670501	-0.06504949799901699	0.06779002569600084	0.11261525183435617	116.82701202590194	-1.0294448821766171

log2FC_cell_Isoastragaloside.txt	-0.250567813108371	-1.9938490406580112	0.13205007883700237	-0.04148471615720528	0.04582741509674885	0.15393629166404874	124.04070305272896	-1.0877891706563863

log2FC_cell_Isochlorogenic_Acid_A.txt	0.036340038935756	-1.9683928177030987	0.15942437531131212	-0.05700524987223765	0.10842380331656358	0.18489623493943028	129.01480111008325	-1.4776770590991177

log2FC_cell_Isochlorogenic_Acid_B.txt	-0.0427482154445166	-1.991042930091282	0.18363141726962595	0.07890379340335862	0.07251381575196215	0.1824293071884039	121.6577243293247	-1.4412779000026288

log2FC_cell_Isochlorogenic_Acid_C.txt	-0.149172615184945	-1.672920435326775	0.1266633735091	-0.04935762736857635	0.06343290054208557	0.1585001080034476	125.1581868640148	-1.2361199503001499

log2FC_cell_Isoflavone.txt	-0.103666450356911	2.498024126520345	0.27368624220507365	0.7033163453600595	0.09482460240356631	0.18045576498758276	112.26734505087882	-0.9800897191272168

log2FC_cell_Isofraxidin.txt	-0.135463984425698	2.4985239428162838	0.11793376998319532	-0.08166527700170706	0.07616467037097192	0.10157575014851292	111.32562442183163	-1.624446855996542

log2FC_cell_Isoimperatorin.txt	-0.155337443218689	2.4982348676840114	0.14358957812191533	-0.03979336129105099	0.1133051407312027	0.14672052799229643	106.736355226642	-0.7763847857918744

log2FC_cell_Isoirigenin.txt	-0.0306619078520441	2.5114985727635895	0.15545773822038236	-0.020354054495023755	0.10201748481090205	0.1782972032054346	117.21369102682701	-1.3933246791921545

log2FC_cell_Isolindleyin.txt	-0.173507462686567	-1.6059561302941034	0.1522062906275577	-0.06789942347470185	0.058107351533290094	0.16861451178265593	122.03145235892691	-0.795861670101023

log2FC_cell_Isoliquiritigenin.txt	-0.0230369889682025	-1.9449954505445324	0.18303642181447446	-0.02342155674576807	0.10797807888612602	0.12667674001520676	111.88344125809435	-0.9454061354801819

log2FC_cell_Isoliquiritin.txt	-0.0249026606099935	-2.0575014417333426	0.15995858475362598	-0.04607806459658309	0.10099737153276228	0.17527521671042728	114.01480111008325	-2.267663670348196

log2FC_cell_Isoquercitrin_Isoquercetin__Isoquercitroside.txt	-0.0910934458144061	2.4985977179259353	0.1940130764241919	0.030548686387891988	0.08769840515386969	0.1874248358842324	115.59666975023127	-0.48812459687397436

log2FC_cell_Isorhamnetin-3-O-neohespeidoside.txt	-0.111048020765736	-1.9356160593036618	0.15730103291889203	-0.13102821379512863	0.08716394889992213	0.14591877647321286	131.93802035152638	-0.6098849986285465

log2FC_cell_Isorhamnetin.txt	-0.260707332900714	-2.0203023843510337	0.13844989492173354	-0.056745684496441406	0.05707545078869881	0.16170711407978194	122.27289546716004	-1.8642537551530292

log2FC_cell_Isorhynchophylline.txt	-0.108127839065542	2.511813063882198	0.17617232566915747	0.03276252367679444	0.10189734121060623	0.18674643075270012	111.90194264569843	-1.4367698441333554

log2FC_cell_Jatrorrhizine_Hydrochloride.txt	-0.0889844256975989	2.498928782926566	0.2131573038847177	0.02189614694103026	0.11067961634310598	0.12963705331643846	114.75578168362627	-1.6110977950859744

log2FC_cell_Jujuboside_A.txt	-0.0564568462037638	-1.9658436074202572	0.12200171028645013	-0.08260601771035625	0.10610379730108445	0.18076413095646107	126.25809435707679	-1.2624069593123761

log2FC_cell_Jujuboside_B.txt	-0.204656067488644	-1.5333121756712633	0.17959396596556915	0.0027357594358581316	0.07967863126018551	0.17650868058594046	117.72710453283996	-1.0550462103105434

log2FC_cell_Kaempferol-3-O-rutinoside.txt	-0.119727449707982	2.498751828459417	0.18580516638929578	-0.023917326752378343	0.08717828259887693	0.12525825655836656	115.54671600370028	-0.8223452364310224

log2FC_cell_Kaempferol.txt	-0.0998539909149903	2.486571682815718	0.13157111022050133	0.017242694815588655	0.08541127903150536	0.1670726819382644	115.48473635522664	-0.6236125829301754

log2FC_cell_Kamebakaurine.txt	-0.0502920181700194	2.498244380195111	0.14305580023449527	-0.15948557252905077	0.08592687335642774	0.1359893922753315	114.46993524514339	-1.5359224343396913

log2FC_cell_Kaurenoic_acid.txt	0.0137897469175859	2.485572137071556	0.15416805326151345	-0.08276536312849159	0.10624869728652783	0.14487033217902662	112.55966697502312	-3.474918452760509

log2FC_cell_Kirenol.txt	-0.217634652822842	2.4990731412627403	0.16473657665372088	0.00993546195652184	0.07510642115001548	0.13321409855542676	107.44495837187789	-1.5695193018116247

log2FC_cell_L-tryptophan.txt	-0.103585334198572	2.4980640050127794	0.15411188486667077	-0.0716066405603662	0.10655242565291143	0.1469055475736234	114.5263644773358	-1.231896804082312

log2FC_cell_Leonurine_hydrochloride.txt	-0.175535366645036	2.498880940956075	0.1292152478506376	-0.08840198990979325	0.06302610568204561	0.14776897228648264	112.83533765032378	-0.7759479793971757

log2FC_cell_Levistilide_A.txt	-0.110317975340688	-1.5859879988713148	0.16875042222947792	0.10261350825585763	0.0890949070983785	0.15239446181965718	125.15541165587419	-1.382490787605137

log2FC_cell_Liensinine.txt	-0.111048020765736	-2.029877146061199	0.11805688098482636	-0.09312269561655057	0.08532999658994408	0.09398994731410668	113.527289546716	-0.970823899877787

log2FC_cell_Liensinine_diperchlorate.txt	-0.0626216742375082	2.497062636749654	0.1262940198967847	-0.05579229287945442	0.07463587234756312	0.12531992975214223	114.48196114708603	-1.0087710788127335

log2FC_cell_Liguiritigenin-7-O-D-apiosyl-4_-O-D-glucoside.txt	-0.0716255678131084	-1.968844512793667	0.1652407109745691	-0.08293530460585385	0.10632188145949625	0.19032347599168845	118.48566142460685	-1.4238494266454393

log2FC_cell_Ligustroflavone.txt	-0.253082414016872	-2.014940151158951	0.12481571980123483	-0.07165983164256429	0.06224082675078689	0.13555767991890189	123.05550416281221	-0.8862244456451815

log2FC_cell_Limonin.txt	-0.152822842310188	2.498888413005939	0.14535445202838848	-0.008042275475770355	0.08224752051419791	0.16534583251254592	107.01202590194265	-2.167893940279409

log2FC_cell_Linalool.txt	-0.203114860480208	2.4988901348621626	0.14535681272508438	-0.032226247987117596	0.07812971673140479	0.13925807154544148	109.80943570767808	-0.973594677162952

log2FC_cell_Linderane.txt	-0.165639195327709	-2.010516137234976	0.13296558717106138	-0.07749465183103588	0.07903159636487568	0.14924912893709852	125.86586493987049	-1.6372566087273903

log2FC_cell_Linolenic_acid.txt	-0.204574951330305	2.485881090761876	0.12372081486761469	-0.11617487279338196	0.05679502821756585	0.1403681890334034	129.00740055504164	-0.7778235615918386

log2FC_cell_Liquidambaric_acid.txt	-0.234344581440623	2.49905414352283	0.12037267210941272	0.045293487536040566	0.07401911238981095	0.14277344359065414	115.62072155411656	-1.0405601299095457

log2FC_cell_Liquiritigenin.txt	-0.17139844256976	2.4983969668405472	0.14963562294346022	-0.07029656362780473	0.06404418768244642	0.14900243616199588	108.42553191489361	-1.7978924113914179

log2FC_cell_Liquiritin.txt	-0.224448410123297	2.512115144541657	0.14326145055360043	-0.009656263702743306	0.03768565312513497	0.073946159337017	111.38020351526364	-1.1465240362749207

log2FC_cell_Liriope_muscari_baily_saponins_C.txt	-0.0578358208955224	-1.6802352646850442	0.17271022112389736	0.0005636360789716965	0.08948188918049278	0.17336334770338177	128.35245143385754	-0.8004399146124201

log2FC_cell_Liriopeside_B.txt	-0.152985074626866	-1.9941803937747233	0.1449949879807755	-0.07311834493379121	0.0810343104684543	0.16257053879264122	114.29972247918595	-1.1524286853100068

log2FC_cell_Lithospermoside.txt	-0.200113562621674	2.4984795516412204	0.16199396875837135	0.005290191409959677	0.06662686023257741	0.09719695339044103	106.98519888991675	-1.873859278323566

log2FC_cell_Lobetyolin.txt	-0.146333549643089	-2.010743308964527	0.15927832096641428	-0.0712232243517475	0.0763759278977593	0.15220944223833024	126.01387604070305	-0.9352047526566102

log2FC_cell_Loganin.txt	-0.126460090850097	-2.081343681257287	0.17470801737998987	-0.04681632242489275	0.09404881149961203	0.1814425360879933	126.70490286771508	-2.3173183289746255

log2FC_cell_Loureirin_A.txt	-0.0502920181700195	2.539638738142794	0.14756527893178217	-0.04745666082476396	0.08880782663049896	0.1399364766769738	116.72525439407956	-0.3515455314735485

log2FC_cell_Loureirin_B.txt	-0.162151200519143	2.49855806515901	0.12117424353243617	-0.12051203409911221	0.06375116064166293	0.17126645911500935	120.16836262719704	-1.4933502154339524

log2FC_cell_Lucidin.txt	-0.150551589876703	-2.0361495295368344	0.1714520646084298	-0.03811776646422316	0.08256365085761597	0.15171605668812493	122.63737280296023	-0.7833263352849233

log2FC_cell_Luteolin.txt	-0.0692731992212848	2.485478334542095	0.20996519995597068	0.08794058306590302	0.08801588204466156	0.17731043210502406	117.9981498612396	-1.5192194205101865

log2FC_cell_Macelignan_____-.txt	-0.182754704737184	-2.011187243452353	0.138660451544903	-0.056151735730923635	0.08129946964259485	0.14684387437984775	116.01850138760408	-1.355669195902227

log2FC_cell_Macranthoidin_B.txt	-0.0614860480207657	2.4855824043332584	0.16420936355074384	-0.05612299946052862	0.08552409307948373	0.1305004780292977	112.422756706753	-0.5827149011560668

log2FC_cell_Madecassoside.txt	-1.25924724205062	2.498028692674492	0.15083466539143162	-0.05109357409087434	0.06473852072401397	0.17120478592123367	111.22201665124885	-1.9016130953929415

log2FC_cell_Magnolin.txt	-0.085820895522388	-1.9200894906071466	0.18193146345866923	0.06932448404400393	0.09866381707805848	0.14758395270515567	118.41535615171138	-1.8698669046016119

log2FC_cell_Magnolol.txt	-0.1494970798183	-1.9749595091949153	0.16009807239477447	-0.050588689442192636	0.0690832080631969	0.14166332610269228	124.84273820536541	-1.465864437106625

log2FC_cell_Maltopentaose.txt	-0.0947436729396496	2.4995119369462278	0.14514784975412456	-0.0829519721633109	0.09551341938715338	0.16571587167519988	110.91489361702128	-1.3897597056664708

log2FC_cell_Matrine.txt	-0.0749513303049967	2.5121700741700455	0.15353076096711557	-0.07282722256684848	0.10287437685870401	0.1493108021308742	107.69380203515264	-1.7054629894059152

log2FC_cell_Menthol.txt	-0.119727449707982	-2.0048777605531893	0.15025242456932095	-0.10700889319362505	0.09807360862155579	0.16842949220132894	125.63922294172063	-1.151755619285415

log2FC_cell_Mesaconitine.txt	-0.185431537962362	2.512074200230309	0.13078317690153263	-0.12352288048219517	0.10275811498075293	0.16608591083785382	113.6308973172988	-3.956142095207343

log2FC_cell_Methyl_salicylate.txt	-0.215768981181051	2.4983326673280275	0.18117722067538222	0.02788631760258997	0.0765085909752446	0.12383977310152638	111.0786308973173	-4.107930512089106

log2FC_cell_Mogroside_V.txt	-0.142926670992862	2.497844469042932	0.21559888376446829	0.1575281630719585	0.06645203895175547	0.13962811070809547	106.54301572617946	-1.6724412686606274

log2FC_cell_Momordin_Ic.txt	-0.00308241401687215	-1.9477318247462319	0.1506570096442633	-0.08464577297866738	0.12571072089106852	0.17478183116022197	126.68177613321	-0.9739071239310174

log2FC_cell_Monoammoniumglycyrrhizinate.txt	-0.0899578195976639	-1.5414152076002985	0.14594499275162848	-0.11336204371008374	0.09816898419033614	0.17447346519134366	125.45328399629972	-1.1402178051670642

log2FC_cell_Monotropein.txt	-0.185837118754056	-1.6796530985178078	0.1347152511595204	-0.01610667499658336	0.06216837364981322	0.1266150668214311	124.2627197039778	-0.8071979343670749

log2FC_cell_Morroniside.txt	-0.131975989617132	2.498842897048437	0.20581669297747002	-0.03489146041133795	0.0867389176932915	0.1589318203598772	116.03330249768733	-0.6418246379141248

log2FC_cell_Mulberroside_A.txt	-0.0554834523036989	2.472905360536072	0.25657193274318446	0.7271054028472862	0.11348872940845829	0.19470227274976032	120.66604995374654	-1.385153119009073

log2FC_cell_Murrayone.txt	0.0183322517845556	2.4984709834821266	0.18325735389166176	0.07047712005511864	0.13113195042593523	0.19026180279791277	126.736355226642	-0.674500288215559

log2FC_cell_Muscone.txt	-0.075194678780013	2.5119438620928722	0.22075678174656693	0.11093983968994969	0.11530950598194725	0.1499275340686308	110.18778908418132	-1.9648152909508678

log2FC_cell_Myricetrin.txt	-0.11145360155743	2.4991546536938056	0.14629984214457484	-0.09635570901117735	0.09467250026996527	0.18131918970044203	118.34135060129509	-0.9386801537720201

log2FC_cell_Nardosinone.txt	-0.0162232316677482	2.499327409999961	0.16700884808899172	0.02556694214876043	0.11241425797360731	0.17934564749962087	117.38020351526364	-1.3719098232195255

log2FC_cell_Naringin.txt	-0.151849448410123	2.5122144890046294	0.16471397222469886	0.17882435700179705	0.06701637817421555	0.1264300472401041	112.61794634597595	-1.7317644050089556

log2FC_cell_Neochlorogenic_Acid.txt	0.0301752109020117	2.4987483073399943	0.09054800071419479	-0.21466575716234648	0.11178676791250426	0.22652564073800116	113.9990749306198	-2.1806159303172143

log2FC_cell_Neohesperidin.txt	-1.25932835820896	2.4995036280505682	0.298429383328145	0.6361651700669841	0.07269082255996703	0.16787443345734798	115.8686401480111	-0.7841458842138304

log2FC_cell_Nitidine_Chloride.txt	-0.0501297858533419	2.49770169476748	0.19530167156472666	0.19072118884167988	0.10670266613352097	0.16281723156774383	112.67345050878816	-2.680665848644622

log2FC_cell_Nobiletin.txt	-0.174967553536664	-1.93170463237779	0.15502537602770589	-0.017492437832603958	0.05795227907957438	0.14968084129352813	120.61424606845513	-2.9662979501663673

log2FC_cell_Nodakenin.txt	-0.132949383517197	-1.9755327295999623	0.2167388933037251	0.16317072822940581	0.0814298927849836	0.14881741658066888	126.35892691951896	-1.308961667078336

log2FC_cell_Norisoboldine.txt	-0.163530175210902	2.4856995764229586	0.2110360249729384	-0.03325940406581751	0.05295617050818102	0.13013043886664374	108.40425531914893	-1.5553828031287689

log2FC_cell_Notoginsenoside_R1.txt	-0.202141466580143	2.498377755023626	0.1856682993952762	0.017621300939331785	0.06271832942953216	0.11576058471691485	109.1036077705828	-1.4745504737575816

log2FC_cell_Notoginsenoside_R2.txt	-0.114454899415964	2.498028692674492	0.1391413910793031	-0.08359146405390722	0.08534458300334101	0.15418298443915135	114.46345975948196	-1.0723394582418566

log2FC_cell_Notopterol.txt	-0.191596365996106	2.4990580642659523	0.14515738287043076	-0.1218107347043264	0.03994222956148413	0.10749637675097633	111.48843663274745	-1.8853281864781641

log2FC_cell_Nuciferine.txt	-0.0176833225178455	2.5116586496018383	0.2026788998319866	-0.0486730884750709	0.10132017891265732	0.1472139135425017	116.91674375578168	-0.9598363278422873

log2FC_cell_Nystose.txt	-0.107154445165477	-1.938256194914473	0.14060526928052974	-0.10945191792172348	0.08303086300408671	0.14665885479852078	117.33857539315449	-1.0164882557127681

log2FC_cell_Obacunone.txt	-0.067975340687865	-1.9217934754029504	0.1361622932300579	-0.10111519657359885	0.07804721300491604	0.16577754486897556	128.48566142460683	-0.424460293612338

log2FC_cell_Oleanolic_acid.txt	-0.190622972096042	-1.951814452289855	0.22045093499676022	0.042536701012127254	0.06494033585114647	0.10435104386841763	112.67622571692877	-1.3621151910187788

log2FC_cell_Ononin.txt	-0.117699545749513	2.4978961946323683	0.18688346812676948	-0.008707413075509207	0.12843010986436115	0.22726571906330906	117.15633672525439	-0.9781587747909198

log2FC_cell_Oridonin.txt	-0.0558890330953926	-2.045551657696846	0.2457364442959882	0.11943833327322351	0.09969481609614522	0.20389157862233373	129.43108233117485	-0.5758100046674897

log2FC_cell_Orientin.txt	-0.105207657365347	-1.9856712309150868	0.10876909625455869	-0.07915928138471301	0.11235750257049384	0.1755219094855299	124.74375578168363	-0.5623221360896937

log2FC_cell_Oroxin_B.txt	-0.112345879299156	2.473191041437037	0.16846943627060085	-0.02729239102260428	0.0625294916310711	0.14493200537280226	113.75023126734506	-1.6240147201014672

log2FC_cell_Osthole.txt	-0.108452303698897	-1.644096635545667	0.2428813449383492	0.05665156116541714	0.11778579372517846	0.1816275556693203	132.27752081406106	-1.1371607085747997

log2FC_cell_Oxymatrine.txt	-0.134896171317326	-1.609604801916482	0.17553851047841956	0.095771541562096	0.07028072192942472	0.14968084129352813	124.77520814061054	-0.9017121588491172

log2FC_cell_Pachymic_acid.txt	-0.114860480207657	-1.9444188297666392	0.1701050947017834	-0.05881039785693015	0.07291357368678679	0.14702889396117474	122.74930619796484	-0.404019745704492

log2FC_cell_Paeoniflorin.txt	-0.136437378325762	2.4991507979384284	0.1750252690084757	0.01829927380281887	0.06787270293290416	0.16213882643621155	113.35800185013876	-2.167117669831704

log2FC_cell_Paeonol.txt	-0.0544289422452953	2.4858989470252935	0.18498983200134012	-0.044380388927172776	0.08487376523355294	0.17447346519134366	119.11563367252543	-0.9623398480165504

log2FC_cell_Palmatine_hydrochloride.txt	-0.123783257624919	-1.6808917568181447	0.12124971960295332	-0.11473015057629948	0.09075172130032487	0.19457892636220903	125.1304347826087	-0.7826621102519375

log2FC_cell_Palmitic_Acid.txt	-0.154282933160286	-1.9851646925460331	0.14410372544397243	-0.008649367930805008	0.06462982853579044	0.1401831694520764	123.77150786308974	-0.5617060637827613

log2FC_cell_Panaxadiol.txt	-0.214390006489293	2.4993348986436885	0.138957865686762	-0.09918086054982084	0.07056317946298646	0.11181350031527257	115.14708603145236	-1.0897645043021589

log2FC_cell_Panaxtriol.txt	-0.174075275794938	2.511713742433315	0.1629949373465413	-0.056086235049869315	0.07805046616429005	0.13814795405747962	115.67252543940795	-1.5076433973485666

log2FC_cell_Patchouli_alcohol.txt	-0.145116807268008	-1.6842134996329536	0.13141731852749122	0.0503453900028783	0.03731290858294534	0.1120601930903752	119.9740980573543	-1.3277510144108295

log2FC_cell_Pectolinarigenin.txt	-0.0778715120051915	-1.694669159481572	0.13297915190678256	-0.021209026601574255	0.09903179390878936	0.1661475840316295	127.95559666975024	-1.3372722805048016

log2FC_cell_Pectolinarin.txt	-1.23929266709929	2.499592052187051	0.1850763517546718	-0.030614430732247122	0.0975583273934762	0.15794504925946665	117.54671600370028	-0.9402420385218108

log2FC_cell_Pedunculoside.txt	-0.0255515898767035	2.5113615121836186	0.14503481826473036	-0.09267575867648514	0.0757192210347021	0.10311757999290444	111.38112858464385	-2.079051772020936

log2FC_cell_Peimine.txt	-1.25016223231668	2.4995166002718543	0.18059517434137617	-0.004443274376222273	0.07851725758006475	0.14289678997820549	114.02035152636448	-1.3001020508362247

log2FC_cell_Peiminine.txt	-0.0551589876703439	2.511358902719396	0.1396921342101038	-0.029123201182503333	0.08408697452921718	0.12982207289776543	111.65402405180389	-1.1460182161264847

log2FC_cell_Peimisine.txt	-0.0373134328358209	2.4858055463704125	0.13042045750189468	-0.051415952556214506	0.07750340878195994	0.10891486020781652	110.05920444033302	-1.649651643686015

log2FC_cell_Phellodendrine_chloride.txt	-0.136356262167424	2.4862584006712565	0.2126644782016699	0.04681414401105122	0.09073261894701365	0.19174195944852862	112.46808510638297	-1.024431429197543

log2FC_cell_Phillyrin.txt	-0.153958468526931	2.512033895405441	0.302715978305168	0.6755463081119871	0.08156233935857461	0.147707299092707	118.96114708603145	-1.0224511611916296

log2FC_cell_Physcion.txt	-0.1095068137573	-2.0230130887276356	0.1356092750753353	-0.009871922912299491	0.07797084284769285	0.1550464091520106	126.08233117483812	-1.419562614579813

log2FC_cell_Picfeltarraenin_IA.txt	-0.144630110317975	-2.0196813346377205	0.13000122895397315	-0.10919080284552851	0.09938902490951924	0.15948687910385814	117.69935245143385	-0.9143329135714922

log2FC_cell_Picroside_I.txt	-0.177482154445165	-1.9285977073443414	0.14260610139527313	-0.06333364688176085	0.06842812608329162	0.11354034974099106	112.40610545790935	-1.2932721459785688

log2FC_cell_Picroside_II.txt	-0.222501622323167	2.4977420841403353	0.1379456113607618	0.05299945268619427	0.07671298032983612	0.12266798241978882	109.88529139685477	-1.4800145298703293

log2FC_cell_Pinocembrin.txt	-0.154120700843608	2.4976729901072066	0.09378895579053641	-0.15271869546682532	0.047013639285011906	0.14079990138983303	114.01665124884366	-1.5621581488346157

log2FC_cell_Pinoresinol_diglucoside.txt	-0.185107073329007	-2.0059433882183155	0.14135538600788777	-0.055157316879522744	0.047004361109430584	0.14807733825536096	123.70027752081405	-0.26831242006738854

log2FC_cell_Piperine.txt	-0.108208955223881	2.497787924253012	0.1640140292976496	0.0365549328539706	0.0930820082208704	0.17385673325358708	114.54764107308048	-0.5560856349626845

log2FC_cell_Plantamajoside.txt	-0.0655418559377028	-1.9981609960557978	0.1655492621635387	-0.015809486981180676	0.07128381097854279	0.12094113299407033	125.4986123959297	-0.6779444146173191

log2FC_cell_Platycodin_D.txt	-0.0816839714471123	-2.036394271901121	0.1647465997240466	-0.051118707271597175	0.08486787392013044	0.1284652626347009	125.27289546716004	-1.1099039354053681

log2FC_cell_Podophyllotoxin.txt	-0.0867131732641142	-1.429554346528934	0.14182547891252487	-0.02482544608223436	0.0716819242068777	0.1427117703968785	125.8677150786309	-1.4642965462871285

log2FC_cell_Pogostone.txt	-0.0463984425697599	2.4845333483491494	0.15977258705660338	-0.04845077611312937	0.11216930728853028	0.17108143953368232	113.66697502312674	-0.8677398897167244

log2FC_cell_Poliumoside.txt	-0.103179753406879	-1.99377079063972	0.20909722231447125	0.046345033354913245	0.09344831863980835	0.164420734605911	119.76133209990749	-0.7864397730237347

log2FC_cell_Polydatin.txt	-0.127433484750162	2.4858395034145406	0.17407481867327773	-0.049224351127875876	0.09378966712736238	0.18249098038217956	113.45328399629972	-1.3547389931086922

log2FC_cell_Polygalasaponin_F.txt	-0.147469175859831	2.499785333981938	0.1589301096221572	-0.07759229902400827	0.07682974048566718	0.15029757323128473	112.43385753931545	-1.278708649439002

log2FC_cell_Polygalaxanthone_III.txt	-0.161015574302401	-1.9719252318106124	0.1633332406675961	-0.06037450448570836	0.08219404824411108	0.19180363264230427	113.32932469935245	-2.044805784686423

log2FC_cell_Polygalic_acid.txt	-0.12694678780013	-1.6224049861206051	0.21876247859395165	0.09718968808509343	0.06816238721004221	0.10219248208626952	122.37002775208141	-2.0580686957252707

log2FC_cell_Polyphyllin_I.txt	-0.124107722258274	-2.0773421458478794	0.16243790947001974	-0.0804672631089931	0.0892934021652955	0.19217367180495823	126.06845513413506	-1.058573033873113

log2FC_cell_Polyphyllin_II.txt	-0.22939649578196	-2.048125109618524	0.10740545992601212	-0.10173751616536642	0.05976403107036288	0.13635943143798546	122.53931544865866	-1.1202328118557547

log2FC_cell_Polyphyllin_VI.txt	-0.131975989617132	-1.9476958945983465	0.20872890274316142	0.051572980901172905	0.07900266011724244	0.15794504925946665	127.15633672525439	-0.7497027198681631

log2FC_cell_Polyphyllin_VII.txt	-0.120781959766385	2.5117149844562725	0.1741458349408017	0.04347826086956519	0.09620152674623589	0.17768047126767803	113.68917668825162	-0.5942718617596385

log2FC_cell_Praeruptorin_B.txt	-0.113238157040883	2.5125287890437207	0.11587113561320536	-0.04952432860965217	0.10055490977889243	0.13611273866288282	104.61147086031453	-1.9725558219171333

log2FC_cell_Prim-o-glucosylcimifugin.txt	-0.131651524983777	-2.031395374148449	0.19931546685142007	-0.018719443111877787	0.09894968383212935	0.17564525587308122	126.67067530064755	-0.4260553667460818

log2FC_cell_Protopanaxdiol.txt	-0.094013627514601	-1.968540377809298	0.12171771612718535	-0.09762243598660347	0.07082758467926993	0.17558358267930557	125.60129509713228	-0.6674954968719395

log2FC_cell_Protopine.txt	-0.0462362102530823	-1.9436456839504097	0.154279216358919	-0.03434774390408557	0.10669125899693137	0.1464738352171938	109.64477335800186	-1.243869575010322

log2FC_cell_Prunasin.txt	-0.188838416612589	-1.928509721184431	0.17689706328067994	-0.0207949542573454	0.11850155605993097	0.17996237943737745	125.69010175763182	-0.9026266289914956

log2FC_cell_Pseudoephedrine.txt	-0.12564892926671	2.5120706664915455	0.11316197650286888	-0.17546021554193558	0.0985476525296859	0.157698356484364	110.37650323774282	-2.360558620204622

log2FC_cell_Pseudoginsenoside-_F11.txt	-0.0661907852044127	-1.9406438209414856	0.20161975292702425	0.007277628032345107	0.10668971309709926	0.17922230111206955	127.82701202590194	-0.6760208329250844

log2FC_cell_Pseudolaric_Acid_B.txt	-0.2010058403634	2.4980679004193496	0.17670511480167622	0.013857399072789267	0.08245014718917652	0.13469425520604264	115.631822386679	-1.2524407381577842

log2FC_cell_Pseudoprotodioscin.txt	-0.133598312783907	-1.9929004655530995	0.17142488133188766	-0.07248518513017776	0.09349765338318076	0.14857072380556627	114.41628122109158	-1.4533693347382177

log2FC_cell_Psoralen.txt	-0.0495619727449709	-1.9578257738018092	0.18678737350053126	-0.0017310804199752727	0.10462327679567106	0.1290819945724575	121.77335800185014	-0.5997090640277659

log2FC_cell_Puerarin.txt	-0.0916612589227773	2.499778414124324	0.17625994575069148	-0.0618567311650885	0.08110986631884537	0.15301119375741382	117.46345975948196	-1.2111811318113057

log2FC_cell_Pulegone.txt	-0.103666450356911	-1.9649525612481762	0.19129185375880486	0.05670244532321844	0.08867923531832984	0.1678127602635723	127.67530064754857	-0.49316637337976865

log2FC_cell_Purpurin.txt	-0.227368591823491	-1.9621572078801832	0.0893110197842176	-0.09803533453550234	0.05050965644195067	0.12124949896294863	119.04995374653099	-1.2296077814419633

log2FC_cell_Quercetin-3-O-Glucuronide.txt	-0.225097339390006	-1.948688635619245	0.18796764734183014	0.027483530673436785	0.0676293390446587	0.11822751246794126	116.58279370952822	-0.9357275787079865

log2FC_cell_Quercetin.txt	-0.0916612589227774	2.498928782926566	0.13952665963729088	-0.12375227911863768	0.0647248923649472	0.13333744494297808	111.263644773358	-2.643900406850118

log2FC_cell_Quercetin_3-O-¦Â-D-glucose-7-O-¦Â-D-gentiobioside.txt	-0.0979072031148605	-1.9400344869192667	0.15090500311145433	0.004360052051393226	0.07606124491802689	0.177865490849005	130.56706753006475	-0.04255072324757228

log2FC_cell_Quercitrin.txt	-0.10374756651525	2.499241260942577	0.11991092268723334	-0.09377793056032996	0.07238816204109613	0.16867618497643155	111.40518038852915	-1.429258139927356

log2FC_cell_Quinic_Acid.txt	-0.0803861129136924	-1.9699362072658277	0.13346011528515478	-0.0820543251547805	0.08619651265417644	0.13555767991890189	124.74098057354301	-0.4388084918338489

log2FC_cell_Racanisodamine.txt	-0.173913043478261	-2.038819940120224	0.16681038718051197	-0.009000229305205276	0.06021088379038876	0.11132011476506729	124.51711378353376	-1.944279680562125

log2FC_cell_Raddeanin_A.txt	-0.0841985723556132	2.4983808609151916	0.18882840045496518	0.01834419036205137	0.09537322368903994	0.12587498849612316	111.92876965772433	-1.772728974306854

log2FC_cell_Resibufogenin.txt	-0.0956359506813756	2.5117606645539543	0.11574402402476758	-0.11123797492955007	0.09572050445494634	0.1552314287333376	110.48196114708603	-0.7519690159886597

log2FC_cell_Resveratrol.txt	-0.192569759896171	-2.015149304581837	0.24420897770742495	0.67835190995271	0.06217426750426086	0.15479971637690798	119.62534690101758	-0.31763838726832255

log2FC_cell_Rhapontin.txt	-0.178942245295263	-1.9640752961575443	0.1336155818176964	-0.03572771174922651	0.05583310372022141	0.13561935311267753	119.7918593894542	-1.2046213711271319

log2FC_cell_Rhein.txt	-0.102611940298507	-1.9900075149772523	0.1602749811141944	-0.019012792480333773	0.04885679322292763	0.1630022511490708	131.38205365402405	-0.4223953767489873

log2FC_cell_Rhoifolin.txt	-0.172290720311486	2.4987447824418765	0.12691753510314813	-0.09259558645218657	0.059700124408723236	0.11008665088955408	111.44310823311748	-2.450176771197301

log2FC_cell_Roburic_acid.txt	0.0201979234263465	-1.9736463282122725	0.18094132769296167	-0.16560148645770978	0.06852240231138487	0.16855283858888026	128.62072155411656	-0.8355581802334807

log2FC_cell_Rosmarinic_acid.txt	-0.126703439325114	2.498239310037934	0.1772660834295583	-0.0641022161303893	0.0971362195963211	0.17854389598053727	113.37742830712304	-0.5961366381999296

log2FC_cell_Rotundifuran.txt	-0.0941758598312784	2.525600741627286	0.1526618782957571	-0.08091873462681753	0.10739326345185309	0.16719602832581573	110.65309898242369	-1.0575676210524

log2FC_cell_Rubimaillin.txt	-1.28617780661908	2.484854718736061	0.2678106484520943	0.6719596837318835	0.08789282677770985	0.11304696419078578	116.61979648473636	-1.4250828925304417

log2FC_cell_Ruscogenin.txt	-0.0859020116807269	-1.902713184662815	0.176972448579242	-0.0361915887850468	0.08777244251969421	0.1553547751208889	128.72340425531914	-0.9780401347459614

log2FC_cell_Rutaecarpine.txt	-0.0639195327709279	2.4852496636528825	0.17117420974345748	0.0710427180325538	0.10901673908413184	0.16528415931877025	114.11470860314523	-2.4648475726381225

log2FC_cell_Rutin.txt	-0.127920181700195	-1.9463266715594174	0.1652640860159909	-0.07590350953583558	0.10377915541672707	0.20204138280906392	117.1822386679001	-1.5515829139717001

log2FC_cell_SHIONONE.txt	-0.213092147955873	-1.4561011065322809	0.11824073632558847	-0.11751753384439739	0.02626006494556805	0.09170803914440721	124.11655874190565	-0.5250863662083435

log2FC_cell_SOYASAPONIN_I.txt	-0.131570408825438	-2.0050847341391007	0.1304595908636474	-0.08755829479265448	0.08295959643826209	0.16405069544325707	125.40703052728955	-1.1664214097571752

log2FC_cell_Safflomin_A.txt	-0.180889033095393	2.498840004517242	0.15055481908300666	-0.04172486787725188	0.059342490681447986	0.1395664375143198	112.59481961147085	-1.740868331384288

log2FC_cell_Saikosaponin_A.txt	-0.188595068137573	-2.034439732416781	0.11568348529996655	-0.05820899088487225	0.05830000291197504	0.13013043886664374	123.55041628122109	-1.9212854881140822

log2FC_cell_Saikosaponin_B.txt	-0.0352044127190136	2.511312517721163	0.1482781424623354	-0.12079569145239749	0.08242708205827433	0.11421875487252334	117.19333950046253	-1.501788770202739

log2FC_cell_Saikosaponin_D.txt	-0.252839065541856	-1.9672688770447657	0.13128832029706602	0.1406603754619708	0.06679356931295095	0.12525825655836656	114.3672525439408	-0.9067281488729084

log2FC_cell_Salicylic_acid.txt	-0.229477611940298	2.5122657596082973	0.189934628833394	0.005769431008207038	0.06715736706845504	0.1267384132089824	114.0767807585569	-2.1754227499637704

log2FC_cell_Salidroside.txt	-0.0252271252433485	-1.661085167620007	0.15635496138266042	-0.03222641018975814	0.10596936201165601	0.1803324186000314	127.51896392229418	-1.7726941348529177

log2FC_cell_Salvianic_Acid_A_Sodium_3-_3_4-dihydroxyphenyl_-DL-lactate_.txt	-0.159393251135626	2.5117934444042147	0.12291211071563796	-0.06151091977564599	0.06417346452330754	0.08794597432409194	115.77983348751157	-0.9337549173334236

log2FC_cell_Salvianolic_acid_B.txt	-1.24594419208306	-1.707709608765423	0.14118131810586423	-0.07264884979702307	0.07398731454037732	0.130993863579503	122.87604070305272	-0.5824400882233209

log2FC_cell_Sarsasapogenin.txt	-0.245700843608047	2.4988855411945528	0.12681189247998192	-0.06376684819925316	0.07325889224800983	0.17706373932992145	111.313598519889	-1.641367682194672

log2FC_cell_Sauchinone.txt	-0.0358533419857235	2.499238544808223	0.11370758606309228	-0.1598417942690133	0.08521936687122636	0.18526627410208427	115.93339500462535	-1.5386340915872332

log2FC_cell_Schaftoside.txt	-0.0458306294613887	-2.019176225407476	0.15729273990226122	0.013171673099809045	0.11284146594670061	0.20284313432814752	126.68917668825162	-0.9802000066365975

log2FC_cell_Schisandrin_A.txt	-0.158257624918884	2.498888413005939	0.15172945422134018	-0.10148346487297688	0.06394763990312763	0.14092324777738433	114.75763182238668	-1.8251537224584085

log2FC_cell_Schisantherin_A.txt	-0.170668397144711	-1.9992619017921478	0.1622882382837633	-0.05401795934980025	0.08999024866816942	0.164605754187238	123.85198889916744	-1.5741932557309888

log2FC_cell_Schisantherin_C.txt	-0.0564568462037638	-1.982252242674678	0.17187434397932624	0.006391124956896976	0.11517301505351654	0.20537173527294958	130.31359851988898	-0.9227620985605535

log2FC_cell_Schizandrin_B.txt	-0.151362751460091	2.498567130992148	0.12570915039104233	-0.028495968862941368	0.08481307106615064	0.1386413396076849	121.58371877890842	-1.548524646437679

log2FC_cell_Schizandrol_A.txt	-0.14625243348475	-1.940102763004265	0.13445116674654356	-0.19691663800602227	0.06875234336652744	0.13543433353135056	123.43108233117484	-0.5433334152897851

log2FC_cell_Scopolamine_hydrobromide.txt	-0.00851719662556782	-1.695627155796866	0.11874332497501405	-0.08604240282685516	0.09872192158679613	0.17700206613614575	125.58186864014802	-1.8625929913371886

log2FC_cell_Scopoletin.txt	-0.138140817650876	-1.998640050331253	0.15522331151983215	-0.08187026427647381	0.07502558812218235	0.14135496013381396	126.01202590194265	-1.5561148381680179

log2FC_cell_Scutellarin.txt	-0.178617780661908	-1.9667775937355003	0.15285632917898906	-0.06343757721224097	0.03433731793424944	0.11828918566171692	123.9990749306198	-1.5455251868999833

log2FC_cell_Senegenin.txt	-0.0880921479558728	-2.0103420926903333	0.1563218155038616	-0.022235591204144478	0.05117393982523899	0.13124055635460563	122.3931544865865	-1.4653653462063705

log2FC_cell_Senkyunolide_H.txt	-0.0981505515898766	-1.946859968199767	0.1753526829006431	-0.0185435456141802	0.053323199925444556	0.1058312005190335	124.9972247918594	-0.8809097923347696

log2FC_cell_Senkyunolide_I.txt	-0.0541855937702791	2.49892364084352	0.14011104844285802	0.005408917355588572	0.06645953529706614	0.13321409855542676	114.2081406105458	-0.9371015797173455

log2FC_cell_Sesamin.txt	-0.119646333549643	-1.9183075021140583	0.1645778002660512	-0.02191854033831736	0.06902397212145656	0.12902032137868183	126.71785383903793	-0.9106224139084611

log2FC_cell_Shanzhiside_methylester.txt	-0.052319922128488	2.4978054327637214	0.18235617493183032	0.031386009337659226	0.0957257056947769	0.15856178119722325	119.92506938020351	-1.222641262424114

log2FC_cell_Silymarin.txt	-0.199789097988319	-2.066131515159174	0.1684224099419225	0.0028742909238249625	0.05981381943902586	0.1666409695818348	122.76595744680851	-0.40900440163935214

log2FC_cell_Sinapine_thiocyanate.txt	-0.0907689811810513	2.497662037939342	0.1475065522213838	-0.06307223532513956	0.09414495452014061	0.14079990138983303	115.9472710453284	-1.2588317719726312

log2FC_cell_Sinomenine.txt	-0.136194029850746	-1.9507011669076697	0.16889461567838301	0.04353684274098524	0.056626197256440754	0.14024484264585207	119.75208140610546	-0.8054984639664798

log2FC_cell_Sipeimine-3¦Â-D-glucoside.txt	-0.0550778715120052	-1.9779792424835114	0.14737424765203092	-0.015821922253228538	0.07626298905919428	0.16688766235693742	122.76040703052729	-0.5063954344135592

log2FC_cell_Sipeimine.txt	-0.113724853990915	-1.9133311492340168	0.1672704370547204	-0.015877854617032727	0.07550680093098158	0.13691449018196641	125.3950046253469	-0.5346749946174179

log2FC_cell_Sodium_Aescinate.txt	-0.17010058403634	2.4989156255745684	0.16628501070507273	-0.019567136365122362	0.09588296364174713	0.16528415931877025	110.77243293246994	-0.6015419239662569

log2FC_cell_Sophoricoside.txt	-0.175697598961713	2.485262332245085	0.1800569895431253	-0.09048341783188557	0.040535746587406093	0.1147121404227286	114.61517113783533	-1.1432542553789944

log2FC_cell_Sophoridine.txt	-0.0194678780012979	2.511994834478686	0.15536353609688902	-0.09405304536694298	0.0924866701592586	0.1586234543909989	115.4745605920444	-1.0570833092900647

log2FC_cell_Specnuezhenide.txt	-0.108290071382219	2.512354514379099	0.13659696686573725	-0.04371331197769118	0.09367540543454445	0.13198063467991356	114.06475485661424	-2.280001576847869

log2FC_cell_Spinosin.txt	-0.109263465282284	2.5113484461548343	0.12235753236687004	-0.08235289549503366	0.0592041303678906	0.12334638755132107	112.82238667900093	-1.9357027524678418

log2FC_cell_Stachydrine.txt	-0.147306943543154	-1.992256947610986	0.19296429533968923	-0.024211444477225175	0.08741033355617682	0.16984797565816911	131.40240518038854	-1.3204057442407349

log2FC_cell_Stevioside.txt	-0.0704088254380272	-1.9378105636173348	0.18366860150103734	-0.037291038329215986	0.09486338589842908	0.1397514570956468	127.68177613321	-0.8532310579606791

log2FC_cell_Strychnine.txt	-0.140087605451006	2.4857464418127964	0.12543249593672895	-0.10016296123850538	0.07134902075677843	0.13074717080440035	113.63552266419981	-1.2673332333286607

log2FC_cell_Succinic_Acid.txt	-0.0991239454899416	-2.0580889512095615	0.1824214330112266	-0.045074782929604595	0.08863011651927204	0.15652656580262647	118.67715078630897	-1.3015236941720498

log2FC_cell_Swertiamarin.txt	-0.166774821544452	2.4977892739585736	0.14609529631577398	-0.05391621129326046	0.06332784915850434	0.12470319781438563	114.263644773358	-2.335378137105131

log2FC_cell_Synephrine.txt	-0.180483452303699	-1.950082884261564	0.147789822196433	-0.02314683946161039	0.05778826259962052	0.08350550437224437	118.86031452358927	-1.1342685953228198

log2FC_cell_Syringin.txt	-0.119078520441272	2.498801443065921	0.20439598351412386	0.14259121370067007	0.11629719840102377	0.1597335718789608	111.45605920444034	-2.6423412675091744

log2FC_cell_Tanshinone_I.txt	-0.228260869565217	2.498531222658703	0.14331306783435974	-0.034479496520017694	0.07397031459338174	0.13037713164174639	112.55596669750231	-1.3843331977192366

log2FC_cell_Tanshinone_IIA-sulfonic_sodium.txt	-0.196057754704737	2.498834211694549	0.16155843602839753	-0.022493983321206668	0.08306573844137952	0.12624502765877713	114.32747456059205	-1.1536515199124877

log2FC_cell_Tanshinone_IIA.txt	-0.084928617780662	-2.0147889716709426	0.1608046663904772	0.017317154529661316	0.09359368984418165	0.16115205533580101	109.07308048103607	-1.0004042257184416

log2FC_cell_Taraxerone.txt	-0.0590525632706035	2.4851529617495003	0.16576051759022606	-0.04191968110866895	0.10857340309784354	0.20820870218663	116.3940795559667	-0.8237180752038197

log2FC_cell_Taurocholic_acid_Sodium_Salt.txt	-0.140979883192732	-1.9327128135824574	0.1783918943260426	-0.022761590561664435	0.06517154249157824	0.1602269574291661	124.32747456059205	-1.2925109960941652

log2FC_cell_Taxifolin.txt	-0.13789746917586	-1.9456930696239714	0.11597269784767666	-0.10562177982378579	0.03779992967831007	0.14462363940392398	126.09435707678075	-1.221854912611437

log2FC_cell_Tectoridin.txt	-0.032933160285529	2.498615133814104	0.1616837179163621	-0.0715732185799266	0.09953402576339243	0.1398748034831981	111.8963922294172	-0.8247685877397329

log2FC_cell_Tectorigenin.txt	-0.113805970149254	-1.948011718503678	0.1728844726486064	-0.007322782555595153	0.09220849147098276	0.18557464007096258	126.96392229417206	-0.5829187929714408

log2FC_cell_Tenacissoside_H.txt	-0.122728747566515	2.498791539739386	0.16165693032430367	0.010674034633925134	0.1251582550211751	0.2171513152841008	114.56244218316374	-0.9595789762695386

log2FC_cell_Tenuifolin.txt	-0.139519792342635	-1.9992297079258137	0.13648836571480893	-0.008324658742687174	0.07684009718272311	0.13198063467991356	123.30804810360777	-1.547751798935602

log2FC_cell_Tetrahydrocoptisine.txt	-0.103017521090201	2.486526785406268	0.18046929815208934	0.2190296669928944	0.08212215409938711	0.16997132204572046	115.66882516188714	-1.8098172519318072

log2FC_cell_Tetrahydropalmatine.txt	-0.110236859182349	2.4986187258365096	0.15255756468536413	-0.03945575240691079	0.08814305754609213	0.15202442265700322	115.31082331174838	-1.8308429323655446

log2FC_cell_Tetrandrine.txt	-0.181619078520441	2.4991163630067907	0.1969334906144671	0.07612214330579314	0.08677400672941604	0.14918745574332284	115.0268270120259	-2.1351216604565235

log2FC_cell_Thymol.txt	-0.073004542504867	2.4988826668164226	0.13949231661940542	-0.06112295664534473	0.08518082462644581	0.1850812545207573	114.53839037927844	-1.016613701881675

log2FC_cell_Tilianin.txt	-0.0716255678131084	2.485035077652256	0.15393829525706265	-0.03188631437555334	0.09253362306022421	0.1430201363657568	111.82608695652173	-1.0494352537840141

log2FC_cell_Tiliroside.txt	-0.151362751460091	-2.0511137188820787	0.128700597233482	-0.061519653402347774	0.08256804941559572	0.17940732069339652	124.81221091581868	-0.8760989423853689

log2FC_cell_Timosaponin_BII.txt	-0.209604153147307	-1.9197821988163253	0.22371799337634848	0.07701245478291219	0.0646667199392272	0.1420333652653462	112.65679925994449	-1.1582633774350923

log2FC_cell_Toddalolactone.txt	-0.139276443867618	2.499057504460344	0.14486381991483765	-0.09193053502440968	0.0611280276970101	0.11939930314967882	121.20074005550417	-1.1809378016153105

log2FC_cell_Toosendanin.txt	-0.103990914990266	-1.9732516402996143	0.19291430392071995	-0.025800376647834355	0.09170118052143515	0.16386567586193004	125.70027752081405	-0.9358405788688073

log2FC_cell_Tracheloside.txt	-0.114617131732641	2.498512384402751	0.19672823415314872	-0.004255293391281334	0.08859310732369031	0.19013845641036145	118.84458834412581	-1.3083291583561552

log2FC_cell_Trifolin.txt	-0.0520765736534717	2.512310701408696	0.2125518856392739	0.06156105656765343	0.10746649787478424	0.171143112727458	109.0777058279371	-2.008512689638982

log2FC_cell_Trigonelline.txt	-0.105613238157041	2.4991524509956293	0.1447549055391465	-0.09249403709172327	0.09564177746486549	0.17095809314613103	116.54949121184089	-1.1063511973721578

log2FC_cell_Tripterifordin_Hypodiolide_A.txt	-0.122323166774821	-1.972704583838171	0.1036977302073342	-0.06262976548289828	0.06348877178510651	0.14826235783668795	123.76965772432932	-0.33230453339286375

log2FC_cell_Tubeimoside_I.txt	-0.081440622972096	-1.6104576633340315	0.12406277395324941	-0.052352349867831605	0.0967321257051085	0.16078201617314705	120.98149861239592	-1.0270668212370615

log2FC_cell_Turicine.txt	-0.160123296560675	-2.0197126500341067	0.15627370001609692	-0.07433795130696119	0.08423819014407982	0.1506676123939387	112.36355226641999	-1.7300226956694886

log2FC_cell_Tussilagone.txt	-0.0766547696301103	2.512122744805941	0.18294672710702284	-0.0578429975780026	0.08218745898774316	0.1197076691185571	110.36170212765957	-1.682826357460193

log2FC_cell_Typhaneoside.txt	-0.19329980532122	2.4989213528154046	0.1822084766312333	-0.013647058823529401	0.08857263225077937	0.16275555837396816	113.95559666975024	-1.4776719267783334

log2FC_cell_Ursolic_acid.txt	-0.165152498377677	-2.018434155037	0.12112477104481062	-0.08841666162868023	0.07709666696266104	0.0979987049095246	121.05180388529139	-1.1765299529170272

log2FC_cell_Vaccarin.txt	-0.0975016223231667	-1.9622320908846156	0.15535642463441873	-0.08926632542267732	0.1025166636577368	0.18717814310912972	110.97039777983349	-1.8348687062023774

log2FC_cell_Valtrate.txt	-0.1069922128488	2.526189365087895	0.32654906930100214	0.7075238801701756	0.08047005993906599	0.12118782576917297	111.91859389454208	-0.9060193031443113

log2FC_cell_Vanillic_acid.txt	-0.0791693705386113	2.4987833614274093	0.25857812390212637	0.5935623942252135	0.0929223578672477	0.17546023629175422	117.48566142460685	-1.2685348073625329

log2FC_cell_Verbascoside__Acteoside_.txt	-0.144062297209604	2.5126700904628034	0.24793683556710366	0.5886744176092231	0.09112968009472856	0.14561041050433454	113.63367252543941	-0.9438403891181373

log2FC_cell_Vitexin-2_-O-Rhamnoside.txt	-0.221852693056457	-2.04777963634137	0.12680866010663935	0.019205656660754522	0.07308716819731262	0.14104659416493565	119.94634597594819	-1.0189799120458936

log2FC_cell_Vitexin.txt	-0.175292018170019	2.486522637636151	0.16592340919512177	0.033417624954086955	0.08134694741701289	0.14968084129352813	111.64754856614246	-1.614272171820403

log2FC_cell_Wedelolactone.txt	0.00770603504218037	2.4862486269501476	0.17898205443893853	-0.020485476094339927	0.11437461402857908	0.18168922886309594	130.84736355226642	-0.47710090892590507

log2FC_cell_Wogonin.txt	-0.170587280986373	2.48531929558112	0.21089205639956105	0.2988698440690955	0.06864235635523078	0.16916957052663686	110.82053654024052	-1.0762973216323866

log2FC_cell_Wogonoside.txt	-0.21325438027255	-1.969698294006721	0.14251679985192642	-0.08471135756015452	0.039539910450852214	0.12914366776623318	125.38390379278447	-1.0010905303381719

log2FC_cell_Z-Ligustilide.txt	-0.126541207008436	-1.6372751006954163	0.1459461353340773	-0.007362703681351723	0.09538966388927839	0.15597150705864551	123.51618871415356	-0.7381494340623626

log2FC_cell__-_-Borneol.txt	-0.0928780012978585	-1.9902161901443658	0.14827784851587864	-0.013329092431468126	0.04673666738533516	0.1519627494632276	126.3940795559667	-0.7419948404411367

log2FC_cell__-_-Caryophyllene.txt	-0.126460090850097	2.4984314713108264	0.14123481509328195	-0.07970705113468418	0.08691642255857625	0.15430633082670267	116.49028677150787	-1.444468105583176

log2FC_cell__-_-Syringaresnol-4-O-¦Â-D-apiofuranosyl-_1_2_-¦Â-D-glucopyranoside.txt	-0.0807105775470474	2.5115410564086913	0.15316612146950245	-0.024766656280502952	0.06710511041138643	0.14314348275330813	123.49028677150787	-0.7101075115840586

log2FC_cell__-_-pareruptorin_A.txt	-0.19719338092148	2.4988872645891735	0.12216521150025994	-0.07858783395818558	0.06122308627785442	0.12852693582847657	110.44310823311748	-0.8948746210078231

log2FC_cell____-Catechin_Hydrate.txt	-0.0406391953277093	-2.052827707753394	0.22522024790812364	0.3049547281379744	0.08671307907039766	0.17064972717725274	128.0249768732655	-0.7529459498575028

log2FC_cell____-Corynoline.txt	-0.177563270603504	-1.9044913253608726	0.14037747690390961	-0.05771094421073503	0.10506514391874323	0.130993863579503	123.87419056429232	-1.4939397051313126

log2FC_cell_aurantio-obtusin.txt	-0.0647306943543153	-2.028590735926345	0.1976235255892752	-0.030106169723067677	0.10292940313564894	0.18125751650666636	113.2081406105458	-2.255494352214969

log2FC_cell_baohuoside_I.txt	-0.0648118105126542	-1.9224597189618073	0.13812131162598268	-0.11735349342820434	0.07415988289969327	0.16892287775153422	130.30342275670677	-0.9942276694679959

log2FC_cell_chikusetsu_saponin_Iva.txt	-0.17910447761194	2.4975308611911617	0.1342647874177756	-0.16391201314708742	0.05989512853977441	0.1172407413675307	120.95374653098982	-1.1136997993563373

log2FC_cell_cinnamaldehyde.txt	-0.0970149253731344	-1.8126935429327593	0.1413538118046298	-0.10324607770406458	0.06686756834787316	0.11428042806629898	126.9722479185939	-0.5508711591029086

log2FC_cell_cinnamic_acid.txt	-0.133760545100584	-1.9620835373295158	0.16798346992715674	-0.05630973624956792	0.09955289128836395	0.2202349749728838	128.1600370027752	-1.3790788579531716

log2FC_cell_cis-Anethol.txt	-0.199464633354964	2.4982951225209384	0.1835348533788731	-0.015704481227291178	0.0925858926855132	0.1515927103005736	113.29232192414432	-2.2096152503038407

log2FC_cell_cis_trans-Germacrone.txt	-0.188838416612589	-1.962610881348495	0.13732933144648996	-0.08990789168150204	0.05213142430499718	0.15233278862588154	126.69842738205365	-0.6782717318470779

log2FC_cell_cynarin__1_4-Dicaffeoylquinic_Acid_.txt	-0.118916288124594	2.485920421608542	0.15174830052758218	0.009814366803081453	0.08649207911779079	0.18057911137513405	111.44310823311748	-1.2315762727625477

log2FC_cell_daphnoretin.txt	-0.108939000648929	2.4986145347691493	0.1821316828572357	-0.0030505384944475855	0.09206231256114644	0.1420333652653462	130.90749306197964	-0.781166396270216

log2FC_cell_endo-Borneol.txt	-1.2759571706684	-1.9796491890378296	0.14165822099152722	-0.059691394523787855	0.06387365797160983	0.13136390274215695	121.33672525439408	-1.9932185927916055

log2FC_cell_l-Perillaldehyde.txt	-0.100746268656716	-1.981621362967098	0.178798110081408	-0.019300222472624307	0.07176612560568307	0.15153103710679794	128.03792784458835	-1.6150887995440661

log2FC_cell_oroxylin_A_7-O-¦Â-D-Glucuronide.txt	-0.0235236859182348	-1.576441167173336	0.1633098040118003	-0.07147705050040265	0.11419920040034726	0.13173394190481091	125.2895467160037	-1.042054275952953

log2FC_cell_psoralidin.txt	-0.113319273199221	2.498195466154944	0.16911789418315812	0.004110599516960023	0.09367055234614653	0.15732831732171004	110.96577243293247	-1.4881094694756238

log2FC_cell_schisanhenol.txt	-0.166774821544452	2.4980084276081436	0.16406224787349147	0.011597683288600114	0.09114721783041846	0.14215671165289753	110.57539315448659	-1.8360567340012637

log2FC_cell_vitamin_D2.txt	0.00137897469175863	-1.9506144222279942	0.1749955269199397	-0.15177967407877302	0.14018640527866852	0.15529310192711324	111.75023126734506	-1.8930824823654313

log2FC_cell_vitexicarpin.txt	-0.178293316028553	2.4980535967666726	0.19376521416948836	-0.018664116859402113	0.07874804385684042	0.1453637177292319	111.64384828862164	-1.9105954143369006

log2FC_cell_¦Á-Cyperone.txt	-0.095230369889682	2.498880940956075	0.2365565183411584	0.1617919126068188	0.10456054902121152	0.16701100874448874	112.7881591119334	-1.3870582557054127

log2FC_cell_¦Á-Hederin.txt	-0.17074951330305	2.499201226296609	0.1930568286217889	0.005634492895639331	0.06302261881539786	0.1416016529089166	114.59204440333025	-1.4173768895441394

log2FC_cell_¦Â-Sitosterol.txt	-0.066434133679429	-1.9256050882072508	0.12509254752530338	-0.18160442600276622	0.058475716096970325	0.13827130044503094	127.86401480111009	-0.5739633407186294

log2FC_cell_¦Â_¦Â-Dimethylacrylalkannin.txt	-0.0463984425697599	-1.9766829362053748	0.15662307060233374	-0.02660321752632855	0.10694841288800498	0.20543340846672525	129.31082331174838	-1.082301906218824

