	SScmap	SSfisher	SSlincs	SSlincs_Norm	SSpearson_corr	SSspearman_corr	SSzhang	SSzhang_Norm
log2FC_cell_1-O-caffeoylquinic_acid.txt	-1.55788680819505	-2.44407748189519	0.12677589394521496	0.6446312793256799	0.06354452722475357	0.0982512378476058	0.06374829001367989	-0.07219765123994734

log2FC_cell_10-Gingerol.txt	-1.52404978214517	1.4876000832545533	0.025184503854618623	0.0	0.09797729896686071	0.09665362130623527	3.443228454172367	-0.002606125834088896

log2FC_cell_1_3-O-Dicaffeoylquinic_acid.txt	-1.58895429683879	1.1606055742167287	0.1375803737189723	0.7361888848187728	0.08543631257121226	0.10936683142850927	3.4946648426812588	0.3930382626546479

log2FC_cell_1_8-Dihydroxyanthraquinone.txt	-1.61333549643089	-1.4377376972485842	0.010270428061948444	0.03281675942397744	0.055822720337391406	0.08609578901699891	12.439945280437756	2.190546424884644

log2FC_cell_2-Undecanone.txt	-1.62096041531473	2.4546882041892424	0.007270252854170947	0.0	0.08727926332659337	0.13037636391343552	3.088372093023256	0.3224631674467332

log2FC_cell_2_3_5_4-tetrahydroxyl_diphenylethylene-2-o-glucoside.txt	-1.52713219616205	-1.7892410875190632	0.029323086876404773	0.03327145096231021	0.1193002031376926	0.1526908513661027	8.495759233926128	0.3898783039247653

log2FC_cell_3-Acetyl-11-Keto-Beta-Boswellic_Acid.txt	-1.61179428942245	1.5206813137809296	0.14458664376910707	0.7872660924963237	0.12387982911941224	0.15331095588651553	4.755950752393981	-0.7330656372992199

log2FC_cell_3-Hydroxy-4-methoxycinnamic_acid.txt	-1.53702836747937	1.5223817303183305	0.15556867086051815	0.7293232757510316	0.09988923364649024	0.12804690364145718	8.908071135430916	0.5259559167059479

log2FC_cell_3_29-Dibenzoyl_rarounitriol.txt	-1.53866227866877	1.5211777154774755	0.15101035180978506	0.8699568330091803	0.07903583271794974	0.0981165262106129	6.731053351573188	0.1374725849020945

log2FC_cell_3_4-Dihydroxybenzaldehyde.txt	-1.59589552238806	1.5280448019655806	-0.00035665820483932187	-0.1923125701733966	0.09014509817181837	0.11538292416043393	5.902872777017784	-0.14346214343880342

log2FC_cell_3_4-Dihydroxybenzoic_acid.txt	-1.6280175210902	1.5589044292397911	0.04384646161551534	0.3534694146685309	0.1021726351800255	0.11505877524697329	10.632831737346102	1.269741570364849

log2FC_cell_3_6_-Disinapoyl_Sucrose.txt	-1.59946463335496	1.5829133605800352	0.14003378205381214	0.7375357010410714	0.09169768075805884	0.12296567730647871	7.331326949384405	0.7894560822618358

log2FC_cell_4-Carvomenthenol.txt	-1.53978631686289	1.5798510013428917	0.01951300614704793	-0.20118986274338008	0.09433495184368328	0.11011603763244665	5.629822161422709	0.2892555399664887

log2FC_cell_4-Dicaffeoylquinic_Acid.txt	-1.55063270603504	0.9722590767447208	0.15075924959582274	0.754716537064121	0.11131842820143151	0.11813851228824918	6.295212038303694	-0.472007782750425

log2FC_cell_4-Hydroxybenzyl_Alcohol.txt	-1.70110317975341	1.580095713206123	0.025948275180453617	0.0	0.07598229739757398	0.10816013445509531	10.05061559507524	0.70377385021134

log2FC_cell_4-Hydroxyphenylacetic_acid.txt	-1.56182673588579	1.5182509365947543	0.152944315230353	0.7577495825692679	0.0900078818352762	0.13408645658514015	2.7173734610123117	0.07387968218741067

log2FC_cell_4-Mthoxysalicylaldehyde.txt	-1.53962408454621	1.136517084260865	0.14119183823206738	0.7435903921728237	0.12240677311564307	0.15514352023164038	9.69439124487004	0.21802133597826967

log2FC_cell_4_-Hydroxyacetophenone.txt	-1.60879299156392	-2.424582155165868	0.027513016238974848	0.1288965806717446	0.05232491863485281	0.0799804568303821	5.559233926128591	0.5952968409145859

log2FC_cell_5-O-Methylvisammioside.txt	-1.61430889033095	1.5243928812582874	0.14539564153868476	0.6951211982106692	0.06412544995498655	0.0752532137983336	1.9389876880984953	0.3346697613012146

log2FC_cell_5-hydroxymethyl-2-furaldehyde.txt	-1.59265087605451	1.55757235249767	0.15529193489300416	0.7460910187806408	0.13378296275957668	0.13995847076133938	8.715184678522572	0.39365920447859276

log2FC_cell_6-Gingerol.txt	-1.5509571706684	-1.847048012434914	0.1386635526915038	0.913493057722992	0.0649951803235152	0.10132989378438328	9.437756497948017	0.7345994432538402

log2FC_cell_6_7-Dihydroxycoumarin.txt	-1.62331278390655	-1.8534823364536135	0.026921178830330024	0.0	0.0731927501453827	0.11136029404568365	3.7160054719562243	0.4511995053628618

log2FC_cell_8-Gingerol.txt	-1.63499351070733	-2.465570391670607	0.1305574410930294	0.8064952355100696	0.09038917759666189	0.1289263323827805	-2.978385772913817	-0.8451838556961729

log2FC_cell_8-O-Acetylharpagide.txt	-1.53710948363771	-1.8216957782195955	0.15078380958236032	0.7325314783020582	0.10368286832821764	0.12746434499226902	4.6021887824897405	0.37798332339234486

log2FC_cell_A-Terpineol.txt	-1.60571057754705	1.5278228277571055	0.04555658558450843	-0.004283000824922278	0.09104091558995255	0.11482426054583296	9.592886456908344	0.5058688558607857

log2FC_cell_Acevaltratum__Acevaltrate_.txt	-1.57605682766293	-1.7333160445396547	0.0257844569288661	0.23015194952479578	0.09815604366494073	0.12938371490829498	10.391792065663475	0.9391511049050274

log2FC_cell_Aconitine.txt	-1.60793547789005	1.6562084542901516	0.05226988846372217	0.0	0.07029421494350381	0.09051290319428565	10.824623803009576	0.7484919040446288

log2FC_cell_Agarotetrol.txt	-1.60514276443868	1.0261438431458203	0.15784618621525587	0.7508489524674842	0.12821371406508994	0.14567271519166688	10.899589603283173	0.6331419424216035

log2FC_cell_Ainsliadimer_A.txt	-1.66289746917586	1.2458996009935808	0.13726964774496728	0.7341031257157451	0.10684978209991905	0.11851960426337256	7.764158686730506	0.852329374405222

log2FC_cell_Alantolactone.txt	-1.52946138870863	0.8903342224706275	0.15104430548453818	0.743866053424967	0.12287125841189375	0.12940325780005665	11.668399452804378	0.9640277084114242

log2FC_cell_Albiflorin.txt	-1.54522109947159	-1.7312174981986845	0.1381126941218976	0.6722055931101775	0.08206453567576104	0.1095004275187858	6.956497948016416	-0.3618745325386388

log2FC_cell_Alisol_B_23-Acetate.txt	-1.74850978029109	-1.8559181731769994	0.12961893669090674	0.6329789856860526	0.023599878479204053	0.06435568585032334	5.903419972640219	0.4149016102903574

log2FC_cell_Alisol_O.txt	-1.55355288773524	1.5504676356274512	0.15001411200126835	0.7378768967293527	0.0860404952523964	0.11823449515824856	10.735430916552668	0.27261311922734216

log2FC_cell_Alkannin.txt	-1.54554556410494	1.6873172702792858	0.1321769274147354	0.7414194645041615	0.07065617629103342	0.10672529621275911	7.429822161422709	0.0870782704812221

log2FC_cell_Allicin.txt	-1.5429498470381	1.1386854677224103	0.1408375292053926	0.7507338086894977	0.1402175408294563	0.17956798555488618	5.522298221614227	0.1898493594961299

log2FC_cell_Alnustone.txt	-1.55525632706035	0.954246186792336	0.15720178602004664	0.7343422770126937	0.11349874326662646	0.1251233645042457	9.868673050615595	0.530910997685228

log2FC_cell_Aloeemodin.txt	-1.526402150737	1.544439240538871	0.15588408581137633	0.7477352859546758	0.10080978329961619	0.12823068429435505	11.623529411764705	0.8126689161279653

log2FC_cell_Aloin.txt	-1.56223231667748	1.1057032394106647	0.15158963809108184	0.7571766393235903	0.10283109048335098	0.1513912300150409	7.85718194254446	0.44275186901453034

log2FC_cell_Alpinetin.txt	-1.6060350421804	-1.85896563989983	0.12306721174204598	0.6831688021310419	0.08276542382662261	0.14199096129533076	8.192612859097128	0.6783227222831513

log2FC_cell_Amentoflavone.txt	-1.5779688513952	-2.404709342727932	0.14400809884626734	0.9016013387386317	0.09566327750261029	0.12490045194941282	8.204651162790698	0.31321604229049343

log2FC_cell_Amygdalin.txt	-1.67331510151108	-2.4439455984349765	0.15718216870624246	0.985536534374897	0.06523287575664767	0.09661925488355665	0.09767441860465116	-0.47860029423555395

log2FC_cell_Andrographolide.txt	-1.62890979883193	1.5244359482074028	0.12912610512740247	0.7896650582366527	0.08401635914446562	0.11122892273537391	0.4916552667578659	-0.8349784897584858

log2FC_cell_Angelicin.txt	-1.54438676184296	1.6044814381037016	0.1496343439872716	0.7895410581867585	0.08837912927170635	0.10345484670600674	4.369083447332422	-0.08087401410429738

log2FC_cell_Anisic_aldehyde.txt	-1.68686149995365	1.5222446743038545	0.14182952156625322	0.7467781340223273	0.05070363644082838	0.07885556825843519	9.593160054719561	0.6050570097331178

log2FC_cell_Apigenin-7-Glucuronide.txt	-1.54653054602763	1.2314979316103805	0.03191929411182272	0.048834159049823245	0.08950781255707216	0.12906314890845288	9.314090287277702	0.5953548361292008

log2FC_cell_Apigenin.txt	-1.61658014276444	1.2441559951849834	0.13791144514815218	0.9141127874115965	0.11466677284776407	0.1425381702852515	8.224897400820794	0.35236845906881903

log2FC_cell_Arbutin.txt	-1.5530661907852	1.5540512682211147	0.03530880144399891	0.0	0.07493739765895614	0.09315255894490317	6.486456908344733	-0.03243651038640921

log2FC_cell_Arctiin.txt	-1.52615880226198	1.602480965588516	0.15597109597545117	1.1027228640362938	0.10329412993904975	0.10600064491542813	10.745554035567716	0.7548737777227112

log2FC_cell_Arecoline_hydrobromide.txt	-1.57553536664504	-1.4871262360317383	0.14288861040535136	0.6332694563361534	0.08667290555139932	0.13223302027256853	4.555403556771545	0.13778947025935953

log2FC_cell_Aristolochic_acid_A.txt	-1.54140864002967	1.587830111008279	0.15362389258416514	0.8245383468287866	0.10987380988626125	0.13942876127380568	11.837756497948016	0.9600200052468405

log2FC_cell_Artemisinine.txt	-1.58121349772875	-2.4237526846606636	0.14106395623617557	0.6651167635190378	0.08535331755123127	0.11574447295734587	8.202735978112175	0.9127196210978447

log2FC_cell_Asarinin.txt	-1.54019189765458	-2.4452527768062726	0.13812490196696894	0.7500678362172976	0.08962771573049452	0.12043447933498048	0.6424076607387141	0.1491395215748883

log2FC_cell_Asiaticoside.txt	-1.52948456475387	1.5806621878841287	0.1369832763714715	0.6366042621268495	0.09298088787017227	0.11096616588464497	6.954035567715458	0.2554436594600862

log2FC_cell_Asperosaponin_˘ö.txt	-1.58875730045425	1.5238618550350775	0.13066689422782354	0.7219996792709139	0.07340896385248212	0.11577209079627512	11.443775649794802	0.09446580779247332

log2FC_cell_Astilbin.txt	-1.58356586632057	-1.4288321657646907	0.14558341000896827	0.8009165164579353	0.057890361901771444	0.10737022109373713	7.80218878248974	0.28656423832402933

log2FC_cell_Astragaloside_I.txt	-1.57123621025308	1.581599147592969	0.14262239877995606	0.5041327231595987	0.08397599499181241	0.11698546477377329	6.972913816689466	0.49542651152891776

log2FC_cell_Astragaloside_II.txt	-1.53345925651247	1.0622655188422323	0.1506490055441997	0.7391932067882032	0.1284187096474467	0.15761573227538953	9.183857729138166	0.7199314204366658

log2FC_cell_Astragaloside_IV.txt	-1.53775841290442	1.1401108830986817	0.1627870632017421	0.7541084676490639	0.11524333062913412	0.14637625929508788	10.78577291381669	0.5448083220234

log2FC_cell_Atractylenolide-1.txt	-1.53359831278391	-2.444599404849855	0.014540204013689328	0.0	0.10846161069226812	0.1436304830025699	10.60218878248974	0.6664671815284982

log2FC_cell_Atractylodin.txt	-1.63061323815704	-2.42418951922139	0.1475244838259116	0.9365754555222002	0.1040563394234923	0.14482472213599182	8.861833105335156	0.7547248690394521

log2FC_cell_Baicalein.txt	-1.56847826086957	-2.4442057415751957	0.03472919554286583	0.0	0.12462524678589412	0.166239147271426	6.39124487004104	0.0774646194716053

log2FC_cell_Baicalin.txt	-1.52932233243719	1.585139663077465	0.009099976823090869	0.17691836216251944	0.11002095884668565	0.12769887000605423	2.804924760601915	-0.1817335026634705

log2FC_cell_Bakuchiol.txt	-1.58040233614536	1.5165417554559981	0.12905138223780438	0.7105875169139148	0.12082015561739297	0.13211188470943994	7.004924760601916	0.257015470031741

log2FC_cell_Barlerin.txt	-1.66216742375081	-2.423927446254568	0.026814706721648124	0.04390707144586081	0.09296425467645635	0.14102482727061857	0.8470588235294118	0.00024069851635643002

log2FC_cell_Batatasin_I.txt	-1.59674144803931	1.2398761180191376	0.15686862805785515	0.7529341089541395	0.08503053722326716	0.09168950851444804	2.5808481532147742	0.6088695738076442

log2FC_cell_Bavachinin.txt	-1.62862009826643	1.0982933611454946	0.13816134342987305	0.7700930653117504	0.09817867848357432	0.1283283987531635	10.587688098495212	0.6573558394467908

log2FC_cell_Benzoylaconine.txt	-1.54008760545101	1.6686198852258716	0.1284265736600659	0.7430313035569488	0.09591490358150098	0.1305327139226257	3.6298221614227084	-0.013453735607215894

log2FC_cell_Benzoylhypacoitine.txt	-1.64391628812459	1.2137376980555743	0.15388405575381572	0.7351862402922863	0.09779725987012777	0.11853914744158402	7.782489740082079	1.10058707584764

log2FC_cell_Benzoylmesaconine.txt	-1.64954806711783	1.5124695140421571	0.032648771430757124	0.09558498267366411	0.05104885067564777	0.06467814829081234	4.86593707250342	-0.1889196475164528

log2FC_cell_Berberine_hydrochloride.txt	-1.54584685269306	1.241757615398261	0.15381547358374606	0.7607283760060042	0.0911368911173608	0.09563454257775804	6.112995896032832	0.3827009562559022

log2FC_cell_Bergenin.txt	-0.0973208491702976	1.6580389616307383	0.1631547567695391	0.732921255889523	0.08259281448427462	0.11160131917651726	8.051162790697674	0.7538306721942621

log2FC_cell_Beta-Elemene.txt	-1.54888291461945	1.5692386835808854	0.025722474025842657	-0.10441211696327651	0.08437184855755246	0.11531452303669386	6.337619699042408	0.5790793136419686

log2FC_cell_Betaine.txt	-1.60562946138871	1.1492961082667774	0.1607306363522895	0.7532634643319149	0.11423695147110187	0.12476364970193264	7.825718194254446	-0.08233422545319304

log2FC_cell_Bilirubin.txt	-1.64232872902568	1.5505575527968627	0.15820022951041793	0.726596322275414	0.06704799849775059	0.09559545622133513	6.643228454172367	0.11116183464466943

log2FC_cell_Bilobalide.txt	-1.57464308890331	1.5691771588887282	0.05611237656713556	0.5550742536678489	0.09944623173267145	0.11679809261376406	10.273050615595075	1.2593832360284298

log2FC_cell_Bisdemethoxycurcumin.txt	-1.59130666543061	1.6233220312202263	0.13624014935175785	0.7440741573550751	0.08973879468594571	0.09269193562571454	9.85827633378933	0.22202391679211173

log2FC_cell_Blinin.txt	-1.57788773523686	2.453598510846465	0.13793538678361544	0.762932934125442	0.10137987701985816	0.12794941885206912	0.493844049247606	-0.4329469729895076

log2FC_cell_Bornyl_acetate.txt	-1.66987345879299	1.2606346408648479	0.042251448425374066	-0.04749154773233155	0.0923286277075056	0.10788653397043159	10.388508891928865	1.728818406279979

log2FC_cell_Brucine.txt	-1.52518540836192	-1.4666306825085493	0.039785840236861346	0.06653239573777425	0.09101717858880637	0.12837312942068677	5.2497948016415865	0.8045077839131771

log2FC_cell_Buddlejasaponin_IVb.txt	-1.5955710577547	-2.444558267267472	0.1401436179316216	0.48214551066628786	0.049283551050067445	0.07168998218122499	-1.0645690834473325	-0.1269397461780039

log2FC_cell_Buddleoside.txt	-1.60165476963011	1.259854482101658	0.030446584963249347	0.4073158973246017	0.10606477879920911	0.14462375850088785	4.862106703146375	0.8004869118800965

log2FC_cell_Bullatine_A.txt	-1.57172290720311	1.6077464981111018	0.035495727843730285	0.0	0.11833025268369676	0.13451569562944898	8.529138166894665	0.5712676658089413

log2FC_cell_Caffeic_acid.txt	-1.64979141559284	-2.4444674760079743	0.13294114519371467	0.739148661620002	0.05900458795236619	0.0902574530296884	0.3097127222982216	-0.7298239871013223

log2FC_cell_Calceolarioside_B.txt	-1.69091730787059	1.6579944077445818	0.13326348388206444	0.7217809616157049	0.06369815644015457	0.10653807443887472	11.500410396716827	0.26190826040892656

log2FC_cell_Calycosin.txt	-1.66925929359414	1.5404228836494194	0.1479859096107693	0.8810034460576993	0.058727102465772445	0.061318519229261584	2.3343365253077977	0.37786438934824473

log2FC_cell_Calycosin7-O-¦˘-D-Glucopyranoside.txt	-1.54243997404283	-2.404708310229663	0.15703909170011315	0.8472711378424234	0.07421017088808649	0.10461309960034787	9.966347469220246	0.8947061667939473

log2FC_cell_Camphor.txt	-1.52792018170019	-1.793232281799326	0.14134670623958373	0.7424949295345219	0.09154648042935218	0.11650599339756876	1.5042407660738715	0.22377722689216017

log2FC_cell_Cantharidin.txt	-1.53951979234263	-1.3642830324649786	0.13900935683635463	0.7376455759666944	0.05909023630713228	0.08775144265797115	2.163611491108071	0.08290770308289647

log2FC_cell_Capsaicin.txt	-1.53327384815055	-2.4657505174333343	0.13975841336705042	0.7355598316778754	0.11907261887906329	0.13918651522198686	8.421067031463748	0.8549012778064282

log2FC_cell_Cardamonin.txt	-1.5389751552795	1.2716916419345237	0.14504375714010148	0.763859060118593	0.10774528153537995	0.12685848870665717	3.9209302325581397	0.26748701167225075

log2FC_cell_Carvacrol.txt	-1.53435153425419	1.6473593337795989	0.14995829921810955	0.785350213541824	0.09796952536665463	0.11890069623849596	8.15595075239398	0.47121475080114433

log2FC_cell_Catalpol.txt	-1.56085334198572	-1.251822697676964	-0.0002278771251653655	-0.09624686658260706	0.063545521690001	0.12340539881623647	7.106429548563612	0.1592678722764931

log2FC_cell_Cephaelin_Hydrochloride.txt	-1.57537313432836	-2.444644680452959	0.0300719037549068	0.0	0.10151647371240925	0.16070355443279952	8.206839945280437	0.664876715509344

log2FC_cell_Chlorogenic_Acid.txt	-1.49127885417632	1.1573730635584587	0.039178409551203795	0.0	0.09540914125800123	0.12497862466225865	7.852530779753762	0.5464173539654033

log2FC_cell_Cholic_acid.txt	-1.5433554278298	-2.4654859353940815	0.13167517058097722	0.771946998892124	0.0727625706590193	0.1290341500437425	-0.35704514363885087	-0.2923571364396163

log2FC_cell_Chrysin.txt	-1.6874756651525	-2.444295783838139	0.13555746862616938	0.6644101567468128	0.07717007654523281	0.10555115840490918	9.64186046511628	0.6299300180091263

log2FC_cell_Chrysophanol.txt	-1.54084082692129	1.227377228228298	0.15455099553849466	0.7220802810328498	0.12431519189324895	0.14434379855187174	12.415321477428181	0.7129322611342598

log2FC_cell_Cineole.txt	-1.61828358208955	1.5512103928762402	0.017848894853558617	0.1004583798094476	0.0970382971586648	0.13520947845595563	7.670588235294118	1.1773537613348914

log2FC_cell_Cinobufagin.txt	-1.50717762121072	1.6116737653054245	0.03281975664673252	0.05189312059321094	0.09663367172647608	0.11369077282365471	10.129138166894665	1.0319998278984037

log2FC_cell_Citric_acid_hydrate.txt	-1.52194076202837	1.5232872664145867	0.1477200551935644	0.941840777710894	0.09431394641461503	0.11807988275361483	7.310807113543092	0.5877343367793397

log2FC_cell_Cochinchinenin_C.txt	-1.60425048669695	1.102505578617024	0.03236141865069064	0.09686682199157148	0.10722764336394716	0.15026749726788222	8.426265389876882	0.8147083298441857

log2FC_cell_Columbianadin.txt	-1.6280175210902	1.6026078803987704	0.15164456146688488	0.9303053523671374	0.07880469029893637	0.10763247637752958	11.532421340629275	0.6949007008487972

log2FC_cell_Columbin.txt	-1.53262491888384	-2.423885156993456	0.15025510708730414	0.7362252330678998	0.10437080112575077	0.12283684616812748	12.547742818057456	0.5131366659643617

log2FC_cell_Complanatuside.txt	-1.60955780105683	1.6488811182374732	0.027016316673731368	0.0	0.11588486856842016	0.15099502137538642	4.903693570451436	0.10418584862635656

log2FC_cell_Cordycepin.txt	-1.53467599888755	1.5611301949498835	0.02701553428203013	-0.13513814995122136	0.09180311695509166	0.11492365947246473	6.701504787961697	0.01804948315363237

log2FC_cell_Cornuside_I.txt	-1.57467785297117	1.5087418874853145	0.02712244090316225	0.0	0.08908892597274255	0.11148242605458328	9.235841313269495	0.9991029817369568

log2FC_cell_Corydaline.txt	-1.54795587280986	1.1300333256359891	0.16266599163710543	0.9523781844773349	0.13586676909946305	0.16384023453573812	8.311354309165527	0.44849017133984

log2FC_cell_Corylin.txt	-1.54714471122648	1.6444409615446745	0.020054487418857986	0.0	0.10013557591175534	0.12568586363773107	3.5398084815321478	0.11612090313097621

log2FC_cell_Corynoxeine.txt	-1.54170992861778	-1.723220305235854	0.012486756789003017	0.0	0.07428656078539626	0.12199650182237466	10.042954856361149	0.37470843928542746

log2FC_cell_Costunlide.txt	-1.66427644386762	1.220795871468876	0.03712354689346687	0.10371596295390856	0.07945328431177257	0.11792180889006144	11.395348837209303	0.46604434440735565

log2FC_cell_Crocin_I.txt	-1.57439974042829	-2.4661850557538068	0.019334621617769332	0.09517393654389572	0.12074263577694846	0.14382547936012324	-4.4290013679890565	-0.4570554538557505

log2FC_cell_Crocin_II.txt	-1.52851117085381	1.4804743283789124	0.14569193921254708	0.7690787186254842	0.09783714530280281	0.1292488091014617	8.169904240766074	-0.0945499886231399

log2FC_cell_Crotaline.txt	-1.54057430240104	1.5560172885081887	0.1311145676885772	0.8249885603698826	0.08205331692237758	0.10825943570235838	7.045964432284542	0.5042675344265145

log2FC_cell_Crotonoside.txt	-1.59438907944748	1.537394879863197	0.018571993699690335	0.1503184463657189	0.11122608622096501	0.1390497129745067	8.877975376196991	0.18456550597584573

log2FC_cell_Cryptotanshinone.txt	-1.6319922128488	1.2460686108596615	0.16818218453372064	0.728094408635942	0.1162781095286039	0.1429192622603749	8.433378932968536	0.27643399720523404

log2FC_cell_Curculigoside.txt	-1.5620700843608	-1.7890772245647637	0.12340702782665956	0.6549207042352118	0.10220389332349869	0.1269757512135498	3.2191518467852256	-0.1516674262300353

log2FC_cell_Curcumin.txt	-1.56880272550292	-1.749665033401761	0.03476284147251983	0.22642470800772962	0.07047906896045414	0.1174740442290597	8.294391244870042	0.5357300384585475

log2FC_cell_Curcumol.txt	-1.56572031148605	1.572818476147356	0.04010079042313579	0.09207875332972515	0.11921775550966815	0.15586661782546424	9.35485636114911	0.47814841270925734

log2FC_cell_Curdione.txt	-1.53208028182071	-2.4241882486746835	0.05130931962719759	0.0	0.10534649167315634	0.1282716501908889	9.380848153214774	0.44727456026682005

log2FC_cell_Cyasterone.txt	-1.54554556410494	1.5630515354725438	0.14552362861514156	0.7101473717206535	0.07809617157441957	0.12845731038389777	8.083994528043776	1.2218728591416552

log2FC_cell_Cycloastragenol.txt	-1.62566515249838	1.0646210670546012	0.031093370883115465	0.0	0.07333533510737485	0.08746549408536959	6.415595075239398	-0.1696745633240094

log2FC_cell_Cyclovirobuxine.txt	-1.62488875498285	-1.4587242385653596	0.1363537631557401	0.7244566718791893	0.05142239539963822	0.06772589140015048	8.960601915184679	0.6142789116026762

log2FC_cell_Cynarin.txt	-1.53670390284602	1.5464055079645918	0.0546039302637717	0.0	0.09945736849840896	0.12896354273541855	11.172640218878248	0.4433254380667199

log2FC_cell_Cynaroside.txt	-1.57188513951979	1.6202545277456923	0.1365412856474001	0.6488420789031297	0.09845171694198715	0.11629509121074774	2.8818057455540353	-0.12625205952889745

log2FC_cell_DL-Isoborneol.txt	-1.54106099935107	1.5731072337567498	0.14354155109836783	0.8651768020001672	0.09949662663825669	0.11761084647653987	7.445417236662107	-0.03253279953968877

log2FC_cell_Daidzein.txt	-1.55906878650227	1.0765142887462902	0.02733024895773393	0.0	0.12792622597106773	0.14228410896850258	8.555677154582764	0.904239464714143

log2FC_cell_Daidzin.txt	-1.65027811254288	-2.4658798474430554	0.14455368813498165	0.7468082939626012	0.07259980663253013	0.07737030848454646	9.377291381668947	0.41862273372052156

log2FC_cell_Daphnetin.txt	-1.56182673588579	-2.4445558299663905	0.028284430392777005	0.24723243482268398	0.08978752283647898	0.11840581633481476	3.416689466484268	-0.17473164704369534

log2FC_cell_Dauricine.txt	-1.68856493927876	1.5506435764961224	0.1603488913685892	0.9642138026112443	0.061738674589023344	0.08674239649154573	7.6465116279069765	0.7860288614649436

log2FC_cell_Daurisoline.txt	-1.53889403912116	-2.4447736664182305	0.1464540681401988	0.862269378046348	0.09033122650414258	0.10792059384350039	4.454445964432285	0.368167443329631

log2FC_cell_Deacetylasperulosidic_acid.txt	-1.53856957448781	-2.444600675175606	0.15306050631666143	0.8868559249750938	0.09216921635734433	0.12122011650023742	4.409575923392613	-0.043471672606084234

log2FC_cell_Dehydroandrographolide.txt	-1.61247798275702	1.1829505613447957	0.12872705589841943	0.731553765243449	0.0986002840057221	0.14234273850313697	7.323939808481533	-0.0339017671691092

log2FC_cell_Dehydrocostus_Lactone.txt	-1.52203346620933	-1.3571554256950922	0.039859793382237635	0.060804553748942725	0.08365051171122005	0.11596751971389205	10.384131326949385	1.0839715608054665

log2FC_cell_Dehydrodiisoeugenol.txt	-1.54807175303606	1.6322136847734714	0.15678253292841138	1.0094924880653815	0.07312224704086207	0.0978024018213975	9.412585499316005	0.7051050040770269

log2FC_cell_Demethoxycurcumin.txt	-1.53865069064615	1.6043893690660975	0.15511821090292133	0.7432375588434976	0.10491161502293936	0.1198031945419517	4.66484268125855	-0.18800771753134288

log2FC_cell_Dendrobine.txt	-1.57667099286178	1.309089516073647	0.030711988785199373	0.0	0.07549893094668474	0.09337730549433493	5.682352941176471	0.4394238475996028

log2FC_cell_Deoxycholic_acid.txt	-1.51155789376101	-1.3942175909645407	0.03919399421155842	0.1433524717810012	0.10947728083800996	0.1463371735115645	11.90998632010944	0.9072553020642727

log2FC_cell_Dihydrocapsaicin.txt	-1.63835403726708	1.487209851634511	0.13397417187455476	0.7698795577007842	0.08022676381151454	0.10793697326186935	6.473871409028728	0.47717912010365887

log2FC_cell_Dihydrotanshinone_I.txt	-1.55103828682674	-2.4237538652772996	0.02781650254237609	0.0	0.10244295284642128	0.14684744108087747	7.287277701778386	0.10107212486832766

log2FC_cell_Dioscin.txt	-1.55501297858533	-2.4655325869238087	0.1329890380938888	0.7370575269922323	0.11470702645147841	0.14361450083632532	2.13187414500684	-0.4409269216366278

log2FC_cell_Diosgenin.txt	-1.52989014554556	-1.764897228006805	0.00910408069925988	-0.1760618106997941	0.11513419904610937	0.15462794275538758	2.20218878248974	-0.17603620332205838

log2FC_cell_Dipsacoside_B.txt	-1.59159636599611	1.5728049792508823	0.15235208184735166	0.7455519679925948	0.07938165364071859	0.10288506169420808	6.93953488372093	-0.08643893651315529

log2FC_cell_Dracohodin_perochlorate.txt	-1.66143737832576	1.474589940564552	0.15888964909040293	1.0571933736527748	0.10449374228941219	0.13900493004561687	4.704514363885089	0.7164640755258495

log2FC_cell_ECG.txt	-1.57451562065449	1.6105001724622565	0.1627822279735991	0.7584916473021412	0.09317128931561146	0.10277757421404507	7.201367989056088	1.7027179825673864

log2FC_cell_EC_Epicatechin.txt	-1.60595392602206	-2.42440957623002	0.14479161791149897	0.7635903943390391	0.09582465505971148	0.13090020766032967	8.518741450068399	0.14934494611736157

log2FC_cell_EGCG.txt	-1.6335681839251	-1.7681313797291265	0.14229497339966093	0.7140591277636776	0.05493033730321666	0.1050327586135196	14.716552667578659	0.7093468195667245

log2FC_cell_Ecdysterone.txt	-1.58859506813757	1.2735549275986981	0.15346231862915058	0.7524472278322981	0.11050260767496817	0.14174105520644448	4.919288645690835	0.40700191148502224

log2FC_cell_Echinacoside.txt	-1.51958839343654	1.5735428777633484	0.15338055175634094	0.8186126958818818	0.11691930310194802	0.1122152844956468	11.114637482900136	0.8285467783235511

log2FC_cell_Ecliptasaponin_A.txt	-1.54860480207657	-1.6760462944821877	0.01620565847068428	0.0	0.06339861166946713	0.10568744228894113	13.746922024623803	0.41556863110454

log2FC_cell_Eleutheroside_E.txt	-1.54733011958839	1.5219467482377966	0.1367820917220099	0.732145493148814	0.07807067418156725	0.10179362785836142	2.827906976744186	0.0010854097621889446

log2FC_cell_Ellagic_acid.txt	-1.57654352461296	1.2311489461234741	0.13943333626563156	0.8994343855174043	0.04447853353328237	0.05264855040600358	7.822982216142271	0.9117098075163387

log2FC_cell_Emodin.txt	-1.575048669695	1.5303397291414789	0.14885289787184036	0.9602017020219777	0.1165035780296527	0.1416978136221589	7.043228454172366	0.3283672866657381

log2FC_cell_Engeletin.txt	-1.60416937053861	1.602205781738059	0.1441879387583196	0.7843293351988219	0.12544059574991756	0.16317875169875887	3.7053351573187414	0.09397137730745847

log2FC_cell_Ephedrine.txt	-1.5998933901919	-1.4089709161902968	0.011478828400784805	0.0	0.06101531669195156	0.10975329742057495	0.19097127222982216	0.06901065255858965

log2FC_cell_Ergosterol.txt	-1.57918559377028	1.2586705045719022	0.14021885983939095	0.7325522445938766	0.10114150011260949	0.13512932508623302	11.668673050615595	0.7158269921367566

log2FC_cell_Erianin.txt	-1.60051914341337	1.5168980100874885	0.14199337737580303	0.7362835888215304	0.08346893498188257	0.10771222671243763	6.1616963064295485	-0.013283061990764088

log2FC_cell_Esculentoside_A.txt	-1.54578891257996	-2.4660537610129865	0.13636896299320858	0.7560457361782198	0.09140529553018924	0.12032110394739406	3.1562243502051985	0.03760937694292859

log2FC_cell_Esculin.txt	-1.58681051265412	1.5373083933204101	0.1359125288195995	0.738968846039788	0.09936165263768548	0.11868398166876751	9.394254445964432	0.4782608603720853

log2FC_cell_Ethyl_4-methoxycinnamate.txt	-1.50847547974414	1.560643893542619	0.036158885341594824	0.0	0.12362815585960885	0.13701146742844247	6.249247606019152	0.517297388290559

log2FC_cell_Ethyl_caffeate.txt	-1.53719059979605	1.0835326402452012	0.1465474926908243	0.7950516640240363	0.1314528651983571	0.15367552936808057	12.421340629274965	0.9367854644055706

log2FC_cell_Eugenol.txt	-1.57220960415315	-2.424188566477127	0.13004488194504038	0.7239376906217696	0.10901394362224341	0.1417250510558047	11.355129958960328	0.7058497413508338

log2FC_cell_Eupalinolide_A.txt	-1.55047047371836	1.3226152864978427	0.1291361831848853	0.7625137409613983	0.07587388668051571	0.10571214996368952	3.60109439124487	-0.6625493475296288

log2FC_cell_Euphol.txt	-1.5704250486697	1.4348812512676692	0.017807737459921487	0.0	0.13068694180318785	0.15317414962847412	4.982216142270862	0.7980953310660837

log2FC_cell_Euphorbiasteroid.txt	-1.52437424677853	1.5509937685944952	0.12875733603942172	0.6826897165163479	0.09443346540642855	0.13445123602795378	4.410670314637483	0.5724793799155729

log2FC_cell_Evodiamine.txt	-1.67112496523593	1.5211734415722002	0.13379776308757454	0.8451787938016497	0.1011120514265443	0.13035299867040892	8.26046511627907	-0.3961606225925318

log2FC_cell_Evodine.txt	-1.54562668026328	1.54450168142697	0.1503641518408837	0.771360888316482	0.0839323582976818	0.11942836205020525	6.5696306429548565	-0.026553721312844752

log2FC_cell_Fangchinoline.txt	-1.56166450356911	-1.6919012748919682	0.00982227622557133	-0.04746908677289746	0.06793008138896406	0.08778795652585861	5.954035567715458	0.5886578641317554

log2FC_cell_Fargesin.txt	-1.61547928061556	1.1298573242452208	0.14828890299163738	0.8534956710674406	0.10038269429398752	0.12599486992925435	8.523666210670315	0.5928704375145671

log2FC_cell_Farrerol.txt	-1.61560674886437	1.0553770365113937	0.155887706907496	1.1208224312841075	0.13742939737494383	0.16167834354449426	12.249247606019152	0.5087795183001433

log2FC_cell_Ferulic_acid.txt	-1.54035412997126	1.554585499398775	0.12131873064859741	0.7418055655346323	0.09427893884476694	0.14455535537186717	4.448700410396717	0.7478289122261232

log2FC_cell_Formononetin.txt	-1.58737832576249	-2.4446877528491107	0.12581898715153206	0.7659173663725379	0.09927313182802365	0.1279201017928347	0.9255813953488372	-0.5046672187586192

log2FC_cell_Forsythoside_A.txt	-1.60062343561695	1.5716468941684685	0.02120347849552856	0.0	0.07479058267341898	0.11262733603261868	7.046785225718194	0.3694778206272364

log2FC_cell_Forsythoside_B.txt	-1.54319319551312	1.2126487329533613	0.027906326797288696	0.0	0.11025898853507936	0.15243679004935376	8.973461012311901	0.6326264432019857

log2FC_cell_Fraxetin.txt	-1.52542875683693	1.1681651165492137	0.15843010440734856	0.7661412530030114	0.08665470902057157	0.09567643374879682	3.4087551299589602	0.10354906479199097

log2FC_cell_Fraxinellone.txt	-1.53800176137944	1.27847606820897	0.14419648610814895	0.9038935634149464	0.09891261467108478	0.11959447906500262	7.389329685362517	0.32464344481166196

log2FC_cell_Galangin_3_5_7-Trihydroxyflavone.txt	-1.5510730508946	1.499446216661355	0.13802043436370673	0.6997550537414154	0.09099266573278351	0.1181908350721783	3.468399452804378	0.02555940608315165

log2FC_cell_Gallic_acid.txt	-1.59824789097988	-1.424709314156508	0.01000225953485305	0.0	0.07871484818567956	0.12311225114306464	5.668673050615595	0.24802522696337864

log2FC_cell_Gastrodin.txt	-1.54327431167146	1.4518821271620628	0.015478291898268715	0.04337157986419082	0.07831180618163977	0.09555917124190422	2.7794801641586866	0.4350871607291957

log2FC_cell_Geniposide.txt	-1.53402706962084	-2.4446844223294355	0.14833327686644482	1.1219687605182709	0.10288424376713536	0.13657750093075757	7.33296853625171	-0.12306299731773872

log2FC_cell_Geniposidic_acid.txt	-1.56069110966905	1.5537467433314724	0.1363049972914717	0.7642849961610277	0.07861580896916405	0.11099331147929753	12.901504787961697	1.4095707671787747

log2FC_cell_Genistin.txt	-1.6630944655604	1.614825934978339	0.1448512553002103	0.7845329443165779	0.08309731734676068	0.12342494199444792	7.5688098495212035	0.5033439247465408

log2FC_cell_Genkwanin.txt	-1.58575600259572	1.59119007278904	0.15081393521932585	0.7457333277580014	0.12016880338624777	0.14656191676682398	11.613953488372093	1.0709092904904143

log2FC_cell_Gentiopicrin.txt	-1.59046073977936	-2.404709342727932	0.039971448499697776	0.07606615182304943	0.09785671256282746	0.1299132771606512	7.182216142270862	0.05360657554140867

log2FC_cell_Germacrone.txt	-1.62379948085659	1.5369890977267398	0.1306957175840867	0.8568605002410159	0.10330890509805095	0.12844753879479204	7.419425444596444	0.41891738558968894

log2FC_cell_Gigantol.txt	-1.63616390099193	1.486597053155321	0.14991138657361625	0.7293362506384249	0.09819666215034648	0.09450103824149361	6.41313269493844	-0.2390747955511271

log2FC_cell_Ginkgolide_A.txt	-1.57926670992862	1.5829131861053918	0.1408332490949551	0.7622566619555191	0.13119912765076389	0.14009527300881955	7.945280437756498	0.33905125823014515

log2FC_cell_Ginkgolide_B.txt	-1.564990266061	1.555604236961117	0.1448294223531667	0.6627133603447204	0.07858096785273548	0.09424457308556897	-0.15266757865937072	-0.0963464665394497

log2FC_cell_Ginkgolide_C.txt	-1.52210299434505	1.1377137128626857	0.1479574148469282	0.9042230931682245	0.08211018803757063	0.1009390359491494	10.630916552667578	0.513431064446431

log2FC_cell_Ginkgoneolic_acid.txt	-1.52648326689534	-2.4444695199141058	0.1273610831453302	0.9006514237629752	0.11840463456671861	0.13393009893588995	1.0544459644322846	-0.0033364437888788656

log2FC_cell_Ginsenoside_F1.txt	-1.58494484101233	1.508042349140091	0.017853265002159724	0.19776242177375647	0.12178396664515542	0.14286831022386381	11.893844049247607	1.2262750631241255

log2FC_cell_Ginsenoside_F2.txt	-0.102431167145638	1.4663655440886445	0.15693984822236384	0.7306132450249738	0.09930922181402103	0.11999863205343939	4.696032831737346	0.27965221580475175

log2FC_cell_Ginsenoside_Rb1.txt	-1.536460554371	1.52117225246981	0.12669427117921006	0.55439119917948	0.11286453589401982	0.13221016479413755	0.9622435020519836	-0.48289082369338354

log2FC_cell_Ginsenoside_Rb2.txt	-1.5418953369797	-2.4444707102239365	0.14436534869792522	0.9503667925301483	0.10966897622654348	0.14174798139840086	1.9053351573187414	0.6880806291873881

log2FC_cell_Ginsenoside_Rb3.txt	-1.61033419857236	-2.423579497359229	0.03151786368127568	0.0	0.09363923441979537	0.13024551119024594	7.719015047879617	0.30759818153334834

log2FC_cell_Ginsenoside_Rc.txt	-1.53256697877074	1.575090916180902	0.1396368415974122	0.7329710114258424	0.12021861309230158	0.153017799619284	5.550205198358413	-0.1566365738349906

log2FC_cell_Ginsenoside_Rd.txt	-1.59033327153055	1.5472322736971504	0.15068460621755086	0.786836170319995	0.07327607968711586	0.09444002014713172	0.41094391244870043	-0.134881689989293

log2FC_cell_Ginsenoside_Re.txt	-1.65413692407528	1.487207339770243	0.03482439009020066	0.1593681782210561	0.08941584396726616	0.09956126207994996	9.979480164158687	0.666861534607078

log2FC_cell_Ginsenoside_Rf.txt	-1.63045100584036	1.5735091597184585	0.15071145723784143	0.7532668739326638	0.08120509204847834	0.10032343485865602	10.354582763337893	0.8275243687757722

log2FC_cell_Ginsenoside_Rg1.txt	-1.59029850746269	1.5726432138415298	0.14480155721862298	0.7697041855299145	0.09802346882411667	0.11267454245204662	10.65718194254446	0.28610833530881097

log2FC_cell_Ginsenoside_Rg2.txt	-1.55322842310188	-2.404970178911458	0.14322939527740253	1.0041062413996218	0.1055015310268124	0.13266886528846644	8.614500683994528	0.508678874826252

log2FC_cell_Ginsenoside_Rg3.txt	-1.57553536664504	0.979204634856135	0.17160272394284717	1.0220362465920174	0.11024132205454718	0.14017344572166537	6.842407660738714	0.6757811247496166

log2FC_cell_Ginsenoside_Rh2.txt	-1.54852368591823	-2.444687903933751	0.14103903563421039	0.7389818514558062	0.10285020393548906	0.12642852618138428	3.971272229822161	-0.22761525546960476

log2FC_cell_Ginsenoside_Ro.txt	-1.60270927968851	1.4090048509950195	0.1320229431140779	0.7368093704037024	0.05951279197741351	0.10444851595112453	7.509986320109439	0.5918959143509707

log2FC_cell_Glucosyl-vitexin.txt	-1.53573050894595	-2.42370867415128	0.03272226873038715	0.0	0.12071616439161645	0.17420322586454917	6.53187414500684	0.4445362725791848

log2FC_cell_Glycerine_trioleate.txt	-1.53418930193752	1.5941943497737838	0.14260149511554698	0.9285317075246018	0.11435633558391192	0.12986822638356754	5.595896032831737	0.8881258956593195

log2FC_cell_Glycyrrhetinic_acid.txt	-1.65908500973394	-2.4241884075897278	0.14053063032815863	0.7357015212588297	0.10620663470312436	0.12787891224264453	12.934883720930232	0.9933553283038573

log2FC_cell_Glycyrrhizic_Acid.txt	-1.52331973672013	1.1633439678030966	0.03805349940295559	0.0	0.10163898619223374	0.12295410351869766	10.045417236662107	0.6958985049090527

log2FC_cell_Goitrin.txt	-1.57529201817002	-2.465792391430454	0.03595276543143221	0.0	0.08117446798595364	0.11267454245204662	10.47250341997264	1.212977902074952

log2FC_cell_Griffonilide.txt	-1.57938259015482	-2.4444681577843195	0.1423363992162622	0.8668901107423661	0.07978283090240457	0.08981769714117216	-1.0445964432284542	-0.20071380115174442

log2FC_cell_Gypenoside_XVII.txt	-1.54965931213498	1.5508186048555304	0.13483620137077468	0.7415649569805455	0.12200671307006536	0.15192334955495293	5.284815321477428	0.12367808504787313

log2FC_cell_Gypsogenin3-O-¦Â-D-glucuronide_6_-methyl_ester.txt	-1.6319922128488	1.5204638140232007	0.028950494373101578	0.32456361611529505	0.08280060632415209	0.12569563551330545	4.047879616963065	-0.1785656333734418

log2FC_cell_Harpagide.txt	-1.53684295911746	1.483693530501767	0.15648654590454358	0.728580153132762	0.09037598219167677	0.13944057653873582	8.41641586867305	0.512829806753789

log2FC_cell_Harpagoside.txt	-1.54260220635951	1.1947645337867094	0.029685944238694424	-0.16131790784524186	0.09620405092577355	0.12344448517265938	7.364432284541723	0.6480064090186666

log2FC_cell_Hederagenin.txt	-1.53702836747937	1.6362620882042187	0.13490175161032816	0.7368200627102695	0.1175513655963477	0.14885061684755166	9.758960328317373	0.6403103894031561

log2FC_cell_Hesperidin.txt	-1.58745944192083	1.5673007458555233	0.1595942084852402	0.7261842363939507	0.12522925248866454	0.1604764557011501	13.579753761969904	1.2392450012192833

log2FC_cell_Heteroclitin_D.txt	-1.65214378418467	1.2436344800167185	0.1424322377075954	0.760117944132668	0.08717516846793	0.09204836937595594	7.106429548563612	0.18567124284010209

log2FC_cell_Hispidulin_Dinatin.txt	-1.61536340038936	1.2157495746835538	0.0317967214271343	0.0	0.10396822508866639	0.10782948578170636	5.905335157318741	0.9211679096450309

log2FC_cell_Honokiol.txt	-1.62558403634004	1.2652786215203262	0.1579576077900584	0.7430088539954167	0.07750549219140561	0.07764504703411315	5.4711354309165525	0.37609644462713504

log2FC_cell_Hosenkoside_A.txt	-1.55322842310188	-2.4246262421778573	0.1364002096480771	0.7445816397523801	0.06525390016548137	0.0894185012556308	7.336525307797538	0.7354528141335175

log2FC_cell_Hosenkoside_K.txt	-1.56426022063595	1.5503389720979306	0.02566435846012409	0.0	0.09095920624215015	0.12555330812300294	9.77701778385773	0.2568914822254001

log2FC_cell_Humulene.txt	-1.62963984425698	1.028370868231349	0.16624013961239545	0.7390381371600749	0.10594010336562416	0.11858800538711267	6.908344733242134	0.23029822906344372

log2FC_cell_Hupehenine.txt	-1.56417910447761	2.453774607573414	0.027533705145505225	0.07814547448766085	0.12011897948837492	0.17881745961949988	12.251436388508893	1.0499803964520078

log2FC_cell_Hyodeoxycholic_acid.txt	-1.66573653471772	0.988744863260227	0.03890960238076276	0.08124010587457825	0.13253132446041888	0.15150848908430964	9.332694938440493	0.3245599097741235

log2FC_cell_Hyoscyamine.txt	-1.56023917678687	-2.4447728036619765	0.017052017834561797	0.06635494433908407	0.06266360228719724	0.07642957342412222	-0.6968536251709986	-0.7238588691009781

log2FC_cell_Hyoscyamine_sulfate_hydrate.txt	-1.66314081765088	1.5713890024649038	0.15258757100603015	0.765062909038914	0.09152460409279112	0.10004152926444128	6.564979480164158	1.2772561275133671

log2FC_cell_Hypaconitine.txt	-1.53532492815426	1.5506442744555045	0.011866382143012846	0.0	0.09901019613583903	0.10175983740314053	7.919288645690835	-0.03773550200857978

log2FC_cell_Hyperoside.txt	-1.61382219338092	1.4030283571652578	0.16271429685184735	0.7701538426699377	0.08046623461570401	0.11577209079627512	10.289466484268125	0.16111753688370048

log2FC_cell_Icariin.txt	-1.64687123389265	1.58518467949802	0.016151887083132616	0.0	0.06455692776010946	0.1258757658370709	10.412585499316005	1.0410871645303212

log2FC_cell_Icaritin.txt	-1.55330953926022	1.4483547767291989	0.013718884701506062	0.0	0.07229340882669975	0.12986441921512254	6.0848153214774285	0.010334450403275608

log2FC_cell_Imperatorin.txt	-1.58072680077872	1.5586488367031883	0.017572012064884596	0.32157990574736495	0.08906100032722421	0.12349696350906897	2.557045143638851	0.4648145922092388

log2FC_cell_Indigo.txt	-1.65295494576805	1.2442604485226325	0.1656915199434703	0.7447928451590387	0.0942356523233748	0.07716510812104867	9.544186046511628	1.2762113775129187

log2FC_cell_Indirubin.txt	-1.61917585983128	1.498053601629532	0.16047012520544268	0.7764397396682373	0.0974288763344555	0.10683278369292211	7.1373461012311905	0.1258491979542516

log2FC_cell_Irisflorentin.txt	-1.60079725595624	-1.822514379173992	0.1613505590240033	0.7479060432081138	0.10443347394572271	0.13064658830163536	2.050068399452804	-0.37247650091672635

log2FC_cell_Iristectorin_A.txt	-1.60335820895522	1.1421481794439485	0.15244613061890036	0.7970761503305491	0.08603211857012515	0.10479052156982499	5.4711354309165525	0.21946138286847294

log2FC_cell_Isoalantolactone.txt	-1.57391304347826	1.4407960047221495	0.022956269937069285	0.30768540432740754	0.11631287957530319	0.15136191524772372	8.707250341997264	0.446965370178925

log2FC_cell_Isoastragaloside.txt	-1.53232363029573	1.1249728083883603	0.030821268094473463	0.14923494136965199	0.10715093755754174	0.1304292596175456	10.50013679890561	0.48084336197806377

log2FC_cell_Isochlorogenic_Acid_A.txt	-1.53297255956244	1.5446711055936488	0.14564101082900205	0.7466520078548258	0.08654752120989452	0.09629901063694753	6.972366621067032	0.19131643331112416

log2FC_cell_Isochlorogenic_Acid_B.txt	-1.74315611384073	-1.5461919856839783	0.014192598691400375	0.02956083975379642	0.03278388862231152	0.09460852572165664	7.340355677154583	0.3379543107704462

log2FC_cell_Isochlorogenic_Acid_C.txt	-1.61909474367294	1.0772222505549014	0.15684876813503434	0.7616494246653487	0.10960913889353341	0.12274890315519987	11.099863201094392	1.2391841216966577

log2FC_cell_Isoflavone.txt	-1.5647005654955	1.2410375846311417	0.149902201936543	0.7400039171953223	0.09589476767737934	0.1039501649067324	6.714911080711354	0.17128402936906656

log2FC_cell_Isofraxidin.txt	-1.59354315379624	-1.3703860168578825	0.019018136588856482	0.09352768214438945	0.08594754775259376	0.11732575069132979	9.984131326949385	0.39494864517206074

log2FC_cell_Isoimperatorin.txt	-1.56872160934458	1.2371465978085352	0.14929445728113958	0.7678642651410429	0.12207626153692698	0.14014823948781988	4.417510259917921	0.11985995490195772

log2FC_cell_Isoirigenin.txt	-1.53710948363771	1.6302645412238022	0.15112083945811614	0.7207615626619884	0.09382050389148505	0.12457555489475872	14.644870041039672	0.8583420629846034

log2FC_cell_Isolindleyin.txt	-1.6024659312135	-2.424231358042677	0.15158254076397182	0.6912290883865673	0.0887391586243844	0.1114482409258531	4.174281805745554	0.3560769895784091

log2FC_cell_Isoliquiritigenin.txt	-1.59013627514601	1.186015776840175	0.14843585984895852	0.9184594500835306	0.11427691849662631	0.1558177598799356	8.690287277701778	0.6918910061688234

log2FC_cell_Isoliquiritin.txt	-1.60404190228979	1.2650309766425776	0.1387998135206175	0.7726157264138451	0.05085714502357413	0.07849402476084386	9.807113543091655	0.6563983185280493

log2FC_cell_Isoquercitrin_Isoquercetin__Isoquercitroside.txt	-1.52315750440345	1.527855674064259	0.026239398030643193	0.06829315172643424	0.1035464783488318	0.13855242194184952	1.1699042407660738	0.004819920798413396

log2FC_cell_Isorhamnetin-3-O-neohespeidoside.txt	-1.58927876147214	1.3116132769383544	0.14011066867585703	0.6984093404764201	0.09004766424337757	0.09621388690538796	3.450889192886457	0.1924616990284619

log2FC_cell_Isorhamnetin.txt	-1.54911467507185	1.1335345076017722	0.13857159234459812	0.7345299885148231	0.08225351139442258	0.10298277758526535	7.102872777017784	1.784038296815873

log2FC_cell_Isorhynchophylline.txt	-1.64002271252433	1.1764177452040738	0.14940088127698548	0.7343886073142872	0.08402975082897862	0.11534383780401103	6.933515731874145	0.4550917101786148

log2FC_cell_Jatrorrhizine_Hydrochloride.txt	-1.58822425141374	-1.3863077004272852	0.050785315491908636	-0.0276082461406133	0.0536371057376622	0.10607059974267535	8.728317373461012	0.22182945512895694

log2FC_cell_Jujuboside_A.txt	-1.5123690553444	-1.4228295806963713	0.137200451857353	0.7467278708700806	0.07998084342414981	0.11669231710060146	8.095485636114912	-0.10443120398052035

log2FC_cell_Jujuboside_B.txt	-1.59062297209604	-1.7692281946667059	0.13215933255889858	0.5656204873527435	0.03182902656797624	0.07894466838517494	6.7923392612859095	0.21981750976791847

log2FC_cell_Kaempferol-3-O-rutinoside.txt	-1.58867618429591	1.4680626585977736	0.15083428628113493	0.7552489451043795	0.08677145374247192	0.11668254551149573	7.505061559507524	0.6719166705219243

log2FC_cell_Kaempferol.txt	-1.52483776768332	0.9501326384917486	0.02295221268103497	0.01602688709723088	0.04274632393017151	0.12968599612230275	14.692202462380301	1.0373033233626838

log2FC_cell_Kamebakaurine.txt	-1.54108417539631	1.528416472610607	0.13575017403012132	0.74833702426216	0.10695030062549453	0.1343182950781227	12.091928864569084	0.8854570510875533

log2FC_cell_Kaurenoic_acid.txt	-1.53741077222583	-1.7168878100693614	0.032793410975622724	0.2014357803507193	0.06555856758735366	0.09518504947889457	5.99562243502052	0.41075243539328427

log2FC_cell_Kirenol.txt	-1.54795587280986	2.4804448922498175	0.136397347894412	0.7972959609080823	0.10242063876549869	0.13028841703326605	4.2109439124487	-0.32295078912940905

log2FC_cell_L-tryptophan.txt	-1.54317001946788	-2.444773378932877	0.016590061024205627	0.17642575646614456	0.07671040186432808	0.09809008701566976	2.6815321477428182	-0.2807818885690254

log2FC_cell_Leonurine_hydrochloride.txt	-1.57865254472977	1.1996173730552318	0.03605953673833804	0.14055963646045294	0.08829540966432713	0.13378998334136297	14.442134062927497	1.183543579153871

log2FC_cell_Levistilide_A.txt	-1.61893251135626	-1.7839848579057664	0.14490525997002057	0.7681350603781016	0.06760545890081375	0.09675827532491675	6.59124487004104	0.4079601994675471

log2FC_cell_Liensinine.txt	-1.56953277092797	-2.4660553398473715	0.005978212554570969	0.19893216715720452	0.08560842016616739	0.1088489220230669	2.386593707250342	0.09113348467312747

log2FC_cell_Liensinine_diperchlorate.txt	-1.73638870863076	-2.4241877717636098	0.13674892288954288	0.6854112706742065	0.043330576499870085	0.06865078037392389	-0.024623803009575923	0.07591699670300385

log2FC_cell_Liguiritigenin-7-O-D-apiosyl-4_-O-D-glucoside.txt	-1.57723880597015	-2.4444683281542514	0.13230998077515807	0.9202634910303666	0.11094906677834494	0.12433369978128062	7.191244870041039	0.38092661755377355

log2FC_cell_Ligustroflavone.txt	-1.61593121349773	1.2129423179105439	0.03570814030728291	0.34918346554608654	0.07276981709116623	0.10336386956038873	4.9893296853625175	0.6987225287035751

log2FC_cell_Limonin.txt	-1.61601232965607	1.1838351312707647	0.16001960680497257	0.7811764180538039	0.08294475799678692	0.08552946579505369	9.338714090287278	0.7377895103478171

log2FC_cell_Linalool.txt	-1.68293316028553	-1.732844934245503	0.15747093424663297	0.9793711990906887	0.07986785495834192	0.10188835960542385	6.680984952120383	-0.10184169887279562

log2FC_cell_Linderane.txt	-1.60157365347177	1.520330741799067	0.13160874789737131	0.7113745066203734	0.10439572165759499	0.13055863712393212	1.1151846785225719	0.09275508069503322

log2FC_cell_Linolenic_acid.txt	-1.62123852785761	2.453988841633346	0.15315292269511901	0.8933376534343418	0.08574701202799294	0.10153955909342742	3.7496580027359783	-0.211773768600116

log2FC_cell_Liquidambaric_acid.txt	-1.53783952906276	-1.8253486945895787	0.014205217099628742	-0.03703579291111342	0.09234028021243608	0.10420269887335229	9.78248974008208	0.47064075538956934

log2FC_cell_Liquiritigenin.txt	-1.6640330953926	1.5049587577286319	0.019169058087391486	-0.10475422767436515	0.09092825628001697	0.12195920362858874	6.9581395348837205	0.5741361163617745

log2FC_cell_Liquiritin.txt	-1.5390330953926	-2.404273688783842	0.04062798818597478	0.0	0.09386640310250101	0.11990541240387338	9.80875512995896	1.479972349291525

log2FC_cell_Liriope_muscari_baily_saponins_C.txt	-1.61479558728099	1.5326524760639186	0.03070233156484105	0.0	0.1223051495339923	0.16327348236760592	9.783036935704514	1.259410950635315

log2FC_cell_Liriopeside_B.txt	-1.54489663483823	1.6410963417555957	0.1544506636558805	0.842075314937528	0.06908531789539457	0.10381336265925221	5.874145006839945	0.24390350694454832

log2FC_cell_Lithospermoside.txt	-1.58421479558728	1.3965247504228318	0.1332227793528144	0.9155872591944448	0.09002775449859686	0.0964531248812283	0.28317373461012313	-0.11209358975610514

log2FC_cell_Lobetyolin.txt	-1.63218920923334	-1.8269271420667574	0.006532927827606533	-0.10119360940953648	0.09074210051366526	0.1527299377225256	7.884815321477428	0.6947779032028039

log2FC_cell_Loganin.txt	-1.57224436822101	1.5611622638632283	0.1355182009108386	0.7257109010820312	0.10511036127758515	0.13671831116121094	5.731326949384405	0.07529213247461644

log2FC_cell_Loureirin_A.txt	-1.61301103179753	1.3519401815511392	0.14747266190045374	0.7424427700531144	0.10745107052332546	0.14222547943386823	8.91764705882353	-0.1285174936607517

log2FC_cell_Loureirin_B.txt	-1.54002966533791	-2.4652671196439466	0.008134969847466006	0.2223465891837958	0.07910789830188257	0.12153281651861772	4.083447332421341	0.11876619030082243

log2FC_cell_Lucidin.txt	-1.53905627143784	1.5115154653330007	0.1356172325709481	0.7320608579751617	0.09465504671010751	0.14267915526158537	5.725581395348837	0.18310200431974077

log2FC_cell_Luteolin.txt	-1.57800361546306	1.605757318533453	0.14318863322093928	0.7391070082256336	0.10192622412474565	0.13205712651222964	6.370177838577291	0.42790743656446684

log2FC_cell_Macelignan_____-.txt	-1.60582645777325	1.5944540966491796	0.035377259386659844	0.0	0.08964448812960107	0.1259594761538138	3.651436388508892	-0.07939095131798811

log2FC_cell_Macranthoidin_B.txt	-1.57610317975341	1.1308581992044475	0.062097558847386186	0.21046028949487117	0.10195050213316599	0.13997527836437512	15.042954856361149	0.9754822629468161

log2FC_cell_Madecassoside.txt	-1.564990266061	1.7118940753222598	0.022323459284431246	0.0	0.09856558116463063	0.10231830952607586	6.587688098495212	1.065035967025886

log2FC_cell_Magnolin.txt	-1.70824140168722	-2.4044496962097304	0.022334912310465138	0.0	0.04876844338080407	0.03757176011152341	5.166347469220247	0.4699728205881664

log2FC_cell_Magnolol.txt	-1.54738805970149	1.5745577173656227	0.021426487069649225	-0.15517914424814427	0.10861103598457447	0.1273824355822677	8.246785225718194	0.17542332480332345

log2FC_cell_Maltopentaose.txt	-1.66861036432743	-1.4340141997035876	0.03116646783251318	0.22652364424163252	0.05502546051784625	0.08112373275575224	6.155950752393981	0.5262044732709381

log2FC_cell_Matrine.txt	-1.54904514693613	1.6318625966361546	0.14021147117156105	0.8283580222748737	0.09511011562785503	0.1135067790521342	6.606839945280438	0.317922027185475

log2FC_cell_Menthol.txt	-1.58283582089552	1.4942399284014312	0.15635401453013964	0.8435941749809102	0.11424233436794073	0.1561936591809589	5.674418604651163	0.5616180285137665

log2FC_cell_Mesaconitine.txt	-1.61609344581441	-1.8614629085910943	0.018906645502733868	-0.053003170177162995	0.08598758831225355	0.12945401247268198	7.066757865937072	0.28292311319598984

log2FC_cell_Methyl_salicylate.txt	-1.56271901362751	1.0013797086267666	0.14365824646304595	1.24142158406512	0.12169293261782732	0.14324939661321684	10.993160054719562	0.4919020211137143

log2FC_cell_Mogroside_V.txt	-1.67664086400297	1.185070170411482	0.15309949117066435	0.759802966697138	0.07196066101368719	0.08754238364650817	10.512995896032832	1.1290143933836585

log2FC_cell_Momordin_Ic.txt	-1.60589598590896	-1.8034958964280192	0.014552735845482709	-0.20403226901802113	0.07855594832394278	0.124718447955867	4.2320109439124485	-0.14900874421877935

log2FC_cell_Monoammoniumglycyrrhizinate.txt	-1.56255678131084	1.5337350771229807	0.016792760970120946	-0.012512313818014154	0.09059699232443319	0.13654818616344036	7.137619699042408	0.13656546396540897

log2FC_cell_Monotropein.txt	-1.65600259571707	-1.7654830850446452	0.13942370195828171	0.7730941859640065	0.0791457588472523	0.10620074374240873	3.752667578659371	-0.3227563163472656

log2FC_cell_Morroniside.txt	-1.5433554278298	1.4853923095275723	0.15228430022585904	0.7812069514808582	0.10773086533759638	0.13041162820504332	8.555950752393981	0.785053389723284

log2FC_cell_Mulberroside_A.txt	-1.61677713914898	1.5822519301282567	0.1367897719849577	0.7154255451796045	0.09413395223885565	0.12419689753380041	7.490287277701778	0.1424970651251382

log2FC_cell_Murrayone.txt	-1.56328682673589	1.1821111628240104	0.14059010391339483	0.8096245188428333	0.09348585743018643	0.12555330812300294	10.923392612859097	0.2887012221813651

log2FC_cell_Muscone.txt	-1.57386669138778	-2.4241022524855493	0.15112269168679573	0.8400390706873642	0.09126787102376817	0.1214493008530472	11.122298221614226	1.083644127007341

log2FC_cell_Myricetrin.txt	-1.52177852971169	-1.6817705814436394	0.01860633431387354	0.1134324167795212	0.09923062657670542	0.14554231480488	5.024897400820794	-0.06581564624556611

log2FC_cell_Nardosinone.txt	-1.5484425697599	2.4543386568620145	0.014491180619150654	0.15638674236483446	0.10360359559002655	0.11589104679393178	6.643502051983584	0.47501542099386074

log2FC_cell_Naringin.txt	-1.57026281635302	1.1967392208943668	0.16953055507425963	1.5946169988272403	0.08269466028132762	0.11811666072380919	14.592065663474692	0.8136908013357522

log2FC_cell_Neochlorogenic_Acid.txt	-1.53418930193752	1.2454500794412149	0.15671020441315256	0.7506917569588138	0.09631751217059205	0.10730181996999705	5.619699042407661	0.2531023621287529

log2FC_cell_Neohesperidin.txt	-1.52451330304997	-1.1977769422008413	0.017520878073954277	-0.031188094696947388	0.06262446111187406	0.12401487291451134	3.7518467852257182	0.24197466285735725

log2FC_cell_Nitidine_Chloride.txt	-1.53435153425419	1.2253171334232202	0.03294341482316249	0.14895885129981234	0.10637914586290027	0.14934677884286535	12.098221614227086	1.1343546324429756

log2FC_cell_Nobiletin.txt	-1.61487670343933	1.526300195137395	0.13329166225523043	0.7485963165119838	0.12607421400108912	0.15291559791553444	7.456087551299589	0.9619237459410535

log2FC_cell_Nodakenin.txt	-1.5751645499212	1.2433128632612318	0.1418582493076409	0.7531000681786089	0.0845273710648441	0.11506854669285413	12.194801641586867	0.548195524042103

log2FC_cell_Norisoboldine.txt	-1.54884815055159	-1.5079174300292677	0.005683016020173667	0.05366106592755382	0.041037874834147635	0.0671621008227434	0.6640218878248973	-0.02600589973427241

log2FC_cell_Notoginsenoside_R1.txt	-1.61069342727357	1.5946270898355368	0.12957512974428975	0.6908090833102778	0.061432820371689845	0.07793705234563558	8.494391244870041	0.35384876790289055

log2FC_cell_Notoginsenoside_R2.txt	-1.53735283211273	1.2350382203612587	0.0447844161456311	0.0	0.0685635082112607	0.12371808966761977	6.5740082079343365	0.3703510226316419

log2FC_cell_Notopterol.txt	-1.53238157040883	1.2602585746325667	0.13667555320799046	0.7340500630091947	0.11126589679640043	0.1388681237875755	4.893844049247606	0.0483882646601926

log2FC_cell_Nuciferine.txt	-1.61479558728099	-1.7358722863157503	0.12265805753804569	0.7231588702424495	0.0662159755148344	0.1019331145203457	-2.1668946648426815	-0.9249987472540279

log2FC_cell_Nystose.txt	-1.57204737183647	-1.6581574777798824	0.13982345541861385	0.73921222179009	0.10262776988759474	0.1522315866781335	10.66703146374829	1.5260502008818757

log2FC_cell_Obacunone.txt	-1.59670668397145	-2.4243204360342046	0.11574775712118693	0.727999994126476	0.07995451362945262	0.11250360348788661	3.4484268125854993	-0.438548746021899

log2FC_cell_Oleanolic_acid.txt	-1.66249188838417	1.5147473115973349	0.14123448042714434	0.6471233084315076	0.06747367189695785	0.10441249051229641	3.5168262653898767	-0.21007718212502113

log2FC_cell_Ononin.txt	-1.5934620376379	-1.7874752008652002	0.15486372617617855	0.7531726625185682	0.08115884116037608	0.10634274619630459	0.4191518467852257	-0.40479047763464876

log2FC_cell_Oridonin.txt	-1.5909474367294	1.5758980972215841	0.14111053075801056	0.5717595741656695	0.06762666185955586	0.09733765259644217	2.8886456908344735	0.01410692877373718

log2FC_cell_Orientin.txt	-1.56653147306944	1.2048994789157321	0.03479703851011869	0.1366655834607291	0.12270718994495522	0.15613045073131887	9.978659370725035	0.8768344349905496

log2FC_cell_Oroxin_B.txt	-1.59800454250487	1.2493648012673195	0.14840990289145822	0.7485203302031623	0.07592555361679386	0.12237938196013504	7.019425444596443	0.3301715985078652

log2FC_cell_Osthole.txt	-1.61941920830629	-2.4244938546529027	0.11969468761359646	0.7229339003927876	0.07914732072922043	0.09314278735579745	6.774281805745554	0.1013233036844292

log2FC_cell_Oxymatrine.txt	-1.58859506813757	-2.444470200268536	0.13361699606172114	0.7496579669069947	0.06318920652426822	0.09527578685024707	3.0372093023255813	0.3704978815799723

log2FC_cell_Pachymic_acid.txt	-1.53297255956244	1.6077016937278676	0.12226940349158222	0.7193801338011607	0.10156707931064506	0.1300734357706296	3.382216142270862	0.09258366921031357

log2FC_cell_Paeoniflorin.txt	-1.53416612589228	-2.423926537851568	0.022741303536120944	0.11897723107364866	0.08166580309462584	0.10382147910214481	-0.3280437756497948	-0.6876378510404544

log2FC_cell_Paeonol.txt	-1.5350004635209	1.1709790327754992	0.040896004013865825	0.0	0.06567289064349309	0.1057903249682846	4.238030095759234	0.4262332582301698

log2FC_cell_Palmatine_hydrochloride.txt	-1.65308241401687	1.550555731715096	0.15058675735196958	0.7434108863005413	0.09581979624598902	0.11173812142399747	6.59124487004104	0.17550364991613585

log2FC_cell_Palmitic_Acid.txt	-1.55679753406879	1.4884617244124827	0.14692966019502196	0.7171066245926379	0.08946326211776921	0.11643654911617271	11.47469220246238	0.4811834805782161

log2FC_cell_Panaxadiol.txt	-1.56928942245295	1.222385542180498	0.13913815171567187	0.9475625624741937	0.12807863496418156	0.1316721631996822	8.028727770177838	0.3919146641729201

log2FC_cell_Panaxtriol.txt	-1.55687865022713	-1.72855652315779	0.14257994870583962	0.7661559151205375	0.08741042842504985	0.1220080615741174	8.126402188782489	0.5531497857667215

log2FC_cell_Patchouli_alcohol.txt	-1.58997404282933	-2.424362669158103	0.1511377813526038	0.7438009831975847	0.06677213017873682	0.08959438728148604	9.427906976744186	0.7077504402634731

log2FC_cell_Pectolinarigenin.txt	-1.54690136275146	-1.4496686349616967	0.015156493841740837	0.0394409086318962	0.05308829966905576	0.10771064794457635	9.99562243502052	0.6093695487137498

log2FC_cell_Pectolinarin.txt	-1.59824789097988	1.2707489307771271	0.15149311072839722	0.7493767379036986	0.10742309142209414	0.1234542567617651	7.291655266757866	0.11929976705264178

log2FC_cell_Pedunculoside.txt	-1.53735283211273	1.1590385524799645	0.15749216151122197	0.9780636047394655	0.08051927091252767	0.10662601745180234	10.159507523939808	0.9083687991958169

log2FC_cell_Peimine.txt	-1.5689649578196	1.6015114208385737	0.14679272792809722	0.7401477281956452	0.09310467188784276	0.11337330041400684	3.351299589603283	-0.054647057646628736

log2FC_cell_Peiminine.txt	-1.56972976731251	-2.4443377168555327	0.14532995924721925	0.7406116119609689	0.08533000541016322	0.1195163063521568	6.861012311901505	-0.19884490275769032

log2FC_cell_Peimisine.txt	-1.55866320571058	1.501006343310138	0.14121820250438197	0.740953502991309	0.10515062405371024	0.16325154633131064	12.496032831737345	0.8262343437432944

log2FC_cell_Phellodendrine_chloride.txt	-1.58137573004542	-2.424232288830709	0.14308056637140773	0.7540255629067086	0.08280497391585953	0.11701477954109049	8.212311901504789	0.0012050208917626492

log2FC_cell_Phillyrin.txt	-1.62099517938259	1.5508628430501434	0.154301613804448	0.8733815125039089	0.08914570652410758	0.11386832784904614	7.363337893296854	0.14319641954797052

log2FC_cell_Physcion.txt	-1.56961388708631	-2.4242321337668336	0.028224795389940577	-0.04359652036799566	0.08501595821183411	0.11634053989279527	8.16032831737346	0.4620975775966463

log2FC_cell_Picfeltarraenin_IA.txt	-1.60120283674794	1.649642728927291	0.13915416438306116	0.7531843394699621	0.07083407180414826	0.10990106267212064	7.6642954856361145	0.13063199750534418

log2FC_cell_Picroside_I.txt	-1.54365671641791	1.5138953096214862	0.16662996568245772	1.0160507020388798	0.09874667183377038	0.12099181630712169	7.776196990424077	0.2731556258946195

log2FC_cell_Picroside_II.txt	-1.64440298507463	1.5713396319225932	0.007707611146485438	0.0	0.08201088615076636	0.12163053527436157	3.9466484268125854	0.149550627501854

log2FC_cell_Pinocembrin.txt	-1.53702836747937	-2.4243198467017386	0.02298314778721254	0.0	0.06481486229356585	0.0861157525479045	8.99562243502052	0.23735850231527045

log2FC_cell_Pinoresinol_diglucoside.txt	-1.54511680726801	1.5721944083317174	0.029280646383830357	-0.021999746943285825	0.09279144627754592	0.11588467243662359	3.314363885088919	-0.828979838995896

log2FC_cell_Piperine.txt	-1.68037220728655	1.7014240595670782	0.14237077667642245	0.7680514409173864	0.05740930179288237	0.09423019616378794	2.3387140902872776	0.178234826583575

log2FC_cell_Plantamajoside.txt	-1.63012654120701	1.4911625564737512	0.1429266625600754	0.7363996729885444	0.10616589057208754	0.12877000123528104	8.123939808481532	0.5391348390736268

log2FC_cell_Platycodin_D.txt	-1.63166774821544	1.5713405250488854	0.16113802701047092	1.0601135302657783	0.07306711411472526	0.11379825872834404	11.825444596443228	1.0026337709005484

log2FC_cell_Podophyllotoxin.txt	-1.56117780661908	1.603150639232575	0.1484240691400577	0.8766970992438827	0.08193916107763483	0.09880886074712475	10.545827633378932	0.3057416097373728

log2FC_cell_Pogostone.txt	-1.5689649578196	-1.7575019671060832	0.01950057166439083	-0.08572632909661265	0.09362698129144643	0.12975096387667492	3.1310533515731875	-0.31687763578265943

log2FC_cell_Poliumoside.txt	-1.66038286826736	-1.7337342883448876	0.13981868571335238	0.7534059261684022	0.07886861662909811	0.08960547209952398	6.75376196990424	0.4755187118419321

log2FC_cell_Polydatin.txt	-1.6960739779364	1.5566602293613574	0.1349541152984164	0.7236066338933373	0.0724331420751767	0.11011603763244665	6.8448700410396714	0.4049361150236358

log2FC_cell_Polygalasaponin_F.txt	-1.55485074626866	1.5995526915565033	0.15321853592376794	0.7704566832149613	0.09978618339191554	0.15476993130673544	12.578659370725035	0.6169659635706586

log2FC_cell_Polygalaxanthone_III.txt	-1.54757346806341	1.4986240054868818	0.14828173667532535	0.7330681398903882	0.08745987138530642	0.13373396850099076	7.94610123119015	0.7254332801639487

log2FC_cell_Polygalic_acid.txt	-1.54221980161305	1.2229064283646622	0.15008861750098415	0.8493248794146645	0.09212111981431416	0.11739587151621388	7.74391244870041	-0.027916434647546964

log2FC_cell_Polyphyllin_I.txt	-1.62777417261518	1.5334031921366744	0.15313464552266876	0.7589358152886212	0.07545547875181104	0.08617564432341351	5.968809849521204	-0.0627494626168629

log2FC_cell_Polyphyllin_II.txt	-1.52575322147029	1.6204731569842812	0.13951555480108602	0.7450051450046059	0.11068351795715907	0.12581898132535124	7.041586867305061	0.34861975044466265

log2FC_cell_Polyphyllin_VI.txt	-1.57448085658663	-1.2938636931260197	0.1492979676020681	0.7798996856758591	0.0869778829309789	0.10738314068690923	3.2618331053351572	0.03859174614114598

log2FC_cell_Polyphyllin_VII.txt	-1.6407064058589	1.2224733401181969	0.14397084177340091	0.7652687493427982	0.0938368874273371	0.1028737822335571	9.825991792065663	0.18970399408533473

log2FC_cell_Praeruptorin_B.txt	-1.52518540836192	1.5692210330536516	0.15058131709488953	0.9489950782080887	0.09346491423747197	0.10970348692473575	12.778932968536251	1.0006092305803016

log2FC_cell_Prim-o-glucosylcimifugin.txt	-1.53895197923426	1.1296760216264021	0.02659454756951339	0.08565002783014553	0.11426477529976257	0.1455456863952159	12.266757865937073	0.11842640748167156

log2FC_cell_Protopanaxdiol.txt	-1.52632103457866	1.5213038962021703	0.1416549068589178	0.733382030130346	0.11380050465334186	0.12614144376584024	8.561696306429548	0.6942919216510135

log2FC_cell_Protopine.txt	-1.55683229813665	1.6263325018604633	0.02200315242092013	0.0	0.050158134070242985	0.10832783682609848	7.093570451436388	0.24266643040127317

log2FC_cell_Prunasin.txt	-1.57350746268657	1.2555730844829744	0.14956065973414023	0.7532981812427093	0.08595159930823913	0.10521069990137129	6.816689466484268	0.2658383877770979

log2FC_cell_Pseudoephedrine.txt	-1.55639195327709	1.2797915271206763	0.03156077520732098	0.0	0.10066041332339348	0.13438603862794074	13.683447332421341	0.49532030797135096

log2FC_cell_Pseudoginsenoside-_F11.txt	-1.58129461388709	-2.4244943834487844	0.03412158908552155	-0.13930083742534105	0.08667908399590941	0.11943769932101037	1.1173734610123118	-0.1615269329862074

log2FC_cell_Pseudolaric_Acid_B.txt	-1.52848799480857	2.466933609924298	0.12488904175855095	0.7252139385202778	0.10776313123548378	0.1370563087969382	7.394801641586867	0.3525084584395389

log2FC_cell_Pseudoprotodioscin.txt	-1.61706683971447	-1.8019528670674756	0.15210886980706262	0.7381224233123727	0.07891456300746433	0.11041895689472422	7.370725034199727	0.3219414934470419

log2FC_cell_Psoralen.txt	-1.55671641791045	-2.4242769066736236	0.13818236338560022	0.8984854466853524	0.08578810209237761	0.13309881520911845	8.055813953488371	0.14531432778582778

log2FC_cell_Puerarin.txt	-1.5391489756188	-2.4448592755700247	0.14015667030644674	1.0021185151300345	0.06036553692883777	0.09208038353742339	3.650341997264022	0.21542105260486338

log2FC_cell_Pulegone.txt	-1.63616390099193	1.2173186317642686	0.15484879051993392	0.7701075461799751	0.09941159541054778	0.11970196654516561	7.381395348837209	0.24558032430169746

log2FC_cell_Purpurin.txt	-1.61556039677389	1.5769835017281097	0.1480619271160638	0.8111647112148737	0.09985268877269045	0.13561789738027535	10.69439124487004	0.3824452661713584

log2FC_cell_Quercetin-3-O-Glucuronide.txt	-1.61317326411421	0.9876381196034545	0.0266995103506599	0.19185667284045438	0.08289231393732897	0.10892230723380138	10.698221614227085	0.9764858110946433

log2FC_cell_Quercetin.txt	-1.55436404931862	-1.8633949859887797	0.025565274939857358	0.0	0.08466520220778917	0.14662960049813706	16.060738714090288	1.0917746136235695

log2FC_cell_Quercetin_3-O-¦Â-D-glucose-7-O-¦Â-D-gentiobioside.txt	-1.53960090850097	-2.444555016118595	0.13328866931668704	0.6932850203431256	0.10696159998427476	0.13165314066868364	1.6861833105335158	-0.13187548001848004

log2FC_cell_Quercitrin.txt	-1.6039260220636	1.5777206597218192	0.13290608294351458	0.7286760469810658	0.09119471173498142	0.12099981434252825	10.912448700410396	1.0073346205845135

log2FC_cell_Quinic_Acid.txt	-1.64297765829239	-2.4443816703272607	0.1476144174672313	0.756104831985084	0.08844732521222157	0.12884817394812687	7.1551299589603286	0.39259378132522094

log2FC_cell_Racanisodamine.txt	-1.59686891628812	-2.4245382826539728	0.019950902745357463	0.0	0.05392943712001889	0.0842701844477966	5.010396716826265	0.1735491288423002

log2FC_cell_Raddeanin_A.txt	-1.54779364049319	1.476342564877138	0.15065379622080372	0.8392069854746665	0.09615533697217452	0.1374764871284845	9.142270861833106	0.39096352410242896

log2FC_cell_Resibufogenin.txt	-1.5199128580699	-1.8106571140800478	0.13590430881731336	0.7554190208337872	0.08318584665798708	0.11568414778334749	11.463201094391245	2.389887436138019

log2FC_cell_Resveratrol.txt	-1.54213868545471	1.6384707830325356	0.03336455893393811	0.27025001832949846	0.08995561658952249	0.12550996987739213	3.903419972640219	-0.3920601581179748

log2FC_cell_Rhapontin.txt	-1.59175859831278	1.1561093016583495	0.14924527785285815	0.9572305596292753	0.0887966939076742	0.11958295468980544	11.444322845417236	0.8744914060478268

log2FC_cell_Rhein.txt	-1.55395846852693	1.625029880395697	0.04195320870491586	0.0	0.10141777381300815	0.13560034202018478	7.87578659370725	0.320287758326778

log2FC_cell_Rhoifolin.txt	-1.59735561323816	1.6234400079124989	0.14231743458141166	0.7520718807948736	0.11186752082598578	0.12712232934716558	3.829001367989056	0.3902151700542232

log2FC_cell_Roburic_acid.txt	-1.66934040975248	1.6035854855637306	0.14279540965701776	0.6366875429870351	0.08744686335476173	0.1326297789320435	7.868946648426813	0.40550757102976875

log2FC_cell_Rosmarinic_acid.txt	-1.55647306943543	-2.465532019961282	0.13227117934125102	0.7187693484180013	0.0890326405111493	0.1257701841156442	1.0880984952120383	0.0013052246441584885

log2FC_cell_Rotundifuran.txt	-1.53491934736257	1.5586770515964252	0.14795142350911705	0.8399067235454113	0.07707017755420562	0.10224013681323003	6.578385772913816	0.36033285914237045

log2FC_cell_Rubimaillin.txt	-1.51780383795309	1.5465350626549998	0.14099953228812429	0.6667953266453543	0.08958608474457572	0.0999369714992284	2.239671682626539	0.045444177268218505

log2FC_cell_Ruscogenin.txt	-1.61238527857606	1.573600888392795	0.12707739601239465	0.7297085271447431	0.07121140319704859	0.11023168098183486	10.934883720930232	0.7819523582411175

log2FC_cell_Rutaecarpine.txt	-1.56085334198572	-2.4656588060815423	0.022211531066903947	0.04102129690237161	0.11069702384666397	0.13094313269674981	4.372093023255814	0.4071863366729544

log2FC_cell_Rutin.txt	-1.62091406322425	1.5819447960145367	0.14442192850568508	1.0192277496482118	0.10293724745015523	0.1448387397635243	4.698221614227086	-0.1866517555555031

log2FC_cell_SHIONONE.txt	-1.58859506813757	1.5923870501595097	0.17824983249990892	0.789020540542863	0.10025045980863086	0.09764605868730396	10.66922024623803	0.8835809906903226

log2FC_cell_SOYASAPONIN_I.txt	-1.53362148882915	1.5120420276147624	0.0035557098942260307	0.0	0.10563354291146401	0.13988029804849353	6.940082079343365	0.7721832088251548

log2FC_cell_Safflomin_A.txt	-1.54982154445165	1.5266403788129062	0.14612818693553054	0.6423449414518336	0.12072351611046676	0.15459107158675986	4.596443228454173	0.05627935905351071

log2FC_cell_Saikosaponin_A.txt	-1.52938027255029	-1.6876775636433958	0.016712350741536805	0.0	0.04390770413653526	0.06158942338697857	9.414500683994529	1.182699285804895

log2FC_cell_Saikosaponin_B.txt	-1.54000648929267	1.196256688128568	0.028542638843309903	-0.0344004804767174	0.09537220730295785	0.13582907048394197	4.960328317373461	0.7255393131239982

log2FC_cell_Saikosaponin_D.txt	-1.60404190228979	1.5775893423502338	0.15828043088026922	0.8481456922729739	0.08981760847494133	0.10684255528202784	9.062106703146375	1.227604200499679

log2FC_cell_Salicylic_acid.txt	-1.52404978214517	1.5622714670891469	0.14843736934445673	0.7300944896929352	0.0911896802025059	0.1066502500188304	3.307797537619699	-0.09697287474215718

log2FC_cell_Salidroside.txt	-1.58900064892927	1.584782251923987	0.019533528365938732	0.0	0.11280678894315306	0.14455535537186717	4.114637482900137	0.7261580477922005

log2FC_cell_Salvianic_Acid_A_Sodium_3-_3_4-dihydroxyphenyl_-DL-lactate_.txt	-1.58624269954575	1.5634545634803634	0.030720578049126993	0.0	0.08748961172881765	0.12106821446369419	10.351846785225717	1.7714695993719909

log2FC_cell_Salvianolic_acid_B.txt	-1.59970798182998	1.567125770791666	0.13335321921766333	0.7196240281097886	0.10260536294043604	0.12183192582515433	0.35841313269493846	0.03234191068637805

log2FC_cell_Sarsasapogenin.txt	-1.54449105404654	-2.4241892017504227	0.13795140953752077	0.7642960227965544	0.12193435901935579	0.14402345182932214	8.393707250341997	0.4609191684592099

log2FC_cell_Sauchinone.txt	-1.53144294057662	1.525389582348136	0.15693616601761434	0.6487495536708224	0.08585003715625912	0.11281630350626691	4.578932968536252	-0.03686571928817136

log2FC_cell_Schaftoside.txt	-1.52705108000371	-2.4243628128632784	0.02931811759106969	0.0	0.09156376050692303	0.12149993894061954	8.00766073871409	0.49396918033698906

log2FC_cell_Schisandrin_A.txt	-1.53775841290442	1.053502124464237	0.16097470739248315	0.9123772144064015	0.1050717619998267	0.10231680981834883	9.953214774281806	0.12484054424074542

log2FC_cell_Schisantherin_A.txt	-1.56580142764439	1.5329555659232934	0.019849436003665434	0.1316290534596526	0.08788192671423874	0.12258458533135531	7.667852257181942	0.4145715143549969

log2FC_cell_Schisantherin_C.txt	-1.56215120051914	1.5957248360536285	0.1675598317096499	0.7683965670328262	0.11366042699088998	0.1485770123525913	9.689466484268126	0.6597451448638998

log2FC_cell_Schizandrin_B.txt	-1.57610317975341	1.5914221106357551	0.14976411805679105	0.743241883543573	0.10167964080506962	0.1273275387342276	3.842407660738714	0.3500999731076212

log2FC_cell_Schizandrol_A.txt	-1.57602206359507	-2.4243205833033046	0.15338750620595953	0.7952359885809557	0.07319652889160022	0.08853059729789392	6.479890560875513	0.06241231094268332

log2FC_cell_Scopolamine_hydrobromide.txt	-1.58543153796236	1.2653181064240986	0.15481478163010054	0.7436315946472432	0.12162066813702972	0.1408085990135377	7.134610123119015	0.020170300110608885

log2FC_cell_Scopoletin.txt	-1.64415963659961	-1.4652732665625923	0.01374020928126908	0.0	0.08091887353584006	0.11478685722498452	6.929411764705883	0.0657618700152023

log2FC_cell_Scutellarin.txt	-1.53232363029573	-1.4140334188649464	0.012932425617518895	0.0033594435345669638	0.0533359760460764	0.13647001345059454	7.343638850889193	0.4691584814453496

log2FC_cell_Senegenin.txt	-1.56369240752758	1.195653851259496	0.15711435311647728	1.1964125624149298	0.11717038998863719	0.15378301527276989	12.434473324213407	0.42156456643186635

log2FC_cell_Senkyunolide_H.txt	-1.56166450356911	1.2603910448356836	0.032867974784118084	-0.08308166643694898	0.09074447947192965	0.12455844633071235	8.366621067031463	0.6035401526058548

log2FC_cell_Senkyunolide_I.txt	-1.52556781310837	1.2623043144507116	0.15273681150213858	0.7301496735545494	0.09874097557810947	0.12476364970193264	9.22763337893297	0.771274377975076

log2FC_cell_Sesamin.txt	-1.53873180680449	1.5417481006402374	0.14872321299678612	0.6849417395906814	0.10009901289564048	0.10711615977698823	6.971272229822161	1.2765189540218433

log2FC_cell_Shanzhiside_methylester.txt	-1.56052887735237	-2.444861998643031	0.023579852220172268	0.0	0.06728230717201389	0.10623983124470628	3.4013679890560877	0.5479782132725907

log2FC_cell_Silymarin.txt	-1.62128487994809	-2.4246672464528927	0.14139024991603694	0.7258085891094105	0.08858112480181084	0.10766336876690898	8.157865937072504	0.4602723227046784

log2FC_cell_Sinapine_thiocyanate.txt	-1.60254704737184	-2.424317928537271	0.14453059850634098	0.7515416464849578	0.07767140463587326	0.12292659095005581	7.592886456908345	0.46180124904390724

log2FC_cell_Sinomenine.txt	-1.61958144062297	-1.7593914334712752	0.1472029078469256	0.7629113549400823	0.08895946210110772	0.12036467036027321	10.138166894664844	0.7219901124438924

log2FC_cell_Sipeimine-3¦Â-D-glucoside.txt	-1.59329980532122	1.2480133005146268	0.14813785664032478	1.0927707205430814	0.1074019841697845	0.12148779308232294	14.622161422708619	1.4724438982429595

log2FC_cell_Sipeimine.txt	-1.61823722999907	1.547570340937151	0.0294894123177925	0.15263513344445123	0.08065026472944507	0.10372845922208951	3.3326949384404925	0.3769842851577964

log2FC_cell_Sodium_Aescinate.txt	-1.5390330953926	-2.444294671818391	0.14600941849597948	0.7258231725177668	0.12292167158106068	0.14012458777613673	9.080164158686731	1.33916856977783

log2FC_cell_Sophoricoside.txt	-1.68552887735237	-1.7777325007520162	0.029483792641266368	0.05070307479881708	0.0558307467680052	0.07554028929401162	-2.13625170998632	-0.5121803935964623

log2FC_cell_Sophoridine.txt	-1.56429498470381	-2.423884230713216	0.15220128062413596	0.8987876613365439	0.05200964118623851	0.08343959937380974	5.126128590971272	0.03283129159877873

log2FC_cell_Specnuezhenide.txt	-1.54093353110225	-2.4445568056497073	0.13111487751498468	0.722783128380736	0.09147955052311717	0.10953295331327378	3.334610123119015	0.41796361796901904

log2FC_cell_Spinosin.txt	-1.60598869008992	1.129214267590196	0.1449369096324998	1.0325633223617567	0.0842155800289032	0.08246244046323696	6.755129958960328	-0.017664391940011914

log2FC_cell_Stachydrine.txt	-1.52713219616205	-2.4446857863560347	0.13449463179899096	0.7383896770569142	0.09563181609420107	0.13985214490124195	0.7485636114911081	-0.34608734544307185

log2FC_cell_Stevioside.txt	-1.62732223973301	-1.4775629678545728	0.13375352582310246	0.7503245132284813	0.07581290655331063	0.09936583316233301	9.777291381668947	0.6391114881620182

log2FC_cell_Strychnine.txt	-1.61182905349031	1.5862541809263044	0.14537762577831692	0.7734774713883237	0.06698617887039593	0.09568199806525372	10.203009575923392	0.671429780243078

log2FC_cell_Succinic_Acid.txt	-1.68669926763697	1.5792681326882834	0.1275882800906719	0.5884111735379041	0.06539307099943213	0.08818140518324405	2.407387140902873	-0.46788855516054995

log2FC_cell_Swertiamarin.txt	-1.51761842959117	1.4938926641518993	0.1288079157591917	0.721609831754169	0.10111912913684319	0.13304995726358979	6.561422708618331	0.4418141137378615

log2FC_cell_Synephrine.txt	-1.56299712617039	1.60382652813128	0.053872517666183874	0.2644163546683483	0.10855653957746944	0.13158229023148554	11.954309165526675	0.9575013535287743

log2FC_cell_Syringin.txt	-1.56361129136924	1.5511682044155617	0.15356079403173695	0.8986963050936351	0.09715038018134305	0.13154320444796216	11.864295485636115	0.5417749968916485

log2FC_cell_Tanshinone_I.txt	-1.60814406229721	1.4710403179775389	0.01992671603228889	-0.09515805631363611	0.10110882735547612	0.13807660186605036	4.091928864569083	0.47806176351132623

log2FC_cell_Tanshinone_IIA-sulfonic_sodium.txt	-1.60027579493835	1.494285100878688	0.036849982490509005	0.18177709265593078	0.0887942736308717	0.12578966655803406	7.032284541723667	0.6397805553576669

log2FC_cell_Tanshinone_IIA.txt	-1.5974367293965	1.6148658777453004	0.15517521337692308	0.7409153309127499	0.09815300938611181	0.1140816306588886	8.845690834473324	0.45391389080249916

log2FC_cell_Taraxerone.txt	-1.54260220635951	1.5796680649745987	0.019380145523882564	0.0	0.07414901001767624	0.09248809088571368	5.47250341997264	0.21803180846838183

log2FC_cell_Taurocholic_acid_Sodium_Salt.txt	-1.5238875498285	1.1801534541248264	0.04190544724901595	0.0	0.12670048839236886	0.15448882376155662	8.944459644322846	0.6932793969523185

log2FC_cell_Taxifolin.txt	-1.52177852971169	-2.4241007544036393	0.0354945084335543	0.07099195618655674	0.11171093054258985	0.13667321353540685	11.296032831737346	0.7489451699582235

log2FC_cell_Tectoridin.txt	-1.64419440066747	1.5429796004105514	0.15333792695295428	0.9134737066621712	0.0774464789288744	0.09149004778237035	10.220519835841314	0.46299639148904054

log2FC_cell_Tectorigenin.txt	-1.53905627143784	1.5667361043015486	0.14415810544836016	0.7366540590625101	0.08820871829382382	0.11785340876889552	11.13953488372093	0.8051377916073179

log2FC_cell_Tenacissoside_H.txt	-1.54181422082136	1.5991995498006155	0.025588859580454537	-0.1130173099870257	0.10091576340453139	0.1306168315762636	7.79562243502052	0.19764427836256707

log2FC_cell_Tenuifolin.txt	-1.55485074626866	1.1614404703795904	0.03784855925454304	0.0	0.10812845001797264	0.14795923352778512	10.474965800273598	0.16649863812828408

log2FC_cell_Tetrahydrocoptisine.txt	-1.6374269954575	1.1058326831406093	0.04636029868936452	0.3192896281180956	0.10459045848476707	0.14562385796226268	12.27359781121751	2.090582510684744

log2FC_cell_Tetrahydropalmatine.txt	-1.58664828033744	1.5906434350832763	0.1479619766866127	0.7398467222881898	0.09817105596000333	0.12249484556229785	11.481805745554036	0.31565370611429067

log2FC_cell_Tetrandrine.txt	-1.62534068786502	1.4657990132526355	0.1463151624652007	0.7301689527343689	0.06903144522607797	0.096426041295322	6.7272229822161425	0.23664535757060384

log2FC_cell_Thymol.txt	-1.51983174191156	-1.2839503360501587	0.1427811403215673	0.7269749458932071	0.08152239621491848	0.1225748137422496	6.766347469220246	0.47493835140687096

log2FC_cell_Tilianin.txt	-1.63016130527487	-1.7467178416956939	0.14266534197395744	1.0105844624619573	0.038994667750507014	0.07779048065742288	9.133242134062927	0.4404901233673917

log2FC_cell_Tiliroside.txt	-1.54336701585241	1.623919448887261	0.1387941355698167	0.7441509927696279	0.10038065217133652	0.12191833025532786	11.45061559507524	0.5929879852969849

log2FC_cell_Timosaponin_BII.txt	-1.54665801427644	1.305872911890479	0.15674117317431438	0.745478879607383	0.09221553093774573	0.11827878195234773	5.4563611491108075	0.06828151621433146

log2FC_cell_Toddalolactone.txt	-1.67587605451006	-1.7035990818362288	0.12542542922866368	0.7269812856448687	0.06531026453417169	0.10777401570988461	2.39671682626539	0.1683536573405085

log2FC_cell_Toosendanin.txt	-1.53589274126263	1.5162792005392014	0.15582598485221238	0.7387997019610586	0.11532461409812352	0.13336069338179968	13.106155950752393	1.2430154663212813

log2FC_cell_Tracheloside.txt	-1.52234634282006	1.6097083694361098	0.14596820805096106	0.7224355456674179	0.1064889873700633	0.1252815439245362	7.909439124487004	0.3280716533070411

log2FC_cell_Trifolin.txt	-1.61272133123204	1.470806475953611	0.16155248621335427	0.7624171124541212	0.07902241709821095	0.10685076070706181	9.832010943912449	0.37045333937987474

log2FC_cell_Trigonelline.txt	-1.58007787151201	1.6492784171698327	0.13216137171816783	0.7257279183266783	0.10181773978997581	0.12671191057304143	4.1113543091655265	-0.018251875379541642

log2FC_cell_Tripterifordin_Hypodiolide_A.txt	-1.60443589505887	1.4983769991432796	0.15369390483890577	1.0990918811632011	0.08456281865563882	0.1263368755479548	7.114637482900137	-0.11099354265173017

log2FC_cell_Tubeimoside_I.txt	-1.53556827662928	1.5591644567042153	0.024553893151688128	0.04052940310000691	0.10519915041648539	0.145985401459854	12.720109439124487	1.344836121248988

log2FC_cell_Turicine.txt	-1.53735283211273	-2.4442061281846836	0.1612055398317611	0.9750617426599082	0.09219156938243321	0.11299622915476866	-1.7983584131326948	-0.1697079830084785

log2FC_cell_Tussilagone.txt	-1.62282608695652	1.581043170288388	0.14830073535981958	0.8517787972447877	0.10271929280005011	0.1275173687450532	10.65827633378933	0.5100378479112674

log2FC_cell_Typhaneoside.txt	-1.53108371187541	-2.444554853264035	0.019519495015812183	-0.0327147722619654	0.0999272425422246	0.1446139866253135	5.512722298221615	0.3039508950218676

log2FC_cell_Ursolic_acid.txt	-1.57261518494484	-2.444381314536164	0.02673190122304	0.10604456750821373	0.09873292345985162	0.11641871260564109	6.547469220246238	0.20472897880079435

log2FC_cell_Vaccarin.txt	-1.54911467507185	1.2463308113754414	0.03671053591370803	0.0	0.09913364508502343	0.1361084646536826	7.261012311901505	0.5086579139208373

log2FC_cell_Valtrate.txt	-1.57894224529526	-2.4243633874341213	0.04993373162786842	0.2737034573265261	0.12165535004139771	0.16439226278786737	6.72749658002736	0.8897399581028983

log2FC_cell_Vanillic_acid.txt	-1.56210484842866	1.5378740119426282	0.12465541803012481	0.49514249293465673	0.11034643826838632	0.13110541103154996	6.705061559507524	0.3580190039164186

log2FC_cell_Verbascoside__Acteoside_.txt	-1.5685593770279	-2.4450334918847743	0.14384215615057455	0.7082899322378977	0.127699338362077	0.157747387397286	6.022435020519836	-0.02219885563168584

log2FC_cell_Vitexin-2_-O-Rhamnoside.txt	-1.68824047464541	1.5777633007759253	0.14404479642090914	0.7698966780861722	0.057939811792357875	0.08585192350912164	9.921477428180575	0.5365772089829958

log2FC_cell_Vitexin.txt	-1.62699777509966	0.9756809541845657	0.1572849629471121	0.9256835446016682	0.10265673145341046	0.11535191862339869	10.33406292749658	0.4136785951112054

log2FC_cell_Wedelolactone.txt	-1.54027301381292	-2.424059712963809	0.1436301049414217	0.8840865608330173	0.08925914010148739	0.13368315109586767	11.697948016415868	0.9136223368652707

log2FC_cell_Wogonin.txt	-1.60290627607305	1.5036880263688446	0.14172823807056883	0.752426596683206	0.06603145932559727	0.08272506082725059	9.281532147742817	0.28675773747669325

log2FC_cell_Wogonoside.txt	-1.56458468526931	-2.444381136594173	0.13134682380115043	0.735908178211553	0.0976204924315908	0.13082587018985722	4.137072503419972	0.14511558154790832

log2FC_cell_Z-Ligustilide.txt	-1.63381153240011	1.6036077619964413	0.13406217451790303	0.7176262001117735	0.05459665497584013	0.08207398294925386	2.443502051983584	0.2554655542598135

log2FC_cell__-_-Borneol.txt	-1.5340038935756	1.6005038858618412	0.13932128657646298	0.7697878314431406	0.12878993531250177	0.13964987383352626	5.493023255813953	-0.2894723045033771

log2FC_cell__-_-Caryophyllene.txt	-1.52705108000371	1.5769164346351903	0.1476013748338327	0.9241723749566282	0.1043684470311725	0.12176198712123432	9.957045143638851	0.5845953255912648

log2FC_cell__-_-Syringaresnol-4-O-¦Â-D-apiofuranosyl-_1_2_-¦Â-D-glucopyranoside.txt	-1.64115833874108	1.596104023849298	0.14437308813286176	0.9534863786571733	0.09802043214786656	0.14213753513191668	6.6109439124487	0.04894516631907913

log2FC_cell__-_-pareruptorin_A.txt	-1.5519537406137	1.52764870273358	0.040308491423588555	0.0	0.05734131204477568	0.09941469039173725	10.438303693570452	0.2049964014030222

log2FC_cell____-Catechin_Hydrate.txt	-1.52761889311208	-1.8580108662227874	0.008747671541879082	0.025192636319599837	0.0818198540104377	0.11333089044823108	6.7272229822161425	0.3031699673312105

log2FC_cell____-Corynoline.txt	-1.54333225178456	1.1772505003429812	0.14050997104777424	0.7393056489748051	0.10013248027645381	0.13721265422262988	7.665116279069768	0.29646167847901744

log2FC_cell_aurantio-obtusin.txt	-1.64059052563271	-1.8281089865237732	0.1272106821980422	0.7596253302508249	0.07478954109345227	0.09962913963162336	0.5124487004103967	-0.61590192469745

log2FC_cell_baohuoside_I.txt	-1.69153147306944	-1.4435486787750202	0.1387441179928022	0.9565830570474974	0.054740844231761364	0.0821595212009594	5.934883720930233	-0.3513819116124551

log2FC_cell_chikusetsu_saponin_Iva.txt	-1.52575322147029	1.563979095469879	0.03399516661538608	0.0	0.09169829113718589	0.12012214487671191	8.180027359781121	0.6329309931092518

log2FC_cell_cinnamaldehyde.txt	-1.54162881245944	1.4177230194473918	0.12831223435808656	0.8554726765033954	0.09523038129324707	0.12025270081837339	4.152941176470589	-0.043055647536919324

log2FC_cell_cinnamic_acid.txt	-1.65129785853342	-1.683814250428038	0.14620001930458032	0.7489027163366363	0.08532457007497941	0.10404788079778969	6.992065663474692	0.07532268418467691

log2FC_cell_cis-Anethol.txt	-1.55168721609345	1.2986547153227197	0.03927041891662486	0.44526967583832944	0.0818888807664451	0.08214854552028063	9.012859097127222	0.11183227470035707

log2FC_cell_cis_trans-Germacrone.txt	-1.56661258922777	-2.4242753946444027	0.14369809716593743	0.7418809694519876	0.11250968590783204	0.1340271161741626	8.784952120383037	-0.22858571257390747

log2FC_cell_cynarin__1_4-Dicaffeoylquinic_Acid_.txt	-1.59933716510615	-2.4237100785145094	0.14862827395418476	0.7266464676841784	0.07141530467042806	0.08677171125886292	6.412585499316005	-0.0922482244901782

log2FC_cell_daphnoretin.txt	-1.54741123574673	1.5418629218220374	0.04784330253256035	0.22087263917766575	0.12065274358739979	0.14278246001289469	8.059644322845417	0.12093390763359722

log2FC_cell_endo-Borneol.txt	-1.59208306294614	1.6147392096063153	0.15023273668622805	0.7346285391490874	0.09869298574721731	0.10796470553747838	10.374008207934336	0.46473259533788414

log2FC_cell_l-Perillaldehyde.txt	-1.54097988319273	-1.8792354968827314	0.14229282272693253	0.7199577751626884	0.09090990856131727	0.1099890069740722	7.7428180574555405	0.8486406651044851

log2FC_cell_oroxylin_A_7-O-¦Â-D-Glucuronide.txt	-1.56198896820247	1.4764432896611621	0.031230231995223137	0.0	0.10220271992745741	0.13913561789738027	10.846511627906978	1.5507749452641777

log2FC_cell_psoralidin.txt	-1.58956846203764	-1.8335622839767804	0.1394752100050271	0.8319527969693958	0.11333263467918807	0.15175277881195284	9.963064295485637	1.2011036463619271

log2FC_cell_schisanhenol.txt	-1.5635301752109	1.2082473015597623	0.15531896241728257	0.7429452819117253	0.11595876041776011	0.12901429096292422	7.199726402188783	0.8411636407064792

log2FC_cell_vitamin_D2.txt	-1.61317326411421	1.5229916364933955	0.021512617072819776	-0.09861581726561164	0.07575868304795201	0.12874068646796383	8.142270861833106	0.39624498167580696

log2FC_cell_vitexicarpin.txt	-1.5184527672198	1.266997844339797	0.16321561396915785	1.1884337996903884	0.08304399564536127	0.06442408697406343	5.312448700410397	-0.44263352345193

log2FC_cell_¦Á-Cyperone.txt	-1.55752757949384	1.6174173863649857	0.14192143364165355	0.808020911102665	0.08134937862749216	0.118908724924027	10.599726402188782	0.8590552892142266

log2FC_cell_¦Á-Hederin.txt	-1.59654445165477	-2.4446001990105506	0.020100341193094604	0.0	0.07625497292107813	0.13462393600443778	0.5129958960328317	-0.4895271412288315

log2FC_cell_¦Â-Sitosterol.txt	-1.58372809863725	1.4237876150948499	0.016460790901156888	0.0	0.07530476521742321	0.09931697593292879	10.1187414500684	-0.06351447577688568

log2FC_cell_¦Â_¦Â-Dimethylacrylalkannin.txt	-1.50942569759896	-2.424319404433334	0.14554020410685697	0.7767807973730004	0.10001619462537904	0.11163390656176642	3.781668946648427	0.16794408097183244

