	SScmap	SSfisher	SSlincs	SSlincs_Norm	SSpearson_corr	SSspearman_corr	SSzhang	SSzhang_Norm
S1.txt	0.164433249370277	-0.5728605223510226	-0.22698909567824094	0.09203166520609762	0.0691688389160075	0.44129554655870445	-122.95769230769231	0.49166744605733703

S10.txt	0.100729027620906	2.432035791226706	-0.2334627656925988	-0.058153023963967376	0.05761855625948017	0.270817376080534	-160.75708502024293	-0.7423875846740416

S10S1.txt	-0.0434985096870342	-2.4091785244065145	0.15466432921389398	-0.10818783373024055	-0.09267828965620162	-0.28424015009380865	-210.890243902439	-2.2646702318075103

S10S10.txt	-0.122917836421486	-2.464250229106067	-0.14171238324200044	0.006089798996201323	-0.026237053939130013	0.007894736842105263	-128.19871794871796	-1.089990405084652

S10S11.txt	1.77245840746637	-2.461319053747784	0.21454401318444646	0.0014779178762706069	0.07167818613385951	0.006275303643724696	-156.15128205128204	-0.34245922325533523

S10S12.txt	0.310177880897138	-0.5962282209471446	-0.28754244348918034	-0.08272713084471894	0.0677914845824827	0.3097560975609756	-89.4390243902439	0.680189277293787

S10S13.txt	-0.151651230236692	-2.8936802519184948	-0.38557745876024396	-0.8762007061766437	-0.13456404745771253	-0.14716599190283403	-155.64358974358976	-2.02616046266079

S10S14.txt	-1.65022670491348	2.638370044283675	-0.18616023663184533	0.03982752595262046	-0.2639294839830066	-0.3559099437148218	-150.22560975609755	-0.7051086548153147

S10S15.txt	-1.67021276595745	-0.7596923662134192	-0.2625051761957693	-0.060306399190451554	-0.29305923873753115	-0.36641651031894934	-106.85975609756098	0.7641814033918765

S10S16.txt	-1.68223266095607	-0.714761470893356	-0.21952036516561313	0.008568950509536322	-0.3768606439494761	-0.42307692307692313	-79.62692307692308	0.5085633138373185

S10S17.txt	-1.55819323849991	2.7706788007185983	-0.21116299720079407	-0.04429723965900345	-0.24472346426714445	-0.3046904315196999	-125.87560975609756	0.20467198054835167

S10S18.txt	-1.49049815498155	2.7698652924943743	-0.19234834279830154	-0.04174982150561796	-0.22205454040526282	-0.28866396761133606	-134.48589743589744	-0.505584492597926

S10S19.txt	-1.54277313240834	-0.5590897954318578	-0.26759291339947466	-0.05128092645734039	-0.329844623475627	-0.4294559099437149	-116.49512195121952	0.014220114724319262

S10S2.txt	-0.0447925447223002	-2.44064814707282	0.18005783674870673	-0.13349065323276565	0.04592247418272032	-0.02363977485928706	-214.08048780487806	-5.574211022879055

S10S20.txt	-0.0386205095110784	2.7139567669365907	-0.27246934515603904	-0.04011270152057067	-0.19967586546446942	-0.17617260787992498	-114.60609756097561	1.7939267435890385

S10S21.txt	-0.110221769840535	2.6314868828471742	-0.2111823249282164	0.030686253159772803	-0.23843045801392523	-0.2524291497975708	-124.8423076923077	0.9555762979184975

S10S22.txt	-0.0439339532885247	2.6490583723096934	-0.2884271785071284	-0.18398072428877849	-0.25020253439183326	-0.3183864915572233	-131.23170731707316	-0.6026598266519866

S10S23.txt	-0.17331486611265	-0.3916482335319744	-0.26123383392314137	-0.049589121709415984	-0.27190478891802716	-0.17813765182186236	-95.66025641025641	0.5442907039825781

S10S24.txt	-0.0787139689578714	2.521392397009704	-0.2554654990659617	-0.015179256441896105	-0.2431580213277282	-0.2358348968105066	-83.07682926829268	1.6655661269299105

S10S25.txt	-1.48767199187367	-2.9660406271214863	-0.4471677999697416	-0.9517604659560008	-0.2774907405220535	-0.3751012145748988	-130.27948717948718	0.14072253599586843

S10S26.txt	-0.202345770225342	0.8538053536318252	0.19477001036228345	-0.27309151980239565	-0.031188000727034426	-0.1654784240150094	-220.79634146341462	-2.6679846842727666

S10S27.txt	-0.240014792899408	1.25653784384664	0.161163040012636	-0.18128400388553856	-0.04455632574663596	-0.1819838056680162	-238.70897435897436	-1.9556662641162492

S10S28.txt	-1.49304974430497	-2.3409777679562644	-0.5138114991248668	-1.0964282918358008	-0.0203058713919868	-0.007692307692307694	-173.60256410256412	-2.1214245557818683

S10S29.txt	-1.47920741361647	-2.2853227392791475	-0.5029885822385647	-1.1090374012402369	-0.010392272335999727	-0.037449392712550614	-194.57692307692307	-1.6971745259115005

S10S3.txt	-0.0382735405330629	0.8986241422658823	0.2605697247154458	0.021856314589773218	-0.002462587258255218	-0.175046904315197	-211.02439024390245	-2.714356418802511

S10S30.txt	-1.73632974316487	-1.0189432321605156	-0.22549878431148476	-0.16725026825374412	-0.19723777169984882	-0.10931174089068826	-35.12820512820513	-0.399310913938689

S10S4.txt	-0.173633189950751	2.365237531170905	-0.05710822881425881	0.20095336267831043	-0.018476527882536717	-0.036022514071294566	-123.48414634146341	-1.4411602794711784

S10S5.txt	-0.0496282527881041	2.752437297280251	0.4895351212904715	0.9088592209813342	0.03519600619629828	-0.1924953095684803	-102.47195121951219	-0.6033259274167448

S10S6.txt	-0.0193975566539214	-2.729271867384776	0.19110627766075677	-0.01180104339515875	0.10047493965843352	0.053036437246963566	-193.47564102564104	-1.8602347205578458

S10S7.txt	-0.0418596036303019	1.0408011382491613	0.18403844737115063	-0.31327646190170855	0.017020451234282887	-0.17842401500938088	-214.27926829268293	-2.648767638904508

S10S8.txt	0.0673654558471068	-2.586430987736649	-0.42453588792511543	-1.136765091934892	0.0024797325113717103	0.043339587242026266	-170.79756097560977	-1.5046281677704498

S10S9.txt	-1.48648606715075	2.932646901465841	-0.41013784862253844	-0.8349130601953811	-0.17941726456614676	-0.301417004048583	-175.08589743589744	-1.641553050201741

S11.txt	0.217589711678075	2.3195052728215964	-0.22902431676514223	-0.02561829949761285	0.10828503366217189	0.4502680818470292	-121.08636977058029	0.28085814532677505

S11S1.txt	1.71494447581404	-4.605170185988091	0.5167988153743366	1.136013474721508	0.18922487928001516	0.1406061932377722	-59.67881241565452	1.613510153594257

S11S10.txt	0.265770423991727	0.6880694626265464	0.28394640357282175	0.15305519268920098	0.07832388201438992	-0.06554327606959186	-205.1578947368421	-1.9894893421290427

S11S11.txt	-0.0183572164465673	0.7298928683007214	0.27353661983756733	-0.07778818651403707	0.02984353927936783	-0.09878542510121457	-208.6076923076923	-1.6836949752922568

S11S12.txt	1.63292647386556	2.8694003605159786	0.5231020952699563	1.0420090365413501	0.17647204362565036	0.12047269942006783	-52.99055330634278	2.3394119412647876

S11S13.txt	1.47890293565034	-2.5742130469590316	0.47649627633096525	1.1015661782510904	0.24070446815079816	0.4312287996498523	-102.0310391363023	0.4490531294222422

S11S14.txt	1.677063642092	1.8739546830067801	-0.02565123211429557	0.32910915703191895	0.08305771066403314	-0.03866396761133603	-125.41538461538461	0.5453363160556631

S11S15.txt	0.438962503524105	-3.0718415992916586	0.29265367595303593	0.1827616814211292	0.162894844452381	-0.04015756647335595	-185.9379217273954	-1.0142331023826532

S11S16.txt	0.144812072359171	0.6223058878993593	0.33286661849109966	0.3372437209614718	0.10395191686965695	-0.03016194331983806	-178.76666666666668	-1.9755424868952398

S11S17.txt	0.284813699661272	-4.605170185988091	0.3139170338615368	0.3140648261749019	0.14180139928948532	-0.15658168289747235	-91.08906882591093	1.2158614128253786

S11S18.txt	-0.117547648108159	-2.869024337850059	0.484677518639283	0.9266846297670445	-0.018770862595107962	-0.3156800525221578	-133.89203778677464	-0.5102022816579406

S11S19.txt	1.46711907810499	2.3793495842809387	0.5417978555405663	1.3134489351111975	0.1860557076071961	0.024619761461866726	-25.375168690958166	3.2768837673782696

S11S2.txt	1.75873201222653	2.1971997135783057	0.5670903466307257	1.178901818409531	0.20405048223839997	0.14213808950651058	-78.21997300944669	0.5387423549586181

S11S20.txt	0.351947929440619	-4.605170185988091	0.5493492566850304	1.1055663173985915	0.16155095581597662	-0.08151876572929204	-119.25910931174089	-0.34952152713082135

S11S21.txt	1.60861127023076	2.290565548501144	0.4780684331751629	1.191285578934012	0.20750822002189315	0.28482328482328484	-53.472334682860996	5.057928020041218

S11S22.txt	1.6809447146674	-4.605170185988091	0.5305199653615902	1.2126934776413694	0.28878661845223774	0.2552795710690447	-41.27935222672065	1.003630802887159

S11S23.txt	0.109633675327106	2.1440422220694906	-0.09374435254692015	0.42436124299381917	-0.08379096441027833	-0.11784659153080204	-52.958164642375166	2.0901171908637126

S11S24.txt	1.48805804524114	2.1918421612896917	0.052539909750543345	0.6445516213261775	0.1838639666207812	0.1953167742641427	-82.83130904183535	1.0690761742250534

S11S25.txt	1.69000564652739	-2.871452945232148	0.40879921584495044	0.7816373777914898	0.04372581311090613	-0.14126272021008862	-116.3306342780027	0.6403149113737537

S11S26.txt	1.47822183459881	2.3864898073731946	0.5568573372714768	1.2001422940449236	0.25474149796968476	0.3152423678739468	-36.09851551956815	1.3035014755371856

S11S27.txt	0.220784093040705	0.6008072239495109	0.5107446495440093	0.9027678800387497	0.12430558968703859	-0.10449720976036765	-154.47638326585695	-0.3916188132687393

S11S28.txt	0.18928035982009	0.8281468389162149	0.3167002322514749	0.20251676132581153	0.05979223652737148	-0.11153846153846154	-174.06666666666666	-0.217739602626481

S11S29.txt	0.0940323795180723	3.070842161469516	0.35539353870428436	0.22772221237759266	0.1447040765095954	0.05372579056789582	-202.50202429149797	-1.5561725949941403

S11S3.txt	0.364782348413581	-2.257362246422457	-0.09431367616801659	0.3031829117627689	0.15946925976666151	0.2244228033701718	-81.41295546558705	1.1284981044100881

S11S30.txt	1.3251932416718	2.316694262462946	0.02343082215036693	0.5288277791576801	0.2147422348406353	0.3097713097713098	-89.29419703103913	2.1557929993071503

S11S4.txt	1.63573874336586	-4.605170185988091	0.2208177391643339	0.03355521253681043	0.16346250320798064	-0.03993872414925046	-126.8272604588394	0.08934484909196164

S11S5.txt	1.73655735046892	-2.5969685683741033	0.2497021169756344	0.05801135919125411	0.18898683268456964	0.10777984462194988	-82.14709851551957	0.11457361673857877

S11S6.txt	1.76450804763376	-2.2684591648629295	0.5263913044390185	1.0018481416886096	0.18219494950062884	0.07889265784002626	-78.58029689608637	1.0212662166823803

S11S7.txt	0.397883525402832	1.9246754404244513	-0.13976934104881822	0.2928621445818589	0.11115770552979007	0.18349928876244667	-36.21322537112011	1.4835521507484972

S11S8.txt	1.65499254843517	-4.605170185988091	0.4417988008383812	0.9750942634585295	0.26202932751829244	0.24302440091913777	-22.276653171390013	4.083797984669862

S11S9.txt	1.52148191335214	-4.605170185988091	0.5211564725956377	1.0417900120230708	0.2158056878111891	0.14213808950651058	-115.65721997300945	0.04372408958599249

S12.txt	0.138382768361582	2.2914162676550447	-0.11402337653868164	0.1972635203810078	0.04695009442232926	0.05263157894736842	-29.82051282051282	0.09629415393629523

S12S1.txt	1.58610376526886	2.526850298763546	0.4341987075357681	0.97769857330228	0.2792685732054925	0.5194331983805669	-99.98333333333333	0.945077499476548

S12S10.txt	7.82766610307739e-05	2.209090313228189	-0.18106527177537246	0.28443309657103755	0.007252170612850923	0.19635627530364372	-97.37564102564103	0.945124212519499

S12S11.txt	0.236853345989559	2.333238843272108	-0.20485914776569272	-0.07485722070411699	0.018610203537826484	0.09212007504690432	-115.58292682926829	-0.14634374704562014

S12S12.txt	-1.77533989685888	-0.8359400019091621	-0.41200126847895596	-0.882847032472692	-0.3066291158489673	-0.2601214574898785	-82.50897435897436	-1.3622671779886277

S12S14.txt	-0.0480255135540756	-0.20680955181119287	-0.202943758520729	0.2581104739114358	-0.05771762911440891	0.12631578947368421	-61.733333333333334	1.8789136263361434

S12S15.txt	-0.0217228464419477	2.1448515567398347	-0.23283210777289431	0.1336733163447037	-0.0015570024362617316	0.32672064777327936	-93.91923076923077	0.5206268789912769

S12S16.txt	0.0379520901831846	2.1281939714241336	-0.191397837940664	0.466191371975611	-0.026424116235248832	0.16604127579737338	-67.97195121951219	1.1313203627920385

S12S17.txt	-0.0177542733024837	2.617081885850917	-0.15148664483352292	0.4138732314971616	-0.038591476302476016	0.06315789473684211	-112.17564102564103	0.6571498496562703

S12S18.txt	-0.0125393824826717	2.03626275741373	-0.1388012660289808	0.42151019118959066	-0.021759514377001042	0.11275303643724698	-106.15128205128205	1.1376310260690656

S12S19.txt	-0.0242177253138467	2.1699274510546664	-0.20063943770286724	0.2027392033246468	-0.018328057340925227	0.18643724696356276	-48.29102564102564	2.1607268818038263

S12S2.txt	0.262158623269734	2.5430374264838203	-0.11701401674811088	0.3751274317815599	0.2170474260627409	0.5933198380566802	-63.98974358974359	1.4329600154001974

S12S20.txt	0.159647706770487	2.9511848011488793	-0.10475363727081885	0.2122001370374456	0.000955837727303491	-0.0674089068825911	-38.228205128205126	1.4733309664348502

S12S21.txt	-0.00262344233111589	2.223371474696786	-0.14642087006786053	0.5620748317393823	-0.036699386822452176	0.1091093117408907	-60.43333333333333	1.5759872075665629

S12S22.txt	0.090958605664488	2.6106820304148393	-0.17638914348866702	0.04197766162550243	-0.057411586343728414	-0.05159474671669794	-84.64268292682927	0.6215204794583298

S12S23.txt	1.40192582025678	2.17173655356707	0.47460436747905604	1.0448592759422346	0.01161727082098411	-0.24919028340080973	-38.95384615384615	1.4249676806841458

S12S24.txt	1.79408235442718	0.08613508951848733	0.7146831796472568	1.5080449752513287	0.42639287218076477	0.2724696356275304	123.78461538461538	3.3563744081337856

S12S25.txt	0.136664769313474	2.4460655089374446	-0.16447655423261265	0.1534252221694119	-0.06966620301753608	-0.07449392712550608	-95.87307692307692	0.25209522005774454

S12S26.txt	-0.0199610209983654	2.2175199948438102	-0.2097367516315412	0.1873082679236796	-0.11588775910379437	-0.05553470919324579	-86.45121951219512	1.0665997514402248

S12S27.txt	1.28556564510026	-2.6964727979739256	0.26143879910826323	0.1378745835176537	0.06401483440188072	0.07692307692307694	-206.3219512195122	-2.540669101117634

S12S28.txt	-0.0230667422953299	2.160234370837224	-0.11433194201135355	0.4265326406215807	-0.022402193754665504	0.08785425101214576	-42.19871794871795	1.929400150770979

S12S29.txt	-0.0630923241071989	2.5976811695806354	-0.20506800097016353	0.3353017884034415	-0.06886075451885296	0.12469635627530364	-58.483333333333334	1.8418427476449504

S12S3.txt	0.0443702589179361	2.4584429816255766	-0.10599081171467212	0.17923311076497955	0.148654754505269	0.3645748987854251	-42.766666666666666	2.606631203672628

S12S30.txt	0.139806512505899	-2.524977568763606	0.061593830864342836	-0.17644696880623872	0.0510781928117964	0.1291497975708502	-128.80769230769232	-0.5473451277854284

S12S4.txt	0.00387377173091452	1.9791044026398328	-0.19053796430291975	0.21419668776895917	-0.05538704917536813	0.04129554655870445	-14.126923076923077	2.30319660673096

S12S5.txt	0.118473138548539	1.9989087952709146	-0.23468947026278553	-0.016927414327133516	-0.03762943056399563	0.11315789473684211	-105.58333333333333	0.30453100789494086

S12S6.txt	0.175265482567428	2.3953575713595834	-0.11737898656285145	0.2703879407863929	0.07837281057550605	0.23299595141700405	-60.1525641025641	-0.029192070267201272

S12S7.txt	0.229489709613758	2.205939798911781	-0.12603669053853092	0.24997779961357514	0.12545592877346023	0.30971659919028344	-37.493589743589745	5.967360588254265

S12S8.txt	0.298243957703927	-2.603405581196059	-0.09213324148217047	0.20671403843538472	0.1585219747034635	0.28704453441295547	-71.93205128205128	1.1021916945336523

S12S9.txt	0.277635691957943	2.706523516385334	-0.12108326406414832	0.12046603532038569	0.1266347974892695	0.1840080971659919	-124.85128205128206	0.45589747875884035

S13.txt	0.309209829467217	2.082306879034328	-0.055050593373178774	0.360571199194078	0.07268750937434036	0.1576758945179998	-121.82591093117409	-1.3372430839145335

S13S1.txt	1.79148069085969	2.5411548760496374	0.567915608297775	1.1055026126809593	0.30326996188861377	0.3206378986866792	-34.40487804878049	0.592394527785447

S13S10.txt	0.139625585023401	-4.605170185988091	-0.14775071349301305	-0.048275883466995295	-0.05048753724184379	0.0004048582995951417	-28.357692307692307	1.613347117796589

S13S11.txt	0.0401216961399505	2.552188029784494	-0.25455140891500594	0.0741177314854139	0.025039749960618404	0.3366396761133604	-68.27307692307693	2.458181711164162

S13S12.txt	-0.0318403115871471	3.1174345881733423	0.5104245813046234	0.9361388553779189	0.049551080964836375	-0.08279352226720647	-180.89743589743588	-2.3859127414456096

S13S13.txt	1.47122890551615	-4.605170185988091	0.21657331252494616	0.08506326904320993	0.09049248198210492	0.01437246963562753	-119.93589743589743	0.028742371280213296

S13S14.txt	1.53662193263963	3.5086832439445037	0.23769760810470522	0.22589940526111119	0.15158163412620293	0.04372469635627531	-181.27820512820512	-1.2042501315150644

S13S15.txt	0.0593821949347659	2.2117678391725875	-0.2623073703344475	-0.027488442531881874	0.05098697083155141	0.2704453441295547	-67.40512820512821	2.152629557896233

S13S16.txt	0.0624762267021681	2.5118159539958556	-0.19115983570033884	0.14119995280635977	0.09491005081549012	0.34652908067542215	-77.39146341463415	2.264727161159514

S13S17.txt	0.149446494464945	-1.8678358078103474	-0.5404712089090511	-1.255122568406724	0.02210370122394596	0.15910931174089069	-170.69102564102565	-0.5289658932032685

S13S18.txt	-0.0293916609706083	-4.605170185988091	0.4266739889433465	0.7775145797021467	0.10310541619761289	-0.08785425101214576	-112.02435897435898	-0.865182751835294

S13S19.txt	0.0472869698127627	2.241162469539897	-0.21230357247996243	0.13906200398553692	0.0734803762430724	0.3236842105263158	-28.234615384615385	3.15101037041509

S13S2.txt	-0.0396338494498004	-2.588513308189412	0.5912057876938824	1.0846279438715483	0.15059507039360776	0.04149797570850203	-111.76410256410256	-1.0852009101394708

S13S20.txt	0.0872087402107705	-4.605170185988091	-0.21702142352009524	0.10038484086529131	0.06744101871582195	0.31093117408906884	-109.58333333333333	0.6027864554813495

S13S21.txt	0.328712276256375	-2.0274193987168365	-0.42496887687205775	-0.9389233716825041	0.02904042319830599	0.05445344129554656	-99.19871794871794	0.22139550600569355

S13S22.txt	0.0231064237775647	2.397430046179627	-0.22654610309844098	0.24631412707561118	0.008489544536106225	0.252834008097166	-67.20641025641025	1.437314107952839

S13S23.txt	-0.247193205115689	-1.8473895881205622	0.19722809467101604	-0.07095230594992774	-0.033305218615711556	-0.12550607287449392	-159.9974358974359	-3.2823293466007484

S13S24.txt	-0.00028166747143088	-1.8149293095710375	-0.25920339841345835	0.012781148500644712	-0.05123710586638758	0.18137651821862347	-126.77179487179487	1.135329015649967

S13S25.txt	-0.29777734640396	2.7527860801552517	0.5638444350057157	1.110680863310316	0.05710701602802432	-0.07874493927125506	-123.86410256410257	-1.3693009763267006

S13S26.txt	0.0157781719727382	-0.6796708329381957	-0.23368483941617546	0.22004132944811539	0.01601727451247812	0.21153846153846156	-31.265384615384615	1.7193311166433178

S13S27.txt	0.0210142897170076	-0.8198925958820069	-0.22013454285082906	0.27370138320114534	0.019538932355419602	0.2402834008097166	-52.047435897435896	1.3134042841769291

S13S28.txt	0.108261833606478	2.1783733843414432	-0.17596625743322208	0.16331792238392917	0.028574801789945266	0.11093117408906883	-116.70897435897436	0.3652769492250979

S13S29.txt	0.0782423287290257	0.46086991033221403	0.4496956853437315	1.129480449066623	0.20881762607795568	0.2708502024291498	1.3756410256410256	1.830749623916662

S13S3.txt	1.67851592851593	0.484214726928924	0.5941947009306792	1.1555737431919235	0.3105394797413379	0.3397748592870544	-130.6768292682927	-2.3045465262520244

S13S30.txt	-0.207449912468391	0.6966729895897101	0.47189846035303823	0.9469921515573738	0.0486922440426327	-0.13927125506072877	-89.52564102564102	-0.4855792715080797

S13S4.txt	0.423846080940195	2.4236019778880293	0.41424166885406294	1.0999724679010698	0.28454019624424776	0.5146341463414634	-77.95975609756097	1.6851105394266355

S13S5.txt	0.290532148657686	2.16560804113506	0.09858883509123928	0.7259999210559822	0.23524659673284692	0.4087044534412955	-50.17564102564103	1.4111201813952974

S13S6.txt	-0.0561492131338645	0.04816899133371422	0.5674866075949272	1.0451154623055172	0.16252067680263937	0.06761133603238867	-136.66666666666666	-0.6466034921612654

S13S7.txt	0.228957867081833	-4.605170185988091	-0.13969356493451934	0.10746300690709171	0.09928073357532301	0.16720647773279354	-81.88333333333334	1.1471082516399587

S13S8.txt	0.379260182876143	0.014157112600314214	0.715608431241087	1.5167527560522904	0.2649250474508	0.18178137651821866	17.066666666666666	2.0922146369420154

S13S9.txt	-0.213068458467232	-2.049558920487379	0.1649630610560353	0.06345903989548413	-0.004575229650302718	-0.10404858299595142	-105.27051282051282	0.5284671311671044

S14.txt	0.0383145615446501	2.379767832757728	-0.2784242738473405	-0.11114815617204876	0.0624630779901841	0.40628077470182733	-52.77867746288799	2.9518969404002338

S14S1.txt	0.0760277829923034	0.7457530931375449	0.18264168435219497	-0.2525012405877586	0.0031772145164508624	-0.15504978662873398	-239.95411605937923	-2.9047325733050564

S14S10.txt	-0.014787604784779	-2.515324962715262	0.20247419740022574	-0.13920049248520505	0.09285996199351099	-0.04015756647335595	-230.85560053981106	-2.1914239220826284

S14S11.txt	0.0132406798760447	0.8255513232157768	0.238609333731037	-0.07375882444732351	0.070725674531178	-0.13632053105737316	-220.33285917496443	-2.7143903480992253

S14S12.txt	0.0491849618392537	0.39589154964717255	0.23531081080372393	-0.011077737611310146	0.12179088025187083	-0.07420578473210053	-200.87766714082503	-1.5189059625316197

S14S13.txt	0.157735849056604	2.954681983675136	0.5526906254230728	1.0327771546241726	0.2657790706554428	0.23842871211292266	-95.8029689608637	0.19341013737265955

S14S14.txt	-0.0575842696629213	0.6705953842992229	0.2514230626782135	-0.3652531268798893	-0.0008698340207783303	-0.18678192362402887	-237.21187584345478	-2.510161037531674

S14S15.txt	0.10690084596556	-2.064873244636508	0.128621034178235	-0.2720787220969446	0.08563706191747884	-0.0045045045045045045	-208.82645803698435	-1.0877513593130996

S14S16.txt	1.77954244658726	-1.3385581089742253	0.19674819980376496	-0.2307716809135465	0.06734641275495748	-0.05066199803041908	-201.11470985155196	-0.4382576625506563

S14S17.txt	0.328638941398866	-1.4786774114697763	-0.6063697310210907	-1.202728765812732	-0.039852939188531375	0.014115329904803589	-164.47638326585695	0.2134728799818425

S14S18.txt	1.73017975402081	-4.605170185988091	0.2844415354029495	0.20279282141663674	0.16602511970049103	0.011379800853485063	-61.86059743954481	0.47486735571215466

S14S19.txt	1.64098997139174	1.7048615418764217	-0.08280864236325666	0.15003452678051832	0.07971430045315518	0.10364372469635627	-115.20641025641025	-0.7601822920297434

S14S2.txt	1.71633577809687	2.7690129673684707	0.5092163690822648	0.952003540869968	0.18930047328184108	0.13252726410621146	-76.4153627311522	1.3881025990680667

S14S20.txt	-0.0473866941916111	0.5566678847816753	0.2609200075489465	-0.3422182455690984	-0.014999670202188183	-0.154251012145749	-244.8025641025641	-3.6600835267224605

S14S21.txt	1.53860693696248	-1.8004929359823303	-0.6041277211362044	-1.279929730130356	-0.00024103706836311892	0.027125506072874495	-151.4974358974359	-1.469776592155355

S14S22.txt	0.0381859324910429	0.44945859491871687	0.24101429186962395	-0.29618944313204176	0.051749893217502486	-0.12138454243717402	-223.69416785206258	-2.6694100609429

S14S23.txt	0.0459390623526083	-2.0892051259546767	0.12560965290545686	-0.26327470628111815	-0.017574167192956278	-0.05571360834518729	-241.90469416785206	-3.5155380289893134

S14S24.txt	1.39360460125333	-2.6028800240669097	0.3110553515013844	0.0996322519757209	0.18580708893458983	0.06164058795637742	-111.94879089615932	-0.6093931094169973

S14S25.txt	-0.276637432356783	-0.8072571736058352	-0.4626167976317593	-1.3637590004984603	-0.19655115866395467	-0.2340080971659919	-135.82179487179488	-2.2903549416288014

S14S26.txt	0.119211543902669	2.1944895769943815	-0.10394783084020581	0.2587211669289037	0.070568328330797	0.19630156472261734	-78.06258890469417	0.2383026343197298

S14S27.txt	0.0586405204110493	0.498470669526791	0.21954260745136187	-0.35298762716342724	0.07727913193901813	0.0007659481343691869	-254.16059379217273	-2.7860089766797724

S14S28.txt	-0.0294284097340125	-2.1542578416060705	-0.00817756940899017	-0.6269653997568922	0.0009114513613092141	0.16026552868658128	-169.85490753911807	-3.005231736179794

S14S29.txt	1.52631888836552	0.4973696586452593	0.6819191951803063	1.4689251534166452	0.3049422955806467	0.18306160411423567	-15.483130904183536	2.139897150687095

S14S3.txt	-0.0245630609352857	-2.356912562797607	0.2449233643027044	-0.007114279369965115	0.10047048842124133	-0.10478899952584161	-175.72830725462305	-0.9567922539009079

S14S30.txt	-0.133754955635265	-2.216871917087918	0.13752636594211892	-0.6426188130229858	-0.07664683382116445	-0.2467994310099573	-216.574679943101	-2.486064213287273

S14S5.txt	0.283432008269899	-2.793588763353624	-0.44367489163500756	-1.0149486579542901	-0.1176494119243885	-0.10028449502133711	-111.56330014224751	0.5222818641425624

S14S6.txt	0.118506646554162	-2.3313744280953013	0.10259790637136035	-0.27240502295794056	0.0518257594319435	-0.16524419155998102	-156.46941678520625	-0.6712793421896002

S14S8.txt	0.120045087356754	0.6238399878282537	0.19035856498496473	-0.26879864761033523	0.18731556845669575	0.058321479374110946	-221.23897581792318	-1.5216214209492507

S14S9.txt	1.54912970241437	0.4511269182471722	0.18931567487542278	-0.1963998907011828	0.1450358015010226	0.16599190283400808	-164.8488529014845	-1.8239070274316573

S15.txt	0.0814164648910412	2.287575062250325	-0.29111406940506734	-0.033347380081204414	0.041034914775276314	0.3988401356822409	-46.055330634278	2.20992121744734

S15S1.txt	-0.0629708864291694	0.805543804391021	0.24803129158703896	-0.041214723245291185	0.010454558317342637	-0.18021665390086442	-238.28475033738192	-1.9406325498252575

S15S10.txt	0.367046090688561	2.585338677112463	-0.035434755409378904	0.38309982766042233	0.1852095330697977	0.26615186615186615	-146.56456456456456	1.3003280213706399

S15S11.txt	0.211106955871354	2.133905515674325	-0.03773395820246783	0.4555367528574426	0.14561439016527575	0.2818532818532819	-146.15165165165166	0.09895562694575676

S15S12.txt	0.365552121382411	-1.7629124768870585	-0.5237007846582256	-1.094167177173031	-0.04309922515452062	0.06615186615186616	-147.0900900900901	-0.3768514350513344

S15S13.txt	1.56553398058252	-2.078464024261934	0.41592570833486603	0.9689175715955114	0.0077098760107201045	-0.02625482625482626	-174.1891891891892	-0.2023467205628818

S15S14.txt	-0.377647168579159	-2.5150779921981097	0.12565594610499964	-0.3149557237890488	-0.17735719894411067	-0.3745851114272166	-259.45519203413943	-3.439534778715556

S15S15.txt	0.00437767216856588	-1.5256656398263764	0.20167097661315755	-0.12115917746254501	-0.01454042050486439	-0.1003861003861004	-142.13963963963963	-0.26016955298229144

S15S16.txt	0.0927208083832335	-2.239553543985547	0.22914375747847648	-0.13090888796008582	0.06908350524916088	-0.06306306306306306	-238.86486486486487	-2.898411752714784

S15S17.txt	-0.0756993825846286	-1.6268210938360506	0.0803587459180134	-0.2229484474897926	-0.1115468322167109	-0.38841698841698846	-106.26726726726727	2.071704412580898

S15S18.txt	0.110158373160903	-1.580680812733079	0.134505994124748	-0.1932851843776463	0.03341601977221736	-0.15089178247072985	-152.57759784075574	-0.5211870996521552

S15S19.txt	-0.0423413363111856	0.7376727640885725	0.2840529507294639	-0.17083229267680788	-0.0035736665018137083	-0.21019805230331545	-257.8609986504723	-2.8547527372691834

S15S2.txt	0.0451074349379433	-2.337923531272383	0.2119225279216147	-0.05954776473100809	-0.019533424866381443	-0.2060218112849692	-157.79658605974396	0.1531813830021677

S15S20.txt	0.00346669165183178	-2.1841919291350473	0.25061994104613805	-0.2594646729613189	0.015692754808307202	-0.24871430134588027	-299.32793522267207	-4.107877691099328

S15S21.txt	0.0157082748948106	-1.8625374239161137	0.19825328599724218	-0.2169925034560023	0.0009292709808232506	-0.22427690848743478	-225.9402560455192	-1.173593671089021

S15S22.txt	-0.059505988023952	-2.4246601026528527	0.17973617764027205	-0.30923025098828094	-0.053113431108887554	-0.11237553342816499	-227.83499288762448	-1.1020024685505962

S15S23.txt	-0.262778505897772	-1.68035845443422	0.07771087366469423	-0.2758490462817088	-0.08421718624108682	-0.1126126126126126	-156.31721194879088	-0.46379932368533244

S15S24.txt	-0.0793356221583	0.7117950942750797	0.3069804737749697	-0.0034692272084649867	-0.004497440624913269	-0.08064339643287012	-272.6302294197031	-3.315154753109757

S15S25.txt	-0.455218287427394	-2.4013251516064433	0.1519163944266984	-0.1292198746513803	-0.19437556700640757	-0.39768339768339767	-257.2837837837838	-3.0436050724497923

S15S26.txt	1.62653424529186	-4.605170185988091	0.35076955509015145	0.7860931604874923	0.060500166982626113	0.04144144144144144	-121.8048048048048	-1.0099931264721422

S15S27.txt	1.46666666666667	-4.605170185988091	0.2695312288309862	0.5579194658769823	0.08087071811337739	0.12200772200772203	-85.34834834834835	0.5672772562084198

S15S28.txt	-1.27696055467066	-2.778681126430848	-0.39151612844541006	-0.9551572929094188	-0.17814444633821924	-0.19253539253539254	-74.06756756756756	0.022313783982340143

S15S29.txt	-1.0596421302578	2.4430215973413523	-0.22465047104524066	-0.12554985463124396	-0.1080556751267074	-0.17188240872451396	-200.46941678520625	-1.032911172419749

S15S3.txt	0.0254205607476635	-1.7274903802178205	0.1620948292333454	-0.28124155308613064	0.009137558298560706	-0.21654447970237445	-221.50202429149797	-1.9758233399352854

S15S30.txt	-0.00101795298908014	0.8589709224904771	0.270131307881461	0.1515539789075967	0.010721060614679305	-0.15765765765765763	-292.0085348506401	-3.704892189256055

S15S4.txt	0.243642483171279	-2.1025506077875873	0.11480301586708591	-0.2881326196234407	0.0694667026268105	-0.10621147463252724	-204.80369843527737	-0.7606760209428243

S15S5.txt	1.45580265370959	-1.8746181273274165	0.059825544351321036	-0.24336734948669797	0.04764199055415168	0.059716859716859715	-127.37387387387388	0.39624957426321167

S15S6.txt	0.0602387168966804	-1.9874085086805506	-0.33781273183770844	-0.8130626512196402	-0.05088437652681822	-0.11454311454311455	-196.21621621621622	-1.2914993330604279

S15S7.txt	0.275348837209302	-2.607421859829303	-0.49908625517196165	-1.1956368841583946	-0.12653609409838762	-0.11454311454311455	-100.28378378378379	1.1597195418740025

S15S8.txt	1.75204292480506	-1.9436006761271658	0.2930487316138166	0.1073547322858387	0.20765743975189777	0.24276908487434803	-109.86770981507824	1.7715651167162783

S15S9.txt	-0.0223803726940724	-1.5095898150258136	0.15568368874979552	-0.10312309091579641	0.05093885718840658	-0.1603603603603604	-155.5975975975976	0.47147575521104956

S16.txt	-0.0518077156130076	2.310222023549583	-0.1919468240126859	0.15025105821608564	0.07085922874941157	0.4563956669219827	-67.91093117408907	1.5111088544698466

S16S1.txt	-0.0666666666666667	-0.8750629873501786	-0.19673310756047088	0.165565763839171	-0.10223890201308028	0.07510121457489878	-112.77435897435898	1.0134834720990418

S16S10.txt	-1.81938737392604	-0.4805864040465181	-0.4187397115889798	-0.973519629523746	-0.22438955506462246	-0.36404420614946925	-143.51012145748987	-0.6518256661757238

S16S11.txt	-1.73918284535522	-1.0992824195810544	-0.24143875973803716	-0.1222792282361212	-0.20953053980779265	-0.17846591530802056	-120.29824561403508	0.05880235716057771

S16S12.txt	-0.0550748243917337	-1.5881951564627896	-0.13586996695142403	0.3166210659460963	-0.06090802315595134	0.17069701280227595	26.883357041251777	2.0687405185963343

S16S13.txt	-0.141982864137087	-2.698256576204061	0.13513892754902967	-0.1651781805627105	-0.054296476966694936	-0.1325910931174089	-205.32692307692307	-4.91138445706877

S16S14.txt	-1.52428030659067	2.7638636198864224	-0.1102413033409812	0.2566557784330025	-0.06784672499870811	0.06756756756756756	-129.20341394025604	-0.27623202020463355

S16S16.txt	-1.70771561771562	-1.119298971920328	-0.27003784013155563	-0.17524715537893393	-0.19085933151698045	-0.062041798883904146	-74.05128205128206	0.42957608267442027

S16S17.txt	-1.34676488861276	-0.9265506027019963	-0.24102706285455047	-0.17220558927742846	-0.16147939178914222	-0.2593117408906883	-126.5551282051282	1.1682926284267006

S16S18.txt	-1.64271475736622	-3.06841336045108	-0.5152778963312932	-1.028146415499706	-0.239867309568817	-0.2323011270379691	-127.75168690958165	-0.14988165279894408

S16S19.txt	-1.62843210336688	2.710970201614569	-0.25346734226846074	-0.12596784038626874	-0.10120750576110102	0.04322135901083269	-61.39946018893387	1.8706063084517406

S16S2.txt	-0.355413172524263	-2.5354334298408383	0.1532983182088785	-0.11612859578587087	-0.1320264704671001	-0.3631578947368421	-182.30897435897435	-2.7827838071359396

S16S20.txt	-0.0347933112638995	2.557958046771874	-0.2255690444156276	0.05226789584570035	-0.0964351633948556	-0.02086296823138928	-151.48648648648648	0.5951091378966017

S16S21.txt	-1.71509193054137	-2.954354568700512	-0.3381359416620261	-0.28878670352140684	-0.20681141404841455	-0.10976766239924134	-106.53058321479374	0.326503228149355

S16S22.txt	-0.0368550368550369	2.5171632121053342	-0.28110343767316337	-0.15621477214373236	-0.05371973181868237	0.09862494073020389	-61.05547652916074	2.305105270620172

S16S23.txt	-0.125980446193113	-1.6677846689954015	-0.21188940093002961	0.10015813013994235	-0.12252159981899552	0.04220009483167377	-15.778093883357041	1.6635717088159754

S16S24.txt	-0.150351930748837	-1.674720708831369	-0.20043236400909367	0.12599332935902074	-0.11921852516694953	0.06543385490753911	-15.334281650071123	1.7735423448990446

S16S25.txt	-0.152940629071282	2.486138852688216	-0.16772557836536361	0.1466074718593433	-0.11366393581792411	-0.029959514170040488	-73.74871794871795	1.4085261509646965

S16S26.txt	-1.71382628513548	-0.6047439006465496	-0.25263053473697455	-0.17582354706221104	-0.29492597437243595	-0.18089141773352296	-108.41251778093883	-0.17921234363403216

S16S27.txt	-0.0273254725809471	2.4479501106776627	-0.28827995521823435	-0.12776116097407697	-0.05137999273399559	0.3072546230440967	-40.49217638691323	1.4102530262242032

S16S28.txt	-0.273512938135185	-1.9236681076652047	-0.1981191606646748	0.005253245558824116	-0.22132391297928716	-0.09862494073020389	-101.17638691322902	0.9805613958787449

S16S29.txt	-0.249705775271576	-1.867643336476069	-0.1811521176727152	0.11138970696628436	-0.22640800498642624	-0.05950687529634897	-37.63157894736842	1.4857387667523245

S16S3.txt	-1.59086912835971	2.9912646340010847	-0.41396353022353843	-0.8521432983068571	-0.13045025484419842	-0.13785425101214574	-110.03333333333333	0.36832967900850644

S16S30.txt	0.0399668282941111	2.5440673547530332	-0.1950791524976713	0.03127312665692994	0.03479787616860801	0.09071014334172228	2.3211875843454792	2.847521241270525

S16S4.txt	-0.328875494443398	-2.6353453631952237	0.16382657936991557	-0.11221015474006524	-0.10150452666441555	-0.3137651821862349	-140.65897435897435	-0.3734992798191958

S16S5.txt	-0.32690317116778	-2.591416885504629	0.12008267156333716	-0.22667870661799194	-0.14822120135630293	-0.3732793522267207	-176.2525641025641	-2.6312217493258196

S16S6.txt	-1.63677866901569	-0.9260474011459626	-0.19300290431830647	0.08128584639780839	-0.10456850157754131	0.037531458584090155	-74.79757085020243	1.106034077834332

S16S7.txt	-1.79829834458522	-1.04720184650306	-0.21504149218720753	-0.032020172275623926	-0.2509879543435864	-0.08392603129445234	-49.86344238975818	0.8716091428834809

S16S8.txt	-0.0333240766453763	-0.774508486934682	-0.2996136421532179	-0.15864209960196507	-0.15363196566960985	-0.017397964766385818	-73.0	0.9085998374012026

S16S9.txt	-1.7358365051029	-0.6867756071698781	-0.3249318599518148	-0.3141699166125962	-0.2720517199977835	-0.23011270379691431	-63.70175438596491	1.4706656708306212

S17.txt	0.109947643979058	2.524954113967081	-0.2747181958189009	-0.09338502793300751	0.05948736518760449	0.40825035561877665	-122.15249662618083	1.4458725702889492

S17S1.txt	1.67504903334267	-2.816007838143262	0.5205005996560418	1.0971539993583699	0.18025299772306191	0.27563190721085457	-63.475033738191634	1.822701528353114

S17S10.txt	-0.227171077152441	1.3523425172059262	0.10205134558276102	-0.4333345712447434	-0.07435708009664198	-0.29160739687055476	-247.42780026990553	-4.570430545878409

S17S11.txt	-0.200427827380952	1.337095531496073	0.10020080515273394	-0.38477301346950066	-0.09048829117236366	-0.23930408140934456	-259.38191632928476	-3.0799398330648504

S17S12.txt	-0.144227188081937	1.3871684517371916	0.17608087129323216	-0.20047110280924407	0.045721499485120415	-0.11390742969690337	-203.3535762483131	-1.5246620760652234

S17S13.txt	-0.157320145563124	-2.458910634884537	0.1770608040963889	-0.19091153821450713	0.004785490198640573	-0.1576758945179998	-215.48987854251013	-2.6653961511069726

S17S14.txt	-0.145566090351366	1.2180745917321278	0.18639889079713665	-0.19576877367925405	0.05747706305540976	-0.14191924718240506	-192.91228070175438	-1.3108840097947656

S17S15.txt	-0.182461366598399	0.9781365469139273	0.17063964639991414	-0.14132589051175148	0.012966764035580577	-0.14345114345114346	-219.54790823211877	-2.3735047383158214

S17S16.txt	1.66219406137408	2.5357469791377127	0.35081935898068206	0.9012301651549872	0.13180030379451013	0.2736623262939052	-147.3684210526316	-1.558420816395353

S17S17.txt	1.51541713291061	2.663199909903441	0.39236027339486707	0.8613549485217041	0.1543843132700241	0.31781376518218624	-151.6051282051282	-1.4691711926686195

S17S18.txt	1.57531019684672	2.615342982829703	0.4194612197375896	1.0563173235105632	0.16356427956727226	0.28723055038844514	-145.27395411605937	-0.859455942905937

S17S19.txt	1.76253378063554	-2.7724806258173516	0.5268181303851622	1.194871435897356	0.16545083527864754	0.22945617682459787	-100.71794871794872	0.5887575266535122

S17S2.txt	1.45851528384279	-0.9324577086036104	-0.17835086678341427	0.14392981639736568	0.020950826464171617	0.08076923076923077	-72.56666666666666	0.24271431661818985

S17S20.txt	0.0205284742287258	-2.6625643119993465	0.299268636153075	0.7592136206613068	0.0900112678275929	0.20078783236677972	-108.18353576248313	-0.051834143204264445

S17S21.txt	1.60263092578804	2.3594288400269385	0.06354795589859585	0.4824874566358067	0.17142386276175503	0.2721304300251669	-79.32523616734143	0.9183155433755067

S17S22.txt	1.3966889156701	-0.6338924959998947	-0.29363919389629783	-0.14995216226167352	-0.04400545332979293	0.14563956669219827	-106.39541160593792	0.07820653512763855

S17S23.txt	0.219840386043059	2.5066731694657602	-0.1419873649317647	0.08279449905348579	0.07813748589116835	0.21012145748987854	-92.59487179487179	-0.4583453780374025

S17S24.txt	0.279423619508263	-2.4537171256397836	-0.12230975404330968	0.20526042451786625	0.07360043565418779	0.21216763322026477	-93.57759784075573	0.7512422979325789

S17S25.txt	0.287820871402822	-2.249839904316395	-0.11537308811356645	0.1349169847094926	0.07309297550307843	0.25046503993872415	-114.05533063427801	-0.23914683651104102

S17S26.txt	0.090608156525532	-0.20360261149169634	-0.18037265436332814	0.12569681611871697	-0.007304494024602428	0.17759054601159865	-138.92577597840756	-1.4372325631865224

S17S27.txt	1.44125225057428	2.396178451546186	-0.22348886255262723	-0.048460867906814475	0.0826032875832643	0.21041689462742094	-124.34547908232119	-0.301124370829071

S17S28.txt	1.49139543583988	2.1976777443069686	-0.23331112784441949	0.07240750416927666	0.07272191503969744	0.3299048035890141	-77.96221322537112	0.6887172219009797

S17S29.txt	1.58641542915849	-2.65562632196032	0.2741292686580321	0.6615749835484036	0.08437423165610776	0.1782470729839151	-95.27395411605939	0.32519325714141356

S17S30.txt	1.76329016342892	0.1355905308608488	0.684585610822505	1.4250732643207877	0.2898779309955335	0.08917824707298391	24.488529014844804	2.916839461589296

S17S31.txt	1.49936149006416	2.3404531273958558	-0.21486823108287326	-0.006705078104109918	0.09831519420685046	0.25046503993872415	-76.86369770580296	0.5155893246385851

S17S32.txt	0.0432383347303716	-2.5257575870306157	0.4283367391051739	0.8893759155229883	0.10765687464743132	0.1911587701061385	-101.13765182186235	0.8694403125634329

S17S4.txt	1.54453916481344	0.7370344470631914	0.48121606997138233	1.0092856537301662	0.22209605383495135	0.27073170731707324	-91.24878048780488	-0.10780871575379831

S17S5.txt	0.436760355029586	2.3212018623952013	-0.050095300674555476	0.44031218061527816	0.11637589104262482	0.24554655870445344	-67.11282051282052	0.8354916747794443

S17S6.txt	-0.384127576237993	-1.130517467618239	-0.25213907769591415	-0.27075351482694654	-0.21185986095437717	-0.18704453441295546	24.223076923076924	1.2557799455263718

S17S7.txt	0.131496208618458	-1.341168951507506	-0.13561419492832721	0.3157611506401943	-0.007188008925538836	0.09092898566582777	-40.64912280701754	1.7118225532675764

S17S8.txt	1.63138312715096	-0.8113242790240636	-0.1350266805051209	0.20674135127271398	0.12253687606415406	0.2696356275303644	-38.26538461538462	1.0383710395113341

S17S9.txt	-0.240515791440852	-1.9448255212391785	0.15448103413577347	-0.09242492310353168	0.041555452072858684	-0.1331655542181858	-239.47638326585695	-2.0159584971469373

S18.txt	0.288540341952805	2.421860506519821	-0.11248704289831732	0.1615647403289417	0.07104939956770596	0.1782470729839151	-78.63427800269906	0.5831569016575036

S19.txt	0.00493612078977934	-0.3694118056498752	-0.26597466547982884	-0.05828064671190891	0.03509939630356833	0.36732684101105156	-82.43589743589743	1.535769447775774

S2.txt	0.204502098435712	-1.0067944449639321	-0.21187744822946836	0.30418015641933194	0.12178348410939534	0.4716697936210132	-113.14878048780488	1.0610279648582137

S20.txt	0.0652383709708551	-0.46895014002632585	-0.2796077023061959	0.030226414098369125	0.03123263923617902	0.3780501148922202	-94.48987854251013	1.8177505722850902

S21.txt	0.072245172446921	-0.4945527815068002	-0.2680053912813162	0.15651981015834338	0.04124319151276717	0.3846153846153846	-94.46693657219973	0.9175255922416797

S22.txt	-0.0158393958928078	-0.8159189545737338	-0.26356872290867145	-0.011460598458956528	0.011742542391622523	0.39965156794425094	-37.27061556329849	2.9404530397296322

S23.txt	0.158015926316799	-0.9101874718841676	-0.20537646953740468	0.32124623384148576	0.1290880931382389	0.44352720450281435	-82.76585365853659	2.0250641110786116

S24.txt	-0.155266343825666	-1.093353273970559	-0.3206092723089206	-0.33951028794700777	-0.19215677813373833	0.20275741328372904	-62.823211875843455	0.373609063116118

S2S1.txt	0.15507225843015	2.3233344795498057	-0.17123289342090764	0.3143505074431737	0.018682296764240658	0.19393077287814128	-53.167852062588906	1.8022243168721104

S2S10.txt	0.206277605488206	2.4212386120810825	-0.13539617184172378	0.18540932675196287	0.06856476539249297	0.22285443338074917	-42.5049786628734	1.4705916578989444

S2S11.txt	0.0880763291418486	2.8681525638749434	-0.17536258345260822	0.13201177723668012	-0.015241781679959696	0.2119487908961593	-62.14935988620199	2.6363409851720543

S2S12.txt	0.302908055739046	2.4553108644759236	-0.13893297721865527	0.17146366776141803	0.11042597575849367	0.2524893314366998	-86.40398293029872	1.7318781229976616

S2S13.txt	0.3068822865739	2.7876758864126634	-0.1462931859533209	0.15552842291089652	0.019980480594471318	0.16216216216216214	-57.41536273115221	1.7239186329409353

S2S15.txt	0.112726249648317	-1.225634904914818	-0.13501655024529227	0.293864940215793	-0.03512947382069724	0.08108108108108107	-35.60881934566145	2.1369617243157077

S2S16.txt	-1.65037558685446	-1.050306365752838	-0.14941911909428013	0.3676815251780424	-0.0758557001609782	0.02963489805595068	-4.844950213371266	2.305587036389669

S2S17.txt	0.11150234741784	2.3137294613301838	-0.11762612803022354	0.5449364441415474	0.01690635084630949	0.17474559579822738	-8.052631578947368	1.4681959915768361

S2S18.txt	-0.0180045011252813	2.5963465434888353	-0.1976615143337156	0.16390309468061137	-0.05514898305986222	0.02299668089141773	11.543385490753911	3.4781891608741304

S2S19.txt	0.195282124229493	2.143456623577967	-0.18877078626690677	-0.000905769151465341	-0.12770931346903613	-0.031294452347083924	-84.2275960170697	0.5459881061386042

S2S2.txt	0.120659885728637	2.431977339474685	-0.20425155730114408	0.027077627725140108	-0.01563601062400425	0.16026552868658128	-33.61024182076814	2.7894386105355813

S2S20.txt	1.4223511990064	1.9495843299401985	-0.037278681769322336	0.2846245443582056	0.04011986279769039	0.04006638217164532	-96.66429587482219	-0.1298062731013713

S2S21.txt	0.0737927801218941	2.5430105628169235	-0.17695978091430664	0.21081792710373004	-0.032731190636094726	0.04267425320056899	-0.7496443812233285	2.144892486873502

S2S22.txt	0.168472652218782	2.392869089566528	-0.13540604619384902	0.26761031789221423	0.02760825838389233	0.21005215742057845	-20.529160739687054	3.073370166164469

S2S23.txt	0.243847665387854	2.657556171855686	-0.09047858479889351	0.28109106417099516	0.05133000775604289	0.22214319582740633	-55.65149359886202	1.9440800519541575

S2S24.txt	0.349255408822703	2.7864821485225697	-0.08705451640110284	0.42588998008540235	0.08008134781720547	0.2252252252252252	-44.15362731152205	1.8656308068816243

S2S25.txt	0.149687559174399	2.3794875720589346	-0.13583453381362448	0.4934211828952536	0.056604494290161025	0.13963963963963963	-34.128022759601706	1.557562454507338

S2S26.txt	0.281954175345578	-3.4759040394253455	-0.05466161641753911	0.31493808675152446	0.13775701431611143	0.2306780464675201	31.028449502133714	4.019258605038768

S2S27.txt	0.174905660377359	2.453411922213637	-0.11433408249901014	0.5073011084267411	0.07451783126659979	0.206733048838312	-35.42674253200569	1.2199932048089441

S2S28.txt	0.205609247678605	2.8614969709136755	-0.0952160738258915	0.43089247062258135	0.10106059891857896	0.21479374110953056	28.799431009957324	2.7228095179504894

S2S29.txt	0.30734664764622	-1.0303068994703422	-0.2372270448243949	-0.12014788149687844	-0.11145535295388521	-0.03295400663821716	12.826458036984352	2.213658223105357

S2S3.txt	0.101729143001388	2.38025983357886	-0.1851452141914231	0.22527801318899654	-0.0559251196756186	0.18041725936462777	-48.826458036984356	1.3924830904873233

S2S30.txt	0.356807177442324	-0.4061029476073141	-0.2339706911904358	-0.051726574859641494	-0.08942156129673438	-0.019203413940256042	22.522048364153626	3.298118830696757

S2S4.txt	0.134078475759291	2.481644981474269	-0.14441881107684962	0.2511170223026271	0.06693885117937487	0.3084400189663347	-18.330014224751068	2.204833385790593

S2S5.txt	-0.133084224135213	2.600261252078689	-0.21492995705847454	0.019114825476774955	-0.14194127799520678	-0.09968267863004705	-100.47638326585695	1.7712151452458467

S2S6.txt	-0.252807919284219	2.288055730190806	0.17166904416715378	0.04922590689569495	0.030242118499333653	-0.05144618302513039	-148.69985775248932	-0.08832443047408461

S2S7.txt	0.13814444339593	2.3934483408853673	-0.1835761501755628	0.20597126162223	0.016886276562584908	0.24513987671882406	-25.287339971550498	1.7750833409936302

S2S8.txt	0.0593947393230885	2.5416440490034473	-0.17576722572011977	0.18773566454939467	0.06677314534758738	0.3167377904220009	-30.83783783783784	2.1261146010573855

S2S9.txt	0.169358362200793	2.4422751619827534	-0.1464846853649447	0.36057239997020496	-0.011775996582001411	0.12256993835941203	-62.156472261735416	1.8789821190388578

S3.txt	0.12507204610951	-0.5313039703710578	-0.2636651098716227	0.14984204073495622	0.08429323947082601	0.43157894736842106	-109.85641025641026	0.625769549645687

S3S1.txt	0.170092931568572	2.39098447363541	-0.1519729756543084	0.47620610295962995	0.07505812265369492	0.2513039355144618	-3.4054054054054053	2.2810087886228363

S3S10.txt	1.37463433047089	2.5934393114468604	0.462331582117587	1.134818254339679	0.1718252606980344	0.16714082503556188	-6.957325746799431	2.675695872909928

S3S11.txt	1.69127409677008	-4.605170185988091	0.5540357711507828	1.2267437907167658	0.22860797432185723	0.07444286391654813	-23.678520625889046	2.5943667159480612

S3S12.txt	0.387824198287977	2.6588749830439564	-0.15223650337638775	0.19601340470732231	0.1447337212568755	0.2811759127548601	15.091038406827881	2.9222631671088517

S3S13.txt	0.252065321805956	-2.58696682343015	0.3037045391807483	0.1543607850981592	0.25031066613523145	0.0007112375533428164	-83.80654338549076	0.17643021361082498

S3S14.txt	0.097790585975024	0.22401639693258635	0.28800120560061004	-0.24532392466056496	0.1590813768751993	-0.07752489331436699	-175.28022759601706	-1.0858260801020678

S3S15.txt	0.215326145724009	-2.5454974805835953	0.22185922745043452	0.12209506287970312	0.13946890653393665	0.14058795637743005	-95.98577524893314	0.4655776090460652

S3S16.txt	1.70495625420633	2.7208544136117774	0.5383384376039315	1.0715332410468652	0.27471046511878	0.060291060291060294	-118.88259109311741	0.31914653860231257

S3S17.txt	1.65530085043801	2.654835284653774	0.519223454143293	1.122354597051447	0.15605214293315509	-0.018054491738702265	-123.53846153846153	1.0883238348199475

S3S18.txt	0.40362747862043	2.5205011071476355	-0.0008958936041859877	0.4089118404453123	0.22262158322371256	0.4284020862968231	-15.822190611664295	1.6467088134139602

S3S19.txt	0.377871542428505	2.4943458393981874	-0.025044340076306237	0.38415454415677247	0.20303570296692525	0.38359412043622565	-19.463726884779515	3.125064328918262

S3S2.txt	0.124693222578818	2.4691136042331085	-0.10162721616301551	0.3707446442228022	0.06323595525143533	0.15789473684210525	-28.704453441295545	2.185869680572338

S3S20.txt	0.331298140146534	2.4840465672443752	0.07109171869314856	0.6702157291587065	0.1882477181373282	0.30962541488857276	-25.988620199146514	1.619387188993811

S3S22.txt	0.369245283018868	2.4494199825967065	0.4469505233759071	1.183788566869361	0.211988628320977	0.31626363205310565	-37.45661450924609	1.9655572838569793

S3S23.txt	0.401318267419962	2.804600346115402	-0.02066120229379048	0.34018035315775946	0.21225656811353139	0.3926031294452347	-58.77524893314367	1.2726476118595182

S3S24.txt	0.391472138554217	2.7218225713064643	0.397849957335919	1.0611159717323462	0.21511689744130155	0.3745851114272166	-14.133712660028449	1.8826594600253415

S3S25.txt	0.398214285714286	2.605311039874185	0.010758491432005551	0.5164966569921192	0.24777064513730365	0.43648101542838386	-38.500674763832656	3.890515217799989

S3S26.txt	0.296384395813511	2.4953332135334425	-0.1146782958597991	0.33676535442966765	0.07181900678054128	0.21597913703176858	-45.22901849217639	2.076923640685013

S3S27.txt	0.320865767989368	2.6570385025204932	-0.10399486087042542	0.3735504078483724	0.07969451727026958	0.17425320056899002	-39.85633001422475	1.2996056878689737

S3S28.txt	0.0685655003300952	-0.7289918989577755	-0.14853059446266043	0.28618668226876	-0.06133241269133152	0.08629682313892839	-48.591749644381224	1.4868870035496955

S3S29.txt	0.267499054105183	2.325200014481383	-0.11485263647035676	0.3252555501001638	0.08786665522995087	0.2119487908961593	-25.618776671408252	1.4725898525338235

S3S3.txt	0.130683416143246	2.492143232199752	-0.09311215129184727	0.47771793706832455	0.032238894622708965	0.12849691797060217	-19.165007112375534	3.245715948065416

S3S30.txt	0.255732423725602	2.3792929209469906	-0.15634476614590204	0.15009908452884968	0.0668588297466249	0.2164532954006638	-38.34281650071124	1.2583571080148455

S3S4.txt	0.250188182160331	2.3753852416847683	-0.07387428327052623	0.29567669188009427	0.030462750429227095	0.01944049312470365	-35.352773826458034	1.7473172885078356

S3S5.txt	0.21784428869104	2.7212339815203554	-0.08602540342966103	0.4247681240139842	0.1118760322322324	0.103366524419156	-26.365576102418206	2.8952718248663074

S3S6.txt	1.37913703176861	2.898654266333512	-0.11637585641551967	0.37412973483606926	0.09151332347877263	0.08345187292555711	-22.278805120910384	2.451586092507753

S3S7.txt	0.149073554183043	2.337423745362664	-0.13237267982664716	0.3778536787150665	0.06819859687112596	0.1427216690374585	-47.839260312944525	1.7837841350321928

S3S9.txt	1.4158678940875	2.7039295097520033	-0.12706775481729338	0.11445401172843206	0.1841826317858628	0.3029871977240398	-1.035561877667141	2.8432938698207475

S4.txt	0.210677933550989	-0.9476614836011725	-0.21378118470500665	0.11271833013003152	0.13641238671398015	0.5303643724696356	-112.1974358974359	1.1056521106898705

S4S1.txt	0.0319421998288811	2.1309736933785737	-0.16978610797477905	0.2736433763611016	0.020233283588102086	0.10868347338935574	-73.97301587301587	1.278252495397512

S4S10.txt	-0.140389178927385	-4.605170185988091	-0.27838443151988695	-0.07494961096030706	-0.15003263062331235	0.013165266106442579	-146.9031746031746	1.7265299138481276

S4S11.txt	0.0242718446601942	-4.605170185988091	-0.2469946010974462	0.00623960585774419	-0.028922119432140698	0.18123249299719887	-145.57777777777778	0.6113280955532838

S4S12.txt	0.104091341579448	2.2941740934150245	-0.29394379663820663	-0.1405807180771539	-0.07296050843927669	0.146975546975547	-171.25825825825825	0.6320034012679044

S4S13.txt	0.0600626245374324	2.286651223570034	-0.2009242957916973	0.14373708641462946	-0.01241035254729145	0.16498599439775913	-126.22380952380952	0.5918320901757369

S4S14.txt	-0.234470274390244	-2.467058427016939	0.3540254000491858	0.8038024486511759	0.11930652880509134	0.2607464607464608	-87.12012012012012	2.2998758125085246

S4S15.txt	-1.7139180171592	1.9753838207239705	-0.19875565225882313	0.07846882516913578	-0.049602985942121404	0.027450980392156866	-87.36825396825397	1.403521125362927

S4S16.txt	0.162141636605278	-2.3895121458414734	-0.1796707530410966	0.026865323114346307	0.07246102291758438	0.3190476190476191	-116.56190476190476	0.5591669813730156

S4S17.txt	1.37193032282496	-2.397428573381266	0.22015702379419114	-0.04405080013632079	0.19921597907546607	0.4803921568627451	-141.70634920634922	0.5229373708781948

S4S18.txt	-1.66458273860501	-1.9556869327578523	-0.5466143913670329	-1.07061958548506	-0.014998531082373746	0.16526610644257703	-135.03492063492064	0.42090176209310276

S4S19.txt	0.170608430288003	1.8496134613196802	-0.44208560441603656	-0.9709515756432006	0.0038194116716298273	0.055462184873949584	-201.41587301587302	-0.9536918819526989

S4S2.txt	0.069361982847988	1.9619261390438805	-0.08934279547266022	0.42118316879590945	-0.00671533285183281	0.03732303732303732	-87.80630630630631	0.9393156329728618

S4S20.txt	-0.328024868483979	-1.4199212053520816	0.11824889226315158	-0.07443892539019598	0.06621393499156396	0.111484593837535	-115.16825396825396	1.243250074460639

S4S21.txt	0.0435568736247967	-4.605170185988091	0.25634938570436583	0.027022794679075313	0.04957688552904692	-0.2677871148459384	-217.28095238095239	-1.7569233354860905

S4S22.txt	-1.22858099703378	-4.605170185988091	-0.17798544742068612	-0.01687816451953511	-0.09374728690951309	-0.16834733893557424	-131.64126984126983	-0.2701137539466286

S4S23.txt	-0.00937799043062193	-4.605170185988091	0.23076313806652554	0.09216262031913858	-0.010720724197700844	-0.35378151260504204	-216.05079365079365	-1.2852327508739916

S4S24.txt	0.239032782184842	-4.605170185988091	-0.06914702281306015	0.2814810773894443	0.08156003613610312	0.14901960784313728	-48.46190476190476	1.4255133331610652

S4S25.txt	0.0217827457724276	-1.875852578623916	0.19557107634147824	-0.051745654019708986	-0.017143928156918755	-0.319327731092437	-210.78412698412697	-2.300001446547663

S4S27.txt	1.65741091736164	2.8036242892409717	0.4746029135554718	0.9892305263331793	0.3369000307494546	0.3456582633053222	-76.10634920634921	1.694752724856303

S4S28.txt	1.65454889709363	-2.823812897335003	0.23779702355701188	0.12674808265132026	0.33510246932280424	0.4448179271708684	-103.83968253968254	0.6791086387948416

S4S3.txt	-0.0882563197106068	-2.137505173852557	-0.4518927243839701	-0.9008599048422434	0.006054738006279201	0.1564993564993565	-127.24024024024024	0.27518559797273434

S4S30.txt	1.65324490762672	-2.8072326151247435	0.24285601559414116	0.1571166405981408	0.33401600932161	0.37535014005602246	-84.93809523809524	0.9378701530007699

S4S4.txt	0.16487489296927	2.06589057679094	-0.48732410139704685	-1.0057060323059772	0.036978216684227225	0.2030812324929972	-105.39682539682539	0.982020527448035

S4S5.txt	0.045052751639578	-4.605170185988091	-0.25243923434466564	0.03279595081641529	-0.0037259123868118946	0.1891891891891892	-89.26276276276276	1.5051546745631539

S4S6.txt	0.0873869585911471	-4.605170185988091	-0.16129420034856648	0.2529466268517301	0.03328967666153783	0.13837535014005603	-59.72063492063492	4.208633928076441

S4S7.txt	0.212153009634647	-2.0539854069669325	-0.3874621689073954	-0.838174404337536	0.04726579511809983	0.1700280112044818	-176.4126984126984	-1.2729228507114747

S4S8.txt	0.111036916913097	-1.9470492661710952	0.30068693887785036	0.7635338230300719	0.09297801659711767	0.2815126050420168	-48.301587301587304	0.5273077166763642

S4S9.txt	0.201223007834894	-4.605170185988091	-0.20575136729707755	0.05377016197188811	0.0779637966690927	0.20952380952380953	-149.1	0.7076377109730869

S5.txt	0.248708337554452	2.246131665458054	-0.10769592009198647	0.3764340297326436	0.2028277404090921	0.47954971857410883	-82.98048780487805	0.919312297587306

S5S1.txt	-0.0946189617538198	-2.5229439933260096	0.5348042426020653	0.978648045121435	0.08741295545349771	0.05490196078431373	-127.41904761904762	-0.7127161256865711

S5S10.txt	-0.00895323364129919	2.576325860719602	0.5806780579158921	1.2809486257017166	0.12037761624044689	-0.12128851540616246	-91.68730158730159	0.2964061665301507

S5S11.txt	-0.356483683759871	-3.0729957602243085	0.17876612277921397	-0.12091560196766038	-0.12885047492291005	-0.39131652661064426	-212.33174603174604	-1.711736798760756

S5S12.txt	-0.124916371977444	-4.605170185988091	0.1698046150945672	-0.1317965541889441	0.003948494756587949	-0.19439775910364146	-178.16190476190476	-2.3790298836202846

S5S13.txt	-0.0157244655581947	2.373800206877372	-0.16224408556883785	0.2859193832286233	-0.05132075807283899	0.061064425770308135	-70.64285714285714	0.9232957098832529

S5S14.txt	-0.290299572039943	2.595215236267344	-0.12435904950487492	0.30260066434980104	-0.11510383959457278	-0.2123249299719888	46.838095238095235	1.4356648981906082

S5S15.txt	-0.0143942992874109	2.195441218565822	-0.21422968682135252	0.25895705752454967	-0.05698743724206701	0.07871148459383753	-104.65396825396826	0.6972236618169032

S5S16.txt	-0.0431796623031683	2.244302831738223	-0.22319502550799386	0.125106698140936	-0.08709196286132607	0.033893557422969185	-39.01111111111111	1.9646681346744517

S5S17.txt	-0.0108600721473324	-1.6124229959273522	-0.19890115201370367	0.1510087642509501	-0.09731971322883037	0.05910364145658264	-106.73492063492064	1.4861111142844696

S5S18.txt	-0.0172276476723239	-1.7088989121775953	-0.19756716599778035	0.2544874861699036	-0.12943100011251155	0.03333333333333334	-96.5904761904762	1.209204155006583

S5S19.txt	-1.56249403227347	-4.605170185988091	-0.4485734922705275	-0.8957883378490552	-0.3201583167678644	-0.37282913165266107	-243.45396825396824	-3.10496272177155

S5S2.txt	0.245019920318725	2.3537009365416814	0.5174800042328849	1.0173732739128853	0.10342611875574319	0.08543417366946779	-123.49047619047619	-1.2177859199744656

S5S20.txt	-0.0552451539338654	1.9502264790737849	-0.11740686646785725	0.31667238440075474	-0.1460707631295571	-0.12605042016806722	-143.94761904761904	0.0918155743957802

S5S21.txt	-0.369600838334762	2.123252235662911	-0.11841867492326669	0.29673266868381265	-0.1891523888755797	-0.22268907563025211	-70.05396825396825	1.583495629355504

S5S22.txt	0.0254763719512195	-4.605170185988091	-0.1589029547967257	0.16065477788348914	0.04870722165898783	0.1711484593837535	-6.482539682539683	1.4600078901208533

S5S23.txt	-0.0609129814550641	2.4210726082253813	-0.16052087188038966	0.18872450867745094	-0.06319454871685863	0.027170868347338936	-69.21746031746032	0.7274506756591189

S5S24.txt	-1.75945997337897	2.453806337011496	-0.17503063653337136	0.18165340770732552	-0.243313440377039	-0.26106442577030814	-55.926984126984124	0.9484488796739355

S5S25.txt	-1.45463191934563	2.3466105320554127	0.18834893799420732	-0.05583699823632915	-0.11833678997699401	-0.32947232947232946	-127.44744744744744	0.2630426739739199

S5S26.txt	-0.0353957107610552	2.6216370772848983	-0.1400890577333809	0.3059186541896727	-0.006062058690246768	0.08235294117647059	-75.37460317460318	2.6751477645979214

S5S27.txt	-1.59601259181532	1.9989528570632005	-0.05423204855692279	0.18082503835770875	-0.10338174957271641	-0.284873949579832	-144.74603174603175	0.9648100967710133

S5S28.txt	0.145950523196032	2.222713907043999	-0.18808276183950418	0.06327871779543581	-0.077710730112599	-0.043243243243243246	-167.98048048048048	0.008881533841844973

S5S29.txt	-1.4768161477673	-4.605170185988091	0.07998961652651226	-0.11811232071643357	-0.11688967754536121	-0.32605042016806723	-150.8825396825397	-0.003955936031968051

S5S3.txt	0.0025675161658425	0.1306248214632859	0.2351916894972418	0.03972988280745393	0.11139259933015708	-0.1338935574229692	-174.61904761904762	-1.364008286188431

S5S30.txt	-1.34094585593301	-4.605170185988091	-0.17420444728566598	-0.03312421813849764	-0.13281649032972526	-0.27647058823529413	-125.46031746031746	0.40829780204640775

S5S31.txt	-0.333966024485148	2.8512423079703004	0.14000535061088903	-0.04587740050814182	-0.11956355673539003	-0.3434173669467787	-173.88888888888889	-0.6702529818008783

S5S32.txt	-0.0042269611576542	2.158378265545461	-0.2305167277197923	0.025229107571231202	-0.24175275978476574	-0.23333333333333334	-223.05555555555554	-1.090258315388627

S5S4.txt	0.268110459617931	2.2501073456337077	0.42097955374789975	0.9486827706318085	0.1433916225793036	0.23501400560224092	-45.2015873015873	0.6001192224876242

S5S5.txt	0.222960151802657	-2.406201316580767	0.4677161796498044	0.9838830504799452	0.08931593916499515	0.1907563025210084	-79.04285714285714	0.45787481541803104

S5S6.txt	1.44458151451888	2.3990573364304164	0.5461226740533448	1.0816631534133787	0.09415887566923264	0.18011204481792717	-135.3904761904762	-0.2507526129532518

S5S7.txt	-0.224781949184679	0.07427152119445313	0.17583428432350845	-0.1327825054947286	0.04162564741156815	-0.07232947232947234	-224.2927927927928	-1.6962882976495943

S5S8.txt	-0.226632400533029	-4.605170185988091	0.1888541428998398	-0.13112738387723233	-0.04969215503359402	-0.27871148459383754	-176.94126984126984	-0.5053777934077839

S5S9.txt	-1.42654209171513	-4.605170185988091	0.19151299453833243	-0.10235149662996323	-0.10159718117414213	-0.25098039215686274	-119.36031746031746	0.2340252326038706

S6.txt	0.142871112849599	2.6525248069367096	-0.2693661313591307	0.0209734187810956	0.09883634799830851	0.45485829959514174	-116.20128205128205	0.925690186018814

S6S1.txt	0.0450939457202506	2.193979688605494	-0.06046558022258372	0.36656148317022175	0.10932370461739663	0.2484593837535014	-6.1	1.5595401939636344

S6S10.txt	1.40462759346018	2.5579266239588216	-0.07127224389980641	0.325952102201444	0.0743529135515914	0.09678249678249677	-93.84234234234235	-0.23810732041954383

S6S11.txt	0.0888995215311004	-2.6548391592893292	0.5146307765815614	0.9829811799090373	0.03129164037916155	-0.17983193277310924	-186.33968253968254	-1.6313485200870599

S6S12.txt	0.0196041291788995	2.147074685636969	-0.07959738327041904	0.4122135968232076	0.05385980577342063	0.17983193277310924	-6.125396825396826	1.4388704564113028

S6S13.txt	0.133045563549161	-2.5561437248707115	0.2728049931318931	0.16296346798811956	-0.04255430114889245	-0.2382645803698435	-230.33854907539117	-2.275695561548938

S6S14.txt	0.154268408101457	2.12008001628612	-0.09166808951866101	0.38303777231179453	0.0793561674055403	0.22128851540616248	28.4031746031746	2.5981475009130857

S6S15.txt	0.0738771042174854	0.3579529763559478	0.5734004487508968	1.426914353565797	0.16436769217056962	0.14954954954954955	-78.57207207207207	0.9080597961291876

S6S16.txt	0.215596766524013	2.14925283131201	-0.030325503651738916	0.399128534616993	0.08382072088026396	0.12997198879551822	-41.25238095238095	0.6281141859037096

S6S17.txt	0.310120003779647	2.4236698997826394	-0.11907621599668838	0.31352372341690776	0.15916677298550752	0.31721194879089615	-60.93172119487909	1.3465407916840286

S6S18.txt	0.284071469302414	2.3979903790534784	-0.12506609280399208	0.22126721831595914	0.003870980363234529	0.054311454311454316	-55.629129129129126	1.7298693960336213

S6S2.txt	1.51938355508758	-2.3540023389584817	-0.19471744745721617	-0.08637419242980765	-0.02886512296891519	-0.12997198879551822	-81.18412698412699	0.5275128725554153

S6S20.txt	0.0957390146471372	1.8352207304417558	-0.05950607280650744	0.4071810340476426	0.11646961237520125	0.30560224089635857	-14.734920634920634	5.310814538427583

S6S21.txt	0.124928693667998	2.1746833157009484	0.050624559459859636	0.47632099223564295	0.050697089716192814	0.09803921568627454	-106.8952380952381	0.7990230862112918

S6S22.txt	0.0414257275571144	2.5475318066997468	-0.08254461083419462	0.5547799134374246	0.046010068560165804	0.19719887955182075	27.742857142857144	2.06187794103583

S6S23.txt	0.157092836188133	2.5050240302683	-0.1625709141857923	0.1166370028284558	-0.05619836795396474	0.011840411840411841	-38.1981981981982	1.0263661019764239

S6S24.txt	0.210491430735726	3.0609408213015725	-0.16072394299042858	0.16609075777717874	-0.005336584049126528	0.07644787644787646	-42.686186186186184	2.377706899083184

S6S25.txt	0.166207355316925	2.8357231152577165	-0.15097859973575373	0.2588604543798393	-0.011813049933220361	-0.015701415701415703	-26.71921921921922	1.0155709796645729

S6S26.txt	-0.0226819777925406	2.2233747522999407	-0.12313354400041288	0.4296823003805993	-0.0076429003567008574	0.08263305322128851	25.54920634920635	4.439513678862032

S6S27.txt	-0.0928728384446356	-4.605170185988091	-0.06198356541830047	0.36605064378595176	0.050105045535774065	0.050700280112044825	-21.082539682539682	1.080589008412259

S6S28.txt	0.226648747240088	3.2292505768751556	0.5736753265583241	1.1621362433828453	0.07540005770977912	-0.21081081081081082	-184.49099099099098	-1.4385775524935043

S6S29.txt	-0.0137427731968534	2.667431118563055	-0.14005738174701082	0.3882458854781363	0.03945047369504101	0.1585434173669468	-50.69206349206349	0.9354273826014874

S6S3.txt	0.106561734689431	-1.963319108899558	0.12567380076956186	-0.33207895972216694	0.01716111862964996	-0.14388674388674388	-139.95345345345345	-0.961167646286438

S6S30.txt	1.24268487628579	-4.605170185988091	0.36206037892614756	0.9066668883274296	0.11706288224433543	0.155984555984556	-115.2012012012012	0.0181545442219538

S6S4.txt	-0.048284383613725	1.70214078948849	-0.1605817492350332	0.3702662104366765	0.017294994032749596	0.11260504201680673	-38.07142857142857	0.5694696796652605

S6S5.txt	0.22397476340694	-2.1374642495587572	0.16691451530948329	-0.19212942012229028	0.08235127669213792	0.0416988416988417	-140.65465465465465	-0.23603781012508682

S6S6.txt	0.241892660724445	2.5009767742101228	-0.01599804859298526	0.33635773190533064	0.16249397596048562	0.3765765765765766	-65.9084084084084	1.4991540008073558

S6S7.txt	0.249976336961666	2.1795501834446607	-0.10221647791857652	0.45657899084622466	0.03720684142514409	0.16246498599439776	-19.42063492063492	1.9720250315719365

S6S8.txt	1.47970197726621	-1.895319478799084	0.3664503490864264	0.8584340920808129	0.06905663932530805	0.11119691119691119	-224.77027027027026	-1.43335993795772

S6S9.txt	0.236190476190476	1.9582352170291164	-0.053965244535880696	0.3972707457949638	0.11416540421076192	0.192436974789916	-14.896825396825397	1.9715343778155239

S7.txt	0.162133487654321	2.713231954364642	-0.25988263274489154	0.018433607332023372	0.0942126182379394	0.45797373358348975	-114.64634146341463	1.489961002937728

S7S1.txt	-0.182420913051714	-0.7560287146368172	-0.2829262981578995	0.11497330197915112	-0.18640412734474013	0.057703081232493	4.849206349206349	2.120350366272682

S7S10.txt	0.235539541058221	2.705047765198509	-0.17104997207254333	0.04400957423029728	0.03907668987439571	0.174002574002574	-78.27927927927928	0.46184380834446626

S7S11.txt	0.339669264398403	-2.4864633563245353	-0.14511307170661294	0.1442352466119904	0.018649203156428096	0.18039215686274512	-103.95873015873016	0.26204086872697113

S7S12.txt	0.385951589938301	2.6210650764818624	-0.18082808390229527	-9.960585830182112e-05	-0.00773479420242321	0.17198879551820728	-108.04761904761905	0.6145045804432211

S7S13.txt	0.231400282885431	2.3256270458581887	-0.22359367906028849	0.03571639544954808	0.0035359823979311394	0.1747747747747748	-29.53753753753754	0.9797341765979997

S7S14.txt	0.30115424973767	-2.5774506073454857	-0.42727356879097544	-0.9709125395470577	-0.0558192951492382	0.11377091377091379	-70.06306306306307	0.5230819360796883

S7S15.txt	0.203860640301318	2.531746449839095	-0.18237000194565858	0.15420133972985062	0.03586670709433798	0.2773109243697479	4.871428571428571	1.945077341465599

S7S16.txt	0.147877742646354	-1.7144440909036704	0.03316296566621857	-0.47380992110247083	-0.012204867282488376	-0.02661064425770308	-31.433333333333334	1.9329204800250408

S7S17.txt	0.351746393318147	-2.674729003329531	-0.17901205279681826	-0.04414944449888525	-0.008854956596842701	0.16554621848739498	-121.3031746031746	1.041171541402408

S7S18.txt	0.14203510117963	-2.8410716497763597	0.3185096111467872	-0.0626222709324552	0.0037731029412748918	-0.2453024453024453	-194.0855855855856	-2.719470436540728

S7S19.txt	0.0542139925551207	-4.605170185988091	-0.22581619641850725	0.11907723671853565	-0.16043472281484314	-0.01596638655462185	-70.56507936507937	1.0840661546361536

S7S2.txt	0.199885833888307	-2.9548780819279967	-0.46306779939182763	-0.9808826408454396	-0.03310050206726794	0.13822393822393822	-90.74174174174175	-0.08591707399033022

S7S20.txt	0.0668326311757946	0.30109980704971334	0.5487298198861683	1.0953246993216057	-0.022016266283544427	-0.3261261261261261	-214.73423423423424	-1.9233002386653848

S7S21.txt	1.56341089635329	0.498507388993763	0.6568524913602488	1.4735042607839015	0.3273225771653867	0.19444140496772075	-45.59649122807018	0.24826154535217093

S7S22.txt	0.0151631477927063	-2.372605431249573	0.2112775774837048	-0.004582602868874686	-0.055114867772677156	-0.3008403361344538	-190.61904761904762	-2.2140558334713436

S7S23.txt	0.227598807577652	-1.7001346205446666	0.12531424756043416	-0.1942900409784042	0.011912579569984	-0.10308123249299721	-193.55079365079365	-2.2383716042191906

S7S24.txt	0.0837651122625216	-2.034195353982104	0.21080002724414162	-0.24205258371305838	-0.03357166296548327	-0.3737451737451738	-194.19819819819818	-2.872057497709021

S7S25.txt	0.0332767722473605	-2.97484626581363	-0.28776783016549556	-0.17753567821691035	-0.026609166161880953	0.21929824561403508	-172.02844950213372	-1.198538424032399

S7S26.txt	0.169644572526417	-1.795370501765908	0.14484121863331978	-0.39708421967152063	-0.07138234015906596	-0.20084033613445382	-262.7031746031746	-2.616642573219106

S7S27.txt	0.0463986280487805	-2.0413390929634336	-0.537634074502809	-1.2047723497812135	-0.04177546576820074	0.09607843137254903	-85.78253968253968	1.0152764682755502

S7S28.txt	0.126318764129616	2.8908359252167255	-0.2714912167712916	-0.10972643334425636	-0.10144281797506625	0.05966386554621849	-43.37936507936508	2.292174308187212

S7S29.txt	0.041859586128697	2.4674021781011555	-0.19696688825337277	0.020920042842849762	-0.073279616077201	-0.01312741312741313	-140.6216216216216	-0.5118370966624587

S7S3.txt	0.0081377744133232	2.5501992860136027	-0.25463033837075183	-0.028517701480196944	-0.07653972567830783	0.06834733893557424	-36.67142857142857	1.2065521528748209

S7S30.txt	0.0199616122840691	-4.605170185988091	-0.11720694553947375	0.13328734131835607	-0.10044308208248613	-0.24684684684684685	-83.82732732732732	0.577177728316403

S7S4.txt	0.0274179824146733	2.777523931177005	-0.2830575732207346	-0.034768421278476014	-0.11966492125826318	0.11288515406162467	-45.18412698412698	0.7468520755314916

S7S5.txt	-1.48043165467626	-2.711426151505428	-0.46839068125894895	-0.9845085518743966	-0.15252428020726522	-0.15083655083655087	-116.27327327327328	-0.8360287545457319

S7S6.txt	1.23028263795424	-1.973434868379157	-0.5350072754073589	-1.3081608973899832	-0.0765201053203285	-0.3344537815126051	-18.061904761904763	0.6712436018023246

S7S7.txt	-0.251752280364858	-2.9501282509597333	0.08299311271355506	-0.3360489973320227	-0.1646170551989681	-0.42754182754182757	-213.63963963963963	-1.8792145838128025

S7S8.txt	0.138492481563069	-2.1000955523104823	-0.47085179110636755	-1.2275360666861497	-0.06594718113809533	-0.1716859716859717	-3.954954954954955	0.5753626528791708

S7S9.txt	-0.0729304792574351	-1.093428311420514	-0.25495214337165717	-0.009818690602332647	-0.14935179219750155	0.02296918767507003	17.00793650793651	2.315559499349742

S8.txt	0.180141021926012	2.599008949481897	-0.21990873640520986	-0.05576775608875628	0.14158529382573004	0.5271255060728746	-124.69358974358974	0.8866180951353121

S8S1.txt	1.51063356735448	2.4227374887144304	0.5372714332767856	1.208670202779285	0.1308150424189574	-0.06685633001422475	-130.30298719772404	-0.29726919011459174

S8S10.txt	1.47153033305029	2.3904033121790906	0.4370576937301608	1.0479960734852094	-0.0024951899911096445	-0.24083597767808293	-128.638326585695	0.109858269719805

S8S11.txt	0.344473358645109	2.603753486744155	0.5408105767082055	1.1761101842127668	0.08746354183282627	-0.07562825983878615	-155.50782361308677	-0.1715957117385084

S8S12.txt	-0.264937993235626	-2.7125777121222856	0.21829594051530432	0.09576704540986836	-0.014339973035455195	-0.2730057993215888	-186.56140350877192	-1.2603051433980503

S8S13.txt	0.354846739512966	2.2100607548632825	-0.12518635129443853	0.13560341444537743	-0.008613308242503651	-0.16358463726884775	-157.50782361308677	-0.01033691697828717

S8S14.txt	0.234496722605443	1.7579360526078376	-0.1256820051002517	0.12736420020553962	-0.0209074804791453	-0.15078236130867706	-170.25177809388336	-0.6205640625717255

S8S15.txt	0.345154329674453	2.745685123345632	0.42079778157896375	1.0384331939219142	0.019448595626602845	-0.15433854907539118	-111.47795163584637	-0.03879947791606676

S8S16.txt	0.365415356056309	2.116105324142429	-0.04679627908557696	0.2820215503375683	-0.003742614188908715	-0.13750592697961117	-133.2788051209104	-0.21536916075539442

S8S17.txt	0.278763195508791	1.4788070440094716	-0.04591238716237728	0.3845955153623142	-0.000758514469071931	-0.05808440018966335	-183.58890469416787	-1.0674825507942827

S8S18.txt	-0.207545385779123	-4.605170185988091	0.016999690142236956	-0.48243872200880156	-0.15539405763078445	-0.2923186344238976	-230.89331436699857	-3.1414384220871927

S8S19.txt	-0.210085614827359	3.0455331840439617	0.47900801200966403	1.065707551280955	0.09938534751142658	0.10187110187110189	-19.84075573549258	2.178015853366026

S8S2.txt	0.246690909090909	2.240642189027834	-0.0921932146881965	0.23522933709382082	-0.04028919578548108	-0.18468468468468466	-140.06401137980086	-0.33757540227829935

S8S20.txt	0.0204736295876969	-4.605170185988091	-0.2214640122754847	0.027742746064968293	0.06395661225859826	0.23186344238975812	-39.741109530583216	2.065847296549804

S8S21.txt	0.321536714610144	-4.605170185988091	-0.07356818765296844	0.1962313994600826	0.13135017831147563	0.23447131341868183	-41.08819345661451	1.051424233915424

S8S22.txt	-0.247067726068861	-4.605170185988091	0.43806016290827293	0.9398971418147701	0.07912360134751954	-0.02086296823138928	-135.94879089615932	-0.6394871790647669

S8S23.txt	-0.258332546501747	-4.605170185988091	0.3838354501721414	0.8047643020026994	0.07403477662115901	-0.05855855855855855	-128.16073968705547	0.6472484837736286

S8S24.txt	-1.77387361858884	-1.9177031044152675	-0.5356706633922679	-1.0656378695253308	-0.06510970841039153	-0.015410146989094355	-128.95590327169273	0.6183344222552206

S8S25.txt	1.39890452356219	2.9022859053552343	-0.19008874797314332	-0.013114148569797313	0.0023185179433984513	-0.010668563300142247	-51.07254623044097	1.5299698569079023

S8S26.txt	0.389820562973042	0.18776400541015895	0.6815315826278066	1.5296809271537708	0.2112710793499993	0.13157894736842105	-32.36557610241821	1.1696834874250417

S8S27.txt	-0.176231829337361	-4.605170185988091	0.18626361909691336	0.053718025984297924	0.0536441612160104	-0.04694167852062589	-158.475106685633	0.14129306281652448

S8S28.txt	-0.0104309282584886	-4.605170185988091	-0.15420734885757278	0.16993917185477614	0.029824354211108604	0.10668563300142248	-8.069701280227596	2.150015313525172

S8S29.txt	0.258498917035502	2.654425850116498	-0.16225284568831233	0.02667635817572167	-0.050018237600718524	-0.08558558558558557	-126.16216216216216	0.21852316229587845

S8S3.txt	1.47925561497326	2.764619133012172	0.4148477389322486	0.9113127326732336	0.0010443578885005328	-0.182076813655761	-151.39971550497867	-0.9086151058003041

S8S30.txt	-0.0126857835562879	-4.605170185988091	-0.23912368580109825	-0.08949571417418145	-0.03743619898490537	0.10360360360360359	-92.90327169274538	1.7929741375084844

S8S4.txt	0.374544769021157	2.0246074765042223	0.5098669732897663	1.1686177580283164	0.06047068436009059	-0.0647226173541963	-134.57610241820768	-0.5454779491759713

S8S5.txt	0.18504385026738	1.9864789595312091	0.07867243806855395	0.5007014278457547	0.05765251060511354	-0.09791370317686107	-59.827880512091035	0.2951995330838374

S8S6.txt	0.0122595247076575	2.020623989611322	-0.08932265666540234	0.36550942612973414	0.05187932789467052	0.00260787102892366	-57.76102418207682	1.7255261689456467

S8S7.txt	1.49424128503076	-2.6284880131957973	0.4584145410089543	0.9692989983272806	0.0016490434506465836	-0.2420578473210052	-137.55761024182075	-1.2351353427353893

S8S8.txt	0.174433698689018	2.260942992195192	-0.15638886487296366	0.0955464681757815	-0.0705645602881151	-0.06258890469416785	-188.87482219061167	-1.8991564834564505

S8S9.txt	1.5422491986633	-2.641091640756699	0.24477590993977222	0.14258507698575862	0.02398502643205402	-0.22830725462304408	-146.2176386913229	-0.6254218971640786

S9.txt	0.337366993532235	2.1843992927398332	-0.17753789674945003	0.1434987276709616	0.20180380978408363	0.5206477732793522	-147.02564102564102	-0.2818921030229509

S9S1.txt	-0.109905273048955	-0.4149980410697159	-0.20303398465758066	0.07369652461230036	-0.28714676539449524	-0.19772403982930295	-98.86909581646424	1.0274333865793137

S9S10.txt	-1.67985409652076	2.5693358041377663	-0.27725172557984107	-0.14691419989079968	-0.18284237699106182	-0.2330488383119962	-147.21337126600284	-0.39397255725788244

S9S11.txt	-1.67045347613711	-4.605170185988091	-0.5919437394417013	-1.2497412361015972	-0.21807605566814003	-0.1480468322573586	-157.26180836707152	-0.8318280528063294

S9S12.txt	-1.69647255341452	2.674674423280241	-0.25834117224055053	-0.05146300655779479	-0.2087046499121612	-0.15339023233760074	-145.09530583214794	-1.2629194377543012

S9S13.txt	0.174878877599085	1.0364224960497999	0.13134490440311652	-0.39408591552567007	0.13380302170724437	-0.05591421380895065	-260.7678812415655	-2.978947125827232

S9S14.txt	0.392383952561846	2.6182734579317812	-0.12435298974483808	0.03785963771073264	0.046529383822963406	0.19006455848561113	-105.81511470985156	0.04211145069508176

S9S15.txt	-0.183845242663374	-0.7632153381899125	-0.4754498147652142	-1.1275925946120897	-0.12527896043098546	-0.20494583652478388	-105.98650472334683	0.047999448682904344

S9S16.txt	1.87266506380618	0.6054896633396679	0.13138816153381008	-0.19498862257112493	0.18916276466812973	0.2176360225140713	-202.8780487804878	-1.6068710883273385

S9S17.txt	1.78757292341884	1.0308178875660612	0.21210090459011186	-0.10930268061057846	0.14012719398034396	0.18724696356275305	-209.52692307692308	-1.852928348583094

S9S18.txt	0.154834535034202	1.2149970221637407	0.21882523767938297	-0.32682981332075633	0.11939989989711232	-0.055038844512528724	-260.39946018893386	-2.121418966608159

S9S19.txt	0.156994827411339	1.6190534680950424	0.13885413532592955	-0.23553638306350844	0.1673249232244285	0.0504431557063136	-203.859649122807	-1.8001031034183188

S9S2.txt	-0.19605077574048	-4.605170185988091	-0.28859360909677845	-0.2247058626514427	-0.30570581882274694	-0.29642192800087536	-117.81781376518218	0.58481373097085

S9S20.txt	0.157102175999009	1.177938168599435	0.1375372956843846	-0.3815363254953782	0.17339037688574666	0.0326454033771107	-218.5609756097561	-2.59231627254742

S9S21.txt	0.152028904947193	1.1302778355204772	0.17259696392244878	-0.3032576045257047	0.16868761860893877	0.07692307692307694	-225.12820512820514	-4.368472207706929

S9S22.txt	0.110715343288633	1.5731407111792703	0.1111809366182907	-0.2787830559762454	0.07897039341822722	-0.04847357478936427	-132.48582995951418	-1.568002036901483

S9S23.txt	0.162332239533687	1.2711194164350461	0.20518896370745177	-0.15166280088708384	0.15011341569268702	-0.04453441295546559	-176.42435897435897	-0.7135824593836421

S9S24.txt	0.143227239082161	0.9446435341044543	0.23157801506690823	-0.0961066916391129	0.13151411367207813	-0.09574898785425101	-220.08333333333334	-1.5749173629887194

S9S25.txt	0.104187092193786	0.28389906363274103	0.08240046669022238	-0.18572481753727532	0.13218782497747714	0.19440493124703648	-108.52204836415363	0.0817463840211925

S9S26.txt	1.81182348043297	1.1036213295769601	0.14887563474498372	-0.22710212566212462	0.24011896088789036	0.24008097165991904	-210.88333333333333	-2.0164278339885944

S9S27.txt	0.131836762271545	1.1971094049876512	0.2303558937002604	-0.07043374020776183	0.1873293994053933	0.23259109311740891	-171.95384615384614	-1.654060263750172

S9S29.txt	0.126600043181888	2.084637100958258	0.07708828443903754	-0.5245968943135189	0.19107075138205729	0.21350844277673547	-207.13780487804877	-1.0838393384264657

S9S3.txt	-0.093517734499953	-2.2048155227310913	0.06546165112415409	-0.400829685809384	-0.06889277625060992	-0.23427070795491847	-249.93927125506073	-1.9389747745391672

S9S30.txt	1.85242862439748	0.5817697320906481	0.16088764573502157	-0.05546167276699876	0.24831716842536697	0.2726720647773279	-170.18846153846152	-1.013768098050573

S9S4.txt	-0.0981404958677685	-4.605170185988091	0.2650361399579676	0.20699948780264138	0.059574664891980704	0.005452821242294926	-135.823613086771	0.08695428342822334

S9S5.txt	0.163190037733278	2.3643209406300745	-0.2136090813739385	-0.08831362135830911	-0.16143742637840797	-0.21669037458511137	-196.0810810810811	-0.793731348209554

S9S6.txt	0.251563071531257	2.038967376571641	-0.2093179618765165	0.0924732096497296	-0.04693596322579294	-0.041093117408906886	-139.83846153846153	0.6173019188121741

S9S7.txt	1.58001982973777	-4.605170185988091	0.3488322495094487	0.8386456386424818	0.013268774065863386	-0.037221431958274064	-183.71692745376956	-0.7277397007460122

S9S8.txt	-0.0319037523308386	2.3795653125801737	-0.1530585564710219	0.19096511628612645	-0.06015215801384627	-0.12304409672830724	-56.672830725462305	1.3026548419433808

S9S9.txt	-1.65363014223987	2.0321320972545434	-0.2455840791609584	-0.12904188891408497	-0.14676629152360174	-0.22024656235182546	-116.29160739687056	0.16432790386193097

