	SScmap	SSfisher	SSlincs	SSlincs_Norm	SSpearson_corr	SSspearman_corr	SSzhang	SSzhang_Norm	Rank	Rank	Rank	Rank	Rank	Rank	Rank	Rank	sumrank								
S12S11	1.155798133	-4.605170186	0.399454517	1.10294087	0.267847355	0.390804598	108.7487685	3.069803712	74	466	26	27	15	5	1	2	1.56115E-07			0.66058017	0.765991391	0.852823542	0.716716687	0.732132191	0.692235164
S13S22	0.017481624	2.22716901	-0.003067178	0.061238853	0.229877827	0.153235653	92.43386243	3.097859979	179	66	220	168	26	88.5	2	1	0.001447656								
S12S5	-0.127332705	1.799358451	0.421248729	1.154653216	0.387909562	0.290640394	78.40394089	1.067540895	247	96	20	17	2	31	3	41	1.9141E-06								
S5S14	0.004755112	-0.412669767	-0.114579823	-0.206640077	0.000274118	0.10989011	72.24867725	2.379406596	182	225	365	304	199	117	4	4	0.005728538								
S15S27	1.670604782	-4.605170186	0.503739871	1.428963526	0.373806219	0.342825362	72.12258065	2.035288482	7	466	6	5	4	13	5	8	1.94501E-09								
S6S14	0.310051107	-4.605170186	0.104686127	0.497302288	0.168248537	0.171550672	64.37301587	1.506269599	100	466	90	75	51	81	6	17	0.000214149								
S6S8	-0.081287611	-4.605170186	0.174067073	0.590364339	0.302061671	0.227716728	62.3968254	2.091975545	231	466	68	68	9	47	7	7	3.98396E-05								
S14S6	1.165299645	2.065007446	0.399659602	1.072706492	0.265844369	0.222660099	56.4	2.305830109	72	77	25	28	17	50	8	5	6.29624E-06								
S14S1	-1.038483199	2.663548396	0.384369759	1.118589685	0.215997256	0.062068966	49.35053763	2.028993508	349	10	31	23	29	164	9	9	3.25441E-05								
S2S23	1.38710583	2.497557975	-0.016366819	0.206248318	0.160257631	0.196059113	48.73333333	1.40336936	33	26	243	120	56	62	10	21	0.017807007								
S6S30	0.465787462	1.708901372	0.018726481	0.166570525	0.107933674	0.155067155	43.93121693	1.95576366	86	100	190	135	95	86	11	11	0.018957576								
S3S20	1.266078026	-1.547889053	-0.03436562	0.116691321	0.045590051	0.049261084	43.19950739	0.920864412	53	346	270	148	145	178	12	50	0.150201928								
S6S22	-1.268840648	-4.605170186	-0.069812046	-0.006470422	0.03177976	0.005494505	35.66931217	1.248659222	388	466	323	207	162	233	13	26	0.214714255								
S7S1	0.104312685	-1.255931857	-0.134999531	-0.251175471	-0.078546356	0.194749695	35.19047619	1.048379046	149	305	379	313	302	63	14	43	0.182513759								
S17S18	0.358988712	0.372035262	0.350958067	0.924514447	0.170563105	0.07044335	34.84597701	1.272342533	91	194	43	48	49	149	15	25	0.000310859								
S15S11	1.000529793	-4.605170186	0.424608275	1.181624006	0.248995743	0.185714286	29.52643678	2.137099221	84	466	18	15	23	66	16	6	7.42024E-06								
S12S29	1.28917969	1.781587502	0.174575142	0.607401082	0.317558162	0.357963875	29.16502463	1.293691772	50	97	67	67	8	8	17	23	3.6451E-05								
S3S13	1.559173871	2.172975289	0.046410248	0.300229123	0.243821204	0.340448823	28.64285714	1.580969335	14	69	148	100	25	14	18	15	0.000535006								
S3S29	1.185017026	2.513931799	-0.012545984	0.176765263	0.151026549	0.323152709	28.13563218	0.880952479	70	22	235	128	62	18	19	53	0.017807007								
S3S11	1.048608451	2.308573189	0.525272619	1.46325722	0.431696566	0.508483853	26.30295567	1.873226966	82	50	5	3	1	1	20	13	2.57894E-08								
S2S3	0.305755396	-0.432995373	-0.024420089	0.04284255	0.063297269	0.367741935	24.77204301	1.698104084	102	227	255	180	129	7	21	14	0.008268845								
S12S6	-0.114274974	2.310044643	0.124950984	0.444154984	0.276608028	0.209633279	24.68472906	0.642453963	245	49	77	76	14	55	22	70	8.39857E-05								
S14S5	0.059956771	0.07055709	0.550337604	1.567435751	0.354112765	0.346305419	20.72183908	1.106098448	164	208	2	2	6	11	23	37	1.03388E-06								
S3S12	1.343586304	2.36253121	0.202032093	0.620308317	0.369069645	0.420361248	20.21182266	1.427102774	41	43	66	65	5	2	24	20	3.33062E-05								
S17S26	1.326743932	2.437678588	0.001561772	-0.059555753	0.084308201	0.010011123	19.17419355	1.562331448	45	34	211	240	114	225	25	16	0.077006723								
S6S23	0.203715971	2.405271923	0.063556624	0.37794593	0.185254081	0.185592186	16.83862434	1.505929159	125	38	129	84	43	67	26	18	0.001856947								
S2S4	0.242878702	2.303915615	0.010897743	0.232807989	0.122814113	0.33546798	14.76091954	0.625152765	113	51	200	115	81	15	27	73	0.019459987								
S2S28	1.281504643	1.99765825	0.048218667	0.320332542	0.173850995	0.205254516	13.45566502	0.91682697	51	83	144	93	48	58	28	51	0.003592826								
S7S13	1.378029231	-4.605170186	-0.025499027	0.114824565	0.090921438	0.104395604	12.14285714	1.215000901	34	466	257	149	107	123	29	29	0.066022521								
S3S15	1.47629043	1.825814431	-0.008994578	0.267387976	0.209143447	0.293924466	11.78325123	1.186205223	21	94	228	105	30	29	30	32	0.001402622								
S5S22	0.230849848	-4.605170186	0.034076418	0.219289106	0.090837352	0.07020757	11.01322751	0.944166845	121	466	165	117	108	150	31	48	0.008131391								
S5S8	-0.822006472	-4.605170186	0.227571795	0.618565529	0.077736213	0.105616606	8.558201058	1.209977278	341	466	65	66	121	122	32	30	0.001328679								
S15S26	1.481058122	1.398387485	0.109502604	0.417586353	0.246109161	0.31773399	8.273563218	1.056074697	19	114	85	78	24	21	33	42	0.000151976								
S9S2	-0.457075693	-4.605170186	0.457106891	1.141489972	0.277894571	0.214285714	8.126436782	0.733435407	319	466	14	19	13	52.5	34	62	2.28882E-05								
S3S19	1.305578997	-1.516069918	-0.043502754	0.132065016	0.109611864	0.045977011	3.687192118	1.141947175	48	340	284	143	92	184	35	36	0.17473239								
S17S17	1.650876539	0.319947301	0.37496394	0.977643182	0.226427501	0.175369458	2.464367816	0.656632969	9	197	34	37	27	75	36	69	7.17181E-05								
S13S11	1.415193002	-2.300872029	-0.077769669	-0.11335442	0.123657239	0.214285714	1.965608466	1.91692311	26	399	329	270	78	52.5	37	12	0.042100186								
S15	1.227602906	-1.118411385	-0.097358564	-0.343158804	-0.006288555	-0.012210012	0.240740741	2.588786674	62	294	350	343	209	248.5	38	3	0.214475899								
S2S5	0.231933409	1.961754492	0.053173113	0.345468202	0.168368372	0.355665025	-0.970114943	0.829021373	120	86	140	88	50	9	39	55	0.003034097								
S3S6	1.18610716	2.035897886	0.095470668	0.362442359	0.33755419	0.407224959	-1.551724138	1.043961717	69	80	95	86	7	3	40	44	0.000296212								
S3S9	1.259450824	2.384336486	0.094501465	0.404308082	0.295605863	0.376026273	-2.342364532	0.620580763	54	42	96	81	10	6	41	74	0.00031542								
S2S6	0.419855321	1.649606547	0.108576612	0.315215051	0.164037588	0.303448276	-2.48045977	0.290735094	89	104	86	95	54	25	42	112	0.00079537								
S6S1	0.453216929	-4.605170186	0.072012579	0.275734134	0.208243585	0.293650794	-2.669312169	0.470725319	88	466	119	103	31	30	43	88	0.001144308								
S3S27	1.234637048	0.644531192	0.02791834	0.094341184	0.165956198	0.246305419	-3.671264368	1.245797805	59	175	178	157	53	40	44	27	0.009816578								
S3S14	-1.065898175	2.564235581	0.024724126	0.185843264	0.15343104	0.119868637	-3.879310345	0.723525081	351	16	185	126	57	111	45	63	0.016154427								
S17S30	-0.224051804	0.757385732	0.056683429	-0.171654586	0.014081095	-0.036707453	-4.286021505	-0.036556211	267	165	135	290	188	268	46	155	0.239689593								
S14	0.126810137	-0.62913371	-0.134780563	-0.305034975	-0.019607122	0.024420024	-5.052910053	0.25148414	144	248	378	332	230	211	47	118	1								
S11	1.191765194	-2.04349917	-0.0427957	-0.043054793	0.042835694	-0.049450549	-5.431216931	0.597338852	67	385	282	227	149	286	48	75	0.220524776								
S6S24	1.190670075	2.205033881	0.040908639	0.263560981	0.261561769	0.172161172	-6.513227513	0.437745039	68	67	155	108	18	80	49	93	0.005587935								
S12S4	-0.529950869	1.921996995	0.033493275	0.212863417	0.14014579	0.173508484	-6.911330049	1.47259994	335	89	166	119	68	76	50	19	0.008431595								
S2S24	1.359557928	2.455740387	-0.028489166	0.28768701	0.173914623	0.147235906	-7.403940887	1.035089969	36	32	262	102	47	95	51	46	0.010971225								
S7S12	1.50840057	-4.605170186	0.260824931	0.731000722	0.205791066	0.173382173	-8.67989418	1.172568882	16	466	62	61	33	77	52	33	8.39857E-05								
S15S14	-1.418835712	2.107636983	0.067563115	0.267558886	-0.03040229	-0.090147783	-8.740229885	0.75410862	434	73	123	104	246	323	53	59	0.219266644								
S2S1	0.213327666	-0.968655601	-0.00115464	0.331971818	0.069447055	0.321023359	-9.055913978	0.720348354	123	277	217	91	126	20	54	64	0.030022159								
S15S5	1.047062854	2.082570578	0.464000363	1.448943671	0.374563742	0.324137931	-9.836781609	1.295706342	83	76	12	4	3	16	55	22	5.95183E-06								
S12S7	-0.150267832	-0.424482443	0.103218582	0.417554233	0.196681476	0.20470717	-9.844827586	0.659650386	253	226	91	79	39	60	56	67	0.000228828								
S6S5	-0.249689322	-4.605170186	0.074172083	0.235872318	0.16146139	0.094627595	-12.16402116	1.075584813	275	466	114	114	55	127	57	39	0.001690766								
S9S3	-0.271050898	-4.605170186	0.065898977	0.034789	0.03267731	-0.081280788	-12.62068966	1.969946291	281	466	125	187	160	311.5	58	10	0.188066841								
S5S12	-0.081143076	-4.605170186	0.037452741	0.202418803	-0.012244294	0.007326007	-12.94973545	1.159430523	230	466	159	123	216	231	59	34	0.061225603								
S6S26	0.303786657	2.292507104	-0.00045459	0.122084876	0.131579165	0.071428571	-14.47883598	-0.132068716	103	52	215	147	74	148	60	173	0.039800814								
S2S8	0.454794004	-0.962220823	-0.117024162	-0.136810168	0.047990992	0.276084538	-16.25376344	0.944061397	87	276	369	277	144	32	61	49	0.167318689								
S3S22	-0.195377358	-1.360251371	-0.080776242	-0.015034388	0.015215421	-0.012588944	-16.94581281	1.238434049	258	322	333	210	184	251	62	28	0.549447994								
S16S27	0.091615197	-3.297736145	-0.136340073	-0.320019605	-0.05656149	0.095238095	-18.38669951	0.454316204	151	433	380	339	274	126	63	91	1								
S2S26	1.469986745	1.891936552	0.065708231	0.300676966	0.291158011	0.321291735	-19.74876847	0.338214751	22	90	126	99	12	19	64	105	0.001612443								
S15S28	0.240888223	0.324456716	0.122895587	0.576585858	0.0381205	0.078976641	-20.41505376	-0.109867422	115	196	78	69	155	141.5	65	167	0.008740978								
S15S2	1.250574284	2.063165039	0.556749251	1.578006283	0.253920911	0.30189099	-20.69892473	1.102962639	56	78	1	1	20	27	66	38	3.33062E-05								
S3S17	1.356001023	-4.605170186	0.417328659	1.164462869	0.267342475	0.296661193	-21.84482759	1.040830614	38	466	22	16	16	28	67	45	3.6451E-05								
S2S11	1.180123538	2.560872111	-0.052328359	-0.116233785	0.020567762	0.262291435	-21.99569892	1.273223389	71	17	301	271	175	36	68	24	0.223896337								
S2S2	0.258240723	-1.045044991	0.00643245	0.320705286	0.057341085	0.306785317	-23.43225806	0.185608875	110	285	205	92	133	24	69	129	0.029907792								
S13S4	1.398777367	-0.817842479	-0.109573719	-0.160606097	-0.057679641	-0.089764641	-23.52955665	1.199983843	32	263	360	288	276	322	70	31	0.877154703								
S12S2	-0.038814067	2.464706411	0.079603419	0.40517138	0.260110195	0.221127531	-25.0320197	0.300358815	206	30	108	80	19	51	71	111	0.000753701								
S17S31	0.113062979	2.2593882	0.075048096	0.398104554	0.124818405	-0.067487685	-26.41609195	0.357748868	147	60	113	83	77	297	72	103	0.017899901								
S16S5	-0.134406073	0.721231523	0.333061651	0.967426388	0.101915472	0.106185003	-26.53448276	-0.408234362	250	167	48	39	100	121	73	216	0.024781044								
S4S24	0.239988531	-4.605170186	-0.035838257	0.026339929	0.016418551	0.150246305	-28.36781609	0.535363884	116	466	273	191	182	91	74	81	0.166815758								
S3S24	1.357774849	-1.528968168	-0.040991612	-0.063710028	0.103156884	0.047071702	-30.18226601	0.407523954	37	343	281	243	99	181	75	97	0.19838056								
S3S23	1.413276836	-1.546733185	-0.004851275	0.08325934	0.143710114	0.046524357	-32.45320197	0.106259273	27	345	224	161	65	182	76	140	0.050903694								
S3S30	1.2471101	2.267859457	0.030304747	0.288654093	0.152181047	0.315270936	-33.16321839	0.20588596	57	56	173	101	60	22	77	126	0.010802837								
S2S22	0.303452481	-1.648013368	-0.053302593	-0.017528139	0.020209915	0.213793103	-35.27126437	0.657133607	104	355	304	211	177	54	78	68	0.318055341								
S3S5	1.136894614	2.203297443	0.054471967	0.402150457	0.206104667	0.348768473	-35.97241379	0.362330883	75	68	137	82	32	10	79	102	0.002664309								
S3S16	1.090183636	2.440953982	0.365428491	0.922974641	0.202735759	0.238095238	-36.25615764	0.578560317	79	33	38	49	35	43	80	77	0.000105633								
S2S25	1.245849902	-3.214642099	-0.012443095	0.136200131	0.132409318	0.238423645	-37.48965517	-0.544405357	58	432	234	142	73	42	81	235	0.067868518								
S2S13	1.405697631	2.471173448	-0.086430391	-0.039219329	0.117335125	0.183537264	-38.2172043	0.448864362	29	27	338	224	85	68	82	92	0.077357179								
S7S28	1.490297664	-3.413998377	-0.236683947	-0.635288658	-0.068202809	-0.039072039	-38.27513228	0.641322773	18	434	397	392	292	270	83	71	1								
S16S11	0.056307779	-0.889023971	0.345427087	1.10484129	0.057254346	0.177753059	-38.87311828	0.822055512	167	270	45	26	136	71	84	56	0.002549733								
S16S18	-0.060082228	0.822746975	0.004096358	0.204016549	0.020515348	0.067980296	-39.05287356	0.494747321	220	161	209	122	176	154	85	87	0.033584502								
S5S32	-1.245398578	-2.395851138	0.032998915	-0.022578492	-0.051839002	0.125152625	-39.22486772	0.946456613	379	405	169	213	269	106	86	47	0.152677441								
S6S20	-1.326612136	-4.605170186	0.11138736	0.512551796	0.201101669	0.241758242	-39.2989418	0.517053042	410	466	83	73	37	41	87	84	0.000174734								
S3S10	1.062187412	2.158020642	0.122769663	0.567889813	0.293672486	0.256157635	-39.56650246	0.579640192	81	71	79	71	11	37	88	76	0.000187136								
S16	1.309836397	-3.517415941	-0.329589482	-0.830575214	-0.103359663	-0.080586081	-40.75661376	0.546603047	47	435	417	410	329	310	89	80	1								
S14S27	-1.157081801	3.609786627	0.289440109	0.758458593	0.039854723	0.020689655	-41.8183908	1.075509687	365	1	57	59	152	216	90	40	0.04092453								
S2S27	1.085786164	-1.60255466	-0.051787953	0.00443013	0.084500324	0.26453202	-42.12183908	0.101774135	80	351	297	200	113	33	91	141	0.254799229								
S12S8	-0.196280211	-0.538939105	0.410166552	1.128768222	0.168070096	0.172413793	-42.24876847	-0.066090211	259	236	23	22	52	79	92	160	0.006682069								
S6S4	0.336992681	-4.605170186	-0.050259906	0.021106537	0.015115893	0.072039072	-42.90740741	0.529519383	96	466	294	195	186	147	93	82	0.227342869								
S10S21	-0.970266185	-0.8235586	-0.062329677	-0.049200721	-0.14494032	-0.190656285	-43.11397849	0.666257968	345	265	314	233	378	410	94	66	1								
S14S18	-0.01866919	1.605495963	0.066917975	0.265529962	0.139250208	0.01773399	-43.37011494	0.499996439	194	105	124	107	70	220	95	85	0.027832031								
S10S24	-1.145232816	-0.511804784	-0.4521825	-1.226487541	-0.167844595	-0.152016129	-43.41330645	0.633115753	362	231	473	475	401	375	96	72	1								
S17S22	0.06053583	-0.599828535	0.351556204	0.899703939	0.189903933	0.064039409	-44.36551724	0.563604876	163	241	42	51	41	161	97	78	0.00701805								
S13S5	-0.052784943	-0.186503939	-0.120232131	-0.271189424	-0.083088504	-0.114395183	-44.9408867	0.552759435	215	215	371	319	306	348	98	79	1								
S6S3	-0.382993002	-4.605170186	0.429326171	1.147019543	0.186674691	0.136141636	-44.94179894	-0.322187338	301	466	16	18	42	101	99	203	0.010465038								
S14S3	0.148039679	-4.605170186	0.031589659	-0.031957044	0.033518067	0.03546798	-45.27586207	0.390832136	140	466	171	221	159	201.5	100	98	0.046947755								
S8	1.430599826	-1.123844569	-0.221525838	-0.568917597	0.030777697	-0.064102564	-45.34920635	0.790604072	25	295	393	382	164	295	101	57	1								
S12S17	-0.311455284	2.002082969	0.379949839	1.019707212	0.25027678	0.263820471	-45.83990148	0.675092618	291	82	32	33	22	35	102	65	0.000453798								
S6S15	-1.516639803	-0.611102974	-0.082953208	-0.280544725	-0.058646449	0.016420361	-46.37438424	-0.018353872	453	244	336	324	279	221	103	154	0.579824892								
S15S3	0.057788162	2.912639439	0.339486527	0.930929713	0.141338959	0.005116796	-46.63225806	0.910888984	166	2	46	44	67	234	104	52	0.012040825								
S14S2	-0.204089032	-1.79359801	0.358003426	0.930384754	0.139530191	0.03546798	-47.20229885	-0.280915481	264	363	39	45	69	201.5	105	195	0.026971897								
S6S25	0.109411131	2.538411763	0.04185969	0.306709983	0.118589584	0.12026862	-48.77777778	-0.291429961	148	20	152	97	84	110	106	197	0.023553668								
S14S12	-0.422799083	-1.228373983	-0.053136416	-0.049467257	-0.09855068	-0.174876847	-48.85287356	-0.931823767	311	303	303	234	322	399	107	299	1								
S5S21	0.146613318	1.868232762	0.030344762	0.151070812	2.51E-05	0.108058608	-49.28835979	-0.216076593	141	91	172	138	200	118	108	185	0.025789396								
S14S23	0.185548533	-4.605170186	-0.267737532	-0.770693974	-0.087758013	-0.235960591	-50.06896552	-0.169015658	131	466	401	404	311	444	109	177	1								
S8S26	1.327782975	0.611759644	0.061002133	0.016836579	0.107089374	0.067155067	-51.85978836	0.522139554	44	181	131	197	96	155	110	83	0.023553668								
S10S20	-0.238406933	-0.715287141	-0.071313518	-0.131534963	-0.106490606	-0.041156841	-52.15268817	0.757903934	270	255	324	274	335	272	111	58	0.56954761								
S6S12	0.34482432	-4.605170186	-0.046482641	0.058290009	0.00670052	0.122710623	-52.34126984	0.351786369	94	466	290	170	193	107	112	104	0.217000037								
S16S6	0.065343644	0.975975054	0.08097114	0.352340396	0.130741423	0.204926108	-52.51034483	-1.004883612	159	144	107	87	76	59	113	312	0.017899901								
S12S20	-0.394596904	-2.0057763	0.096458713	0.110033946	0.122864537	0.143951834	-53.57635468	-0.037277916	304	383	93	151	80	97	114	156	0.005807762								
S15S20	0.044114432	-1.385182816	-0.014462728	-0.295985133	0.005972769	0.03403782	-57.2344086	0.187622024	170	326	241	329	195	204	115	128	0.511018449								
S2S7	0.169010097	2.639269239	-0.048249598	-0.033255498	0.015186611	0.231145717	-57.31612903	-0.004241353	136	11	293	223	185	45	116	152	0.254956984								
S6S10	-0.07460879	0.919222436	0.529652278	1.362711461	0.11728852	0.029009305	-57.86945813	-0.248201764	227	150	3	8	86	210	117	189	0.022424212								
S5S9	-0.147583182	1.8605083	0.370136708	1.038213471	0.174120483	0.230979748	-59.12807882	0.118681552	252	92	35	32	46	46	118	139	0.002906364								
S16S12	0.036020903	-0.921455211	0.325201023	0.905221399	-0.019396657	-0.120415982	-59.13300493	-0.332361628	172	271	50	50	229	355	119	204	0.464651076								
S12S16	1.310176922	-2.494064874	0.038453748	0.031486515	0.182333003	0.323248053	-59.57419355	-0.190414944	46	412	157	188	44	17	120	183	0.017791325								
S13S19	-0.034677111	-0.343929437	-0.31890369	-0.850829249	-0.019270067	0.052503053	-59.88624339	0.068613023	204	221	415	411	227	173	121	144	1								
S2S15	0.183516209	-1.358697493	-0.077331732	-0.136737348	-0.029070673	0.176863181	-60.29247312	0.249123868	132	321	327	276	243	72	122	119	0.492660459								
S9S7	-0.53347123	-4.605170186	-0.059791077	-0.395807542	-0.033653298	0.029064039	-60.62988506	0.423434398	336	466	309	359	249	209	123	96	0.862636605								
S17S19	-0.042307334	-0.772663867	0.282858281	0.765019383	0.092579289	-0.069458128	-61.53103448	-0.261478302	210	259	58	58	106	298	124	191	0.207011438								
S2S20	0.177032579	1.373734545	-0.089751157	-0.083042371	-0.042943069	0.036945813	-61.73333333	0.328407499	135	117	340	254	263	197	125	107	0.622493318								
S16S4	0.061844666	0.627725262	0.4648083	1.297560647	0.15000555	0.05090312	-61.75615764	-0.509386414	161	179	11	9	63	175	126	233	0.041712112								
S11S22	-0.506782216	-4.605170186	-0.052035656	-0.316799676	0.049278286	0.074188034	-61.78917379	0.177668857	331	466	299	338	142	146	127	130	0.396473309								
S3S4	1.094624263	2.287773258	0.041486531	0.246597601	0.220326061	0.397536946	-62.08965517	-0.096504976	78	53	153	110	28	4	128	165	0.008131391								
S12S21	-0.360629626	-0.254522711	0.035067291	0.301086803	0.081467468	0.154679803	-62.45747126	0.878508096	298	216	164	98	117	87	129	54	0.007840148								
S2S21	0.321143929	-1.527501272	-0.097055602	-0.105736842	0.023845236	0.23381535	-62.67956989	0.27379174	97	342	349	265	170	44	130	116	0.658154754								
S5S30	-1.131744219	-2.498138549	0.041146959	-0.071788238	-0.078996749	0.076312576	-63.26190476	-0.052180018	359	413	154	247	303	144	131	158	0.311829331								
S3S18	1.340334555	-1.634649401	0.002484033	0.17155277	0.139034903	0.058565955	-63.53448276	-0.17321755	42	353	210	130	71	167	132	179	0.034560257								
S4S15	-1.673307912	-1.442929075	-0.362636885	-0.925411915	-0.155676456	-0.053694581	-64.25517241	0.741349566	478	335	432	421	388	287	133	60	1								
S2S12	1.40549212	-0.754174847	-0.015998744	0.051644493	0.04963496	0.207119021	-65.30322581	0.466757699	30	258	242	174	141	57	134	89	0.080938171								
S17S15	-0.301526718	-1.346701979	-0.108060586	-0.461785944	-0.150541797	-0.320197044	-66.46436782	0.240968616	286	319	358	367	384	480	135	122	1								
S7S14	1.692740628	-4.605170186	0.047008797	0.197791598	0.048028003	-0.042124542	-66.89153439	0.133199614	5	466	147	125	143	274.5	136	136	0.061985445								
S13S16	-1.7946938	0.994631271	-0.071560138	-0.256034577	-0.104400693	-0.016420361	-66.89901478	1.156339768	489	140	325	315	331	253	137	35	0.529942993								
S17S28	1.374392069	2.469409778	-0.05307691	-0.088910164	-0.019683156	-0.166502463	-67.03218391	0.187901303	35	28	302	257	231	390	138	127	1								
S14S10	-0.3640859	0.980686036	0.11608537	0.130243987	0.083737156	-0.103003337	-67.07956989	0.224428972	299	143	81	145	115	341	139	123	0.058140224								
S6S29	0.366884655	2.399522554	-0.011143771	0.198995665	0.004712156	-0.034798535	-67.23809524	0.334133538	90	39	233	124	196	266	140	106	0.142741748								
S5S31	-1.162174559	-2.592345398	-0.017576248	-0.1917642	-0.077268532	0.035030104	-67.35960591	-0.124029945	366	425	244	299	300	203	141	170	0.293757335								
S10S18	-0.995387454	-1.206949352	-0.053763775	-0.238158554	-0.16806572	-0.244938821	-68.04731183	0.242663339	347	301	305	309	403	448.5	142	120	1								
S3S1	1.221064489	2.613514141	-0.013346601	0.168732124	0.152471969	0.342857143	-68.5862069	-0.567120784	63	12	237	132	58	12	143	240	0.077006723								
S8S8	-0.431867612	-2.143598786	-0.057045072	-0.304147012	-0.08150403	0.112205802	-68.81527094	-0.115427847	313	393	307	331	305	116	144	169	0.529942993								
S4S8	1.681388915	-4.605170186	-0.046815426	-0.071913066	0.02120844	0.200492611	-69.77701149	-0.486520494	6	466	291	248	173	61	145	228	0.244691636								
S16S2	-0.105311096	0.906042172	0.365507854	1.013796272	0.071076299	0.01423098	-70.55172414	-0.586909616	241	155	37	34	124	223	146	243	0.082965748								
S9S11	1.504187447	-4.605170186	0.090001103	0.100732312	0.201726409	0.088669951	-71.19950739	0.379380763	17	466	100	154	36	136	147	100	0.005375087								
S6S27	0.179612114	-4.605170186	0.010837198	0.150517848	0.095264818	0.14957265	-71.76719577	-0.130811312	133	466	201	139	105	92	148	172	0.026572813								
S14S26	-0.260209375	-1.97627752	-0.09856765	-0.09013542	-0.009733118	-0.15270936	-71.88965517	-1.037812722	278	379	351	258	212	376	149	314	1								
S2S10	0.310403158	-1.602297131	-0.11159067	-0.204177115	-0.026865515	0.18131257	-72.55268817	-0.141762669	99	350	361	303	241	70	150	175	0.891875847								
S17S16	0.095601938	-1.143658269	0.39023809	1.113624738	0.197557323	0.030049261	-72.60689655	0.275037982	150	297	29	25	38	208	151	115	0.032631813								
S2S16	0.194460094	-1.542286103	-0.06111751	0.015330016	-0.030985495	0.090147783	-72.70344828	0.258660045	127	344	311	198	248	134	152	117	0.36460576								
S3S25	1.402725564	-1.288923511	-0.088068794	-0.157605299	-0.005059466	-0.001094691	-73.00492611	0.286662319	31	312	339	287	207	238	153	114	0.611588599								
S2S9	0.316153294	-1.435478311	-0.063860328	-0.057312987	0.068543393	0.302335929	-73.15913978	0.37768471	98	333	317	239	127	26	154	101	0.408899674								
S5S16	0.070290268	-2.480296086	0.151477036	0.206175172	0.042080307	0.225615764	-73.36091954	-0.165370625	157	411	71	121	150	48	155	176	0.011976701								
S16S21	0.029681648	2.285071245	-0.337147041	-0.980271096	-0.099567553	-0.017130145	-73.45806452	-0.35211558	175	54	423	432	326	254	156	207	1								
S17	0.263995167	-0.88709872	-0.332947445	-0.957090639	0.016338699	0.04029304	-73.85449735	0.463123188	109	269	419	426	183	190.5	157	90	0.947510564								
S13S20	0.001256889	-0.849261463	-0.485924526	-1.297398745	-0.090538982	0.049808429	-73.88916256	-0.076429746	185	266	481	483	312	177	158	162	1								
S10S25	-0.963477699	-1.209025052	0.012393751	-0.090566494	-0.107257409	-0.137708565	-74.35053763	-0.005419936	344	302	197	259	336	365	159	153	0.952836485								
S4S11	1.60946126	-1.526610437	-0.333509421	-0.95081402	-0.07405679	0.038916256	-75.22068966	-0.347530415	11	341	420	423	297	193	160	206	1								
S7S10	-0.454864404	2.396886047	-0.013493701	0.037654535	-0.013873085	-0.03968254	-75.98148148	-0.415741953	318	40	238	184	219	271	161	217	0.159616189								
S12S9	-0.241072274	-0.625000031	0.036415787	0.003586402	0.109909674	0.068418172	-76.37931034	-0.462492704	272	247	161	201	91	152	162	223	0.04955533								
S21	0.178883658	-1.251988639	-0.33631489	-0.974239809	-0.0454439	0.081007115	-77.84482759	0.736830303	134	304	421	430	265	139	163	61	1								
S4S23	-0.508133971	-4.605170186	-0.33016599	-0.876053469	-0.108121031	-0.022988506	-77.9408867	0.242004088	333	466	418	416	337	258	164	121	1								
S5S29	-1.179520137	-2.562347572	0.065556417	0.077100074	-0.094108733	0.021367521	-78.85449735	-0.223827827	368	422	127	164	316	215	165	186	0.351913241								
S14S21	1.254323788	-1.283490748	-0.122861416	-0.171283185	-0.001595734	0.139901478	-79.06666667	-0.973806064	55	311	372	289	203	98	166	305	1								
S4S13	1.607363127	-4.605170186	0.005123563	0.049541687	0.10820165	0.009359606	-79.63678161	0.209109139	12	466	207	176	94	227	167	125	0.055133598								
S4S6	0.120323655	-1.298802147	-0.146007199	-0.15219089	-0.074976154	0.045812808	-80.20229885	0.152354635	145	313	382	284	298	185	168	134	1								
S15S16	0.059817864	-1.260052693	0.082480542	-0.013768206	0.04508716	0.078976641	-81.16129032	-0.297207033	165	306	106	208	146	141.5	169	199	0.032631813								
S6S7	0.199842246	2.681122642	0.014814348	0.168085842	0.105345931	0.061660562	-82.05555556	-0.358098291	126	9	193	133	98	165	170	209	0.033584502								
S3S26	1.199302252	2.53449297	-0.006887617	0.061527481	0.075601146	0.121182266	-82.7908046	-0.290225776	65	21	226	167	122	109	171	196	0.053692278								
S12S14	0.007316387	-0.711812999	-0.077761791	-0.110689951	0.021115688	0.163546798	-83.53333333	0.017617081	181	254	328	268	174	83	172	150	0.501769494								
S4	1.406664106	-1.156090821	-0.246969835	-0.615005593	-0.002732417	-0.073891626	-83.64285714	0.386382535	28	298	399	385	206	301	173	99	1								
S2S18	0.352306827	2.414563429	-0.021589384	0.176432007	0.079283898	0.168965517	-84.42758621	-0.859892262	93	36	249	129	118	82	174	289	0.234773053								
S13S8	-0.072894686	0.534572147	0.357468506	0.973565427	0.051296167	-0.058565955	-85.1453202	-0.259650723	224	185	40	38	140	291	175	190	0.202147622								
S7S19	-1.12952181	-4.605170186	-0.31194508	-0.859618225	-0.176316703	-0.156288156	-86.92592593	-0.170441922	357	466	413	414	407	380.5	176	178	1								
S12S3	-0.12591687	2.391736492	-0.035920183	-0.228031714	-0.010019593	-0.069950739	-87.09195402	-0.264496851	246	41	274	308	213	299	177	192	0.344005583								
S16S1	-0.00280112	2.235848279	0.138738802	0.572430692	0.134071462	0.133990148	-87.19770115	0.435983149	186	64	74	70	72	102	178	94	0.010971225								
S17S32	-0.019558536	2.23539467	0.379497379	1.062644259	0.131410077	-0.005418719	-87.31034483	-0.469518595	195	65	33	29	75	239	179	226	0.075101498								
S2	0.27874221	-0.997449194	-0.29432545	-0.819142531	-0.020110721	-0.113300493	-87.87192118	-0.416744849	106	281	406	407	232	347	180	218	1								
S6S13	-1.085707434	1.93558399	0.147226266	0.239752241	0.034826343	-0.125889436	-88.81280788	-0.748782103	352	88	72	113	156	357	181	265	0.805825538								
S12S10	-0.433871877	2.263273211	0.298723199	0.826144627	0.148795567	0.264039409	-88.88045977	0.219366284	314	59	55	54	64	34	182	124	0.014645005								
S20	0.151515152	1.172414411	-0.131932706	-0.290581489	0.0303519	0.062881563	-89.23280423	0.166753231	139	132	375	326	165	163	183	133	0.834567425								
S7S29	-1.526237047	-0.510768547	0.067979936	0.246576252	0.025260128	-0.118437118	-89.98941799	-0.003818169	455	230	122	111	168	354	184	151	0.17473239								
S6S21	0.472713444	-4.605170186	-0.214633829	-0.310549214	-0.241379562	-0.189255189	-90.20634921	0.166841132	85	466	391	335	459	408	185	132	1								
S10S15	-1.086679001	-1.101770849	-0.001406666	0.028104174	-0.157182231	-0.107452725	-90.28602151	-0.191329301	353	290	218	190	390	343	186	184	1								
S13	0.237474844	-2.358711608	-0.066539877	-0.068878041	-0.092708217	-0.264346764	-90.39417989	-0.641787392	117	403	320	244	314	459	187	248	1								
S17S29	0.165219016	2.567186145	0.042711916	0.265650284	0.100468503	-0.035960591	-90.42758621	-0.81461347	137	15	151	106	102	267	188	278	0.186007291								
S10	1.299688537	-0.604076395	-0.051760692	-0.095309044	-0.000422459	-0.086080586	-90.65079365	-0.744303203	49	242	296	262	201	317	189	264	0.408899674								
S7S8	0.253998659	0.48026174	0.394799131	1.045045398	0.025864427	-0.019157088	-91.25862069	-1.210021325	112	189	27	30	167	256	190	342	0.279640899								
S10S14	-1.114601647	1.196633565	-0.0445382	-0.047712707	-0.183790383	-0.178197998	-91.30752688	-0.129166757	355	129	285	229	417	402	191	171	1								
S9S12	-0.069388457	-1.926407842	0.092704534	0.037721702	0.044363203	-0.07044335	-91.4091954	-0.366632717	222	375	98	183	148	300	192	211	0.293757335								
S13S17	-0.109535832	-1.32353701	-0.39538012	-1.026834676	-0.071364923	-0.112332112	-91.44973545	-0.65035085	243	316	452	442	294	345	193	251	1								
S13S9	-1.235319895	-1.846029554	-0.014066078	-0.143919976	-0.064017679	-0.063492063	-91.66666667	-0.355929138	377	368	240	280	284	294	194	208	0.260222697								
S4S12	1.715223597	1.962823884	0.038309366	0.039261827	-0.034531343	-0.084729064	-91.73103448	0.125126364	3	85	158	182	250	316	195	137	0.401221029								
S4S9	1.61443404	-4.605170186	-0.060576427	-0.069689195	0.044871367	0.172906404	-92.17931034	0.31469495	10	466	310	246	147	78	196	110	0.357627869								
S17S27	0.014993481	2.313044346	0.391177266	1.004781414	0.142946203	0.009852217	-92.24137931	-0.50903336	180	48	28	35	66	226	197	232	0.062833189								
S13S23	-1.247567444	-4.605170186	-0.065455953	-0.31348135	-0.121771159	-0.076312576	-92.50793651	-0.466589104	381	466	319	337	357	304	198	225	0.834200581								
S11S1	-0.499058912	-1.829614096	0.044152401	-0.025179556	0.013016524	0.068418172	-93.091133	0.32343851	330	364	150	216	191	152	199	108	0.04092453								
S7S20	-1.337163284	1.158710218	0.077564766	0.17139916	-0.127574748	-0.221127531	-93.51970443	-1.051040519	414	134	109	131	363	437	200	317	1								
S15S10	-0.222491758	2.348521968	0.32828777	1.000224376	0.151603427	0.093596059	-94.87126437	0.041802798	266	44	49	36	61	129	201	146	0.026572813								
S13S29	-0.174561973	0.718698058	0.077435771	0.030123682	0.061772699	0.04516129	-95.32258065	-0.673739645	255	169	110	189	131	186	202	258	0.118844593								
S12S19	-1.330991194	2.560082488	-0.035963941	-0.153675739	0.01353973	0.137931034	-95.72413793	0.034711072	413	18	275	285	190	100	203	147	0.215938635								
S6S11	-1.454673046	0.962012532	0.073726239	-0.024570033	-0.057915705	-0.170224412	-95.88423645	-0.295973634	444	145	116	215	278	395	204	198	1								
S12S22	-0.485933504	0.672350046	0.035614774	-0.029765333	0.078831662	0.053092501	-95.92610837	0.424899992	328	173	163	220	119	172	205	95	0.045687488								
S9S26	-0.025626792	0.509814764	0.059183566	0.035066872	0.112925757	0.09054505	-96.4172043	-0.341569055	199	188	134	186	89	133	206	205	0.030793887								
S5S24	-0.279996197	-2.155928992	-0.000581293	-0.107858076	-0.042299037	0.037219485	-96.66502463	-0.403706469	283	395	216	266	262	196	207	215	0.142741748								
S17S20	-0.076987604	2.264290484	0.141388511	0.433117283	0.115159487	-0.04729064	-97.11264368	-0.112439114	229	58	73	77	87	282	208	168	0.202654308								
S10S7	-1.491047725	-2.591936077	0.025455045	-0.04273729	-0.073931782	-0.212458287	-97.53333333	-0.513122528	451	424	183	226	296	427	209	234	1								
S3S3	0.287725384	2.466924224	-0.017988789	0.086342797	0.032294442	0.144827586	-97.67586207	-0.650242075	105	29	246	159	161	96	210	250	0.098378737								
S11S14	-0.472274732	-4.605170186	-0.305093128	-0.766045202	-0.043690671	0.19047619	-97.71428571	-0.038873435	322	466	410	403	264	65	211	157	1								
S24	1.708434221	0.752718235	0.074154523	0.086989689	0.120082274	0.13948832	-97.79354839	-1.05701279	4	166	115	158	83	99	212	319	0.330625237								
S8S17	-0.231135947	0.880744782	-0.045658472	-0.264816085	-0.025930321	0.03667214	-97.97783251	-0.309881986	268	158	288	317	240	199	213	201	0.408899674								
S12	-1.298481638	2.57029394	-0.012864791	0.057165957	-0.093041368	-0.173382173	-98	-1.050466816	399	14	236	171	315	398	214	316	1								
S11S9	-0.325976925	2.267712151	0.08517896	0.023189658	0.121309115	0.249084249	-98.22751323	0.323067365	295	57	102	194	82	39	215	109	0.039800814								
S5S27	-1.172231232	-4.605170186	0.385148485	0.94086151	0.014594269	0.043345543	-98.38095238	-0.180672889	367	466	30	43	187	188	216	181	0.04092453								
S7S3	1.347180167	1.176495166	0.348890306	0.967037899	0.038678383	0.156540777	-98.6182266	-1.268244529	40	131	44	40	153	85	217	347	0.366649747								
S12S23	-0.567094627	2.609401558	0.009966119	-0.069241478	-0.024052992	-0.164750958	-98.67980296	-0.74038303	338	13	202	245	237	388	218	263	0.842189003								
S9S4	-1.619928625	-1.880457622	-0.031544952	-0.195460747	-0.113128525	-0.135741653	-98.8546798	0.045907776	469	371	267	301	344	364	219	145	0.937280309								
S10S19	-0.877377561	-1.192525227	-0.357918309	-1.005529948	-0.176624925	-0.215725806	-99.45564516	0.287195283	342	300	430	439	408	430	220	113	1								
S8S16	-0.277084515	-1.463369701	-0.027321853	-0.262876887	-0.012175598	0.103174603	-99.52645503	-1.145341616	282	336	260	316	215	124	221	336	0.579824892								
S7S11	1.336247862	2.425284769	0.077419539	0.308965032	0.098793587	0.102564103	-99.93386243	-0.551277014	43	35	111	96	104	125	222	237	0.071408723								
S16S16	0.027412587	1.049271148	0.008159928	0.108428683	-0.021134222	-0.012315271	-99.94482759	-1.078770397	176	137	204	152	233	250	223	324	0.466155972								
S17S25	0.030952825	0.213699433	0.00140382	-0.073107678	0.022235016	-0.048275862	-100.0043011	-0.310080885	174	200	212	249	172	283	224	202	0.207004509								
S4S5	-1.709343218	-1.876795575	-0.388316089	-1.090010758	-0.149105278	-0.057142857	-100.4206897	-0.18065977	479	370	444	453	382	289.5	225	180	1								
S17S24	-0.140359036	0.890656025	-0.067104592	-0.292435957	-0.0602819	-0.152836485	-100.8	-0.497649653	251	157	321	328	281	377	226	230	1								
S9S6	-1.376438664	1.83622358	0.012274267	-0.134140934	0.017028514	0.064738598	-100.8580645	-0.271994595	425	93	198	275	180	159	227	193	0.174283934								
S19	0.194250871	-1.278222889	-0.3111037	-0.871969023	-0.030263249	0.01953602	-100.8835979	-0.054457166	128	310	412	415	245	217.5	228	159	1								
S14S15	-0.261785546	2.08426473	0.367329096	0.945723465	0.108540278	0.004926108	-101.0758621	-0.476912689	279	75	36	41	93	235	229	227	0.067868518								
S5S2	-0.292164675	2.14018946	0.036440716	-0.092580874	-0.059581779	-0.180076628	-101.1305419	-0.704383447	285	72	160	260	280	404	230	261	1								
S14S13	-0.438238994	-0.610889459	-0.263747046	-0.783013451	-0.072632139	-0.161290323	-101.8236559	-0.857943808	316	243	400	405	295	386	231	286	1								
S15S30	-1.319637239	1.387066598	0.153852538	0.318897458	-0.017553075	-0.010901001	-101.8451613	-0.693083798	406	115	70	94	225	247	232	260	0.124480487								
S4S1	-1.624584086	-1.041636922	-0.405391719	-1.046120052	-0.087232048	0.130541872	-102.8942529	-0.233713516	470	284	456	447	310	104	233	187	1								
S9S8	-0.199775218	0.155442492	0.053563042	0.11191707	0.023904241	-0.133497537	-102.983908	-0.070158712	263	205	138	150	169	363	234	161	0.510573446								
S6S6	-0.239142803	2.892770797	0.026597664	0.241991174	0.057312174	-0.009157509	-103.4312169	-0.366004966	271	5	182	112	134	245	235	210	0.087148055								
S15S23	-1.576827061	-1.996249616	-0.371255237	-0.953516062	-0.135186097	-0.088765295	-103.7827957	-0.605539665	464	381	438	425	370	320	236	246	1								
S17S21	0.025874907	-1.099315172	0.053424467	0.255984172	0.099207919	-0.033990148	-105.4229885	-1.230213024	177	289	139	109	103	265	237	344	0.667746848								
S2S19	0.265244192	1.506727991	-0.043152133	0.155869224	-0.016241226	0.093659622	-105.6645161	-0.859721284	108	110	283	136	223	128	238	288	0.229940842								
S7S27	1.665396341	-4.605170186	-0.054578995	-0.049164567	-0.013466653	-0.045787546	-105.8809524	-0.5978572	8	466	306	232	217	279	239	245	0.330818471								
S10S17	-1.037040458	-1.040490443	-0.289543677	-0.765083615	-0.154871293	-0.13266129	-106.0302419	-1.405887713	348	283	404	401	387	361	240	362	1								
S3S2	1.208514253	2.497643177	0.027796945	0.16681895	0.174705575	0.308866995	-106.6666667	-0.658925175	64	25	179	134	45	23	241	255	0.110790437								
S13S30	-1.422291383	-0.793168558	-0.222409006	-0.759115821	-0.237050754	-0.334554335	-106.8201058	-2.188032796	435	260	394	400	456	483	242	434	1								
S16S3	1.349692288	0.37972701	0.071192254	0.332558995	0.105379088	0.033990148	-107.4206897	-0.866485981	39	193	121	90	97	205	243	291	0.244691636								
S10S5	-1.71744114	-0.922383956	-0.132328985	-0.640898615	-0.20889539	-0.273387097	-108.3205645	-0.894444834	480	272	376	395	437	464	244	296	1								
S2S17	0.308732394	-1.370548331	-0.074137478	-0.097793986	0.00192842	0.122135706	-108.3225806	-0.993808764	101	325	326	263	197	108	245	309	0.483689647								
S15S22	-0.389471058	-1.930649727	-0.062090425	-0.33399054	-0.094595045	-0.008374384	-108.8505747	0.124276907	303	376	313	342	317	244	246	138	0.644789309								
S10S23	-1.132686981	-0.655625364	-0.064243732	-0.128182504	-0.1935096	-0.301446051	-109.0580645	-0.384395929	360	251	318	273	429	476	247	214	1								
S6S16	-0.05958155	0.011026074	0.480124069	1.379467958	0.087382998	0.021893815	-109.2167488	-0.818562885	218	210	10	6	111	214	248	279	0.034660292								
S7S9	1.227789354	1.236528062	-0.023185158	0.026038965	-0.002639525	0.06622879	-109.4359606	-1.556112673	61	125	252	192	205	157	249	374	0.702718163								
S13S26	1.163554601	-0.721585492	-0.453635061	-1.28913662	-0.230669492	-0.179087875	-109.5763441	-0.642639398	73	256	474	481	449	403	250	249	1								
S13S27	1.275473989	-0.818021692	-0.431297146	-1.26771047	-0.188106514	-0.166629588	-109.5849462	-0.384320663	52	264	465	479	422	391	251	213	1								
S15S6	-0.198122591	1.941195604	0.461226916	1.114341101	0.112843999	0.044334975	-109.9517241	0.498449919	261	87	13	24	90	187	252	86	0.07137986								
S15S4	-0.097637746	2.787383539	0.072538296	-0.02312375	0.057943653	-0.007881773	-110.2827586	-0.133994481	240	7	117	214	132	241	253	174	0.105677935								
S7S15	1.477306968	2.910858749	-0.024022025	0.049396547	-0.014764211	0.021978022	-110.3571429	0.034100954	20	3	254	177	222	213	254	148	0.108209027								
S4S21	-1.602107848	-4.605170186	-0.37798485	-0.97579591	-0.295474122	-0.305966065	-110.8054187	-0.466233456	465	466	442	431	477	478	255	224	1								
S14S11	-1.156180549	-1.647851371	0.247350414	0.684305964	-0.105434822	-0.25270936	-111.0597701	-0.673689135	364	354	64	63	334	451	256	257	1								
S6S2	-0.402986503	2.097099607	0.01325845	-0.060506849	0.033645021	-0.083028083	-111.1322751	0.095720573	307	74	195	241	158	314	257	142	0.386223842								
S6	0.232870461	-0.935008659	-0.291760673	-0.7654566	0.006589548	-0.088669951	-111.2955665	0.02962999	119	274	405	402	194	319	258	149	1								
S8S15	-1.252275073	0.721034025	0.072139289	0.184130869	-0.076272954	-0.115995116	-111.473545	-0.563834035	382	168	118	127	299	349	259	239	0.728138095								
S17S13	-0.197443314	0.956797517	-0.044927936	-0.211532868	-0.096620678	-0.274384236	-112.6505747	-0.374182662	260	147	287	305	320	466	260	212	1								
S13S15	0.083781018	-4.605170186	-0.113606821	-0.33360563	-0.098137496	-0.098290598	-115.4021164	-0.775350285	153	466	363	341	321	339	261	269	0.921936356								
S12S24	-0.319439182	-0.923286501	0.319464944	0.877728591	0.038369756	-0.157635468	-115.4285714	-1.663955222	292	273	52	53	154	383	262	389	0.768039225								
S15S7	1.136341085	0.197176943	0.525915197	1.363039798	0.25183092	0.254679803	-115.4666667	-0.08066627	76	202	4	7	21	38	263	163	0.002732687								
S11S10	-1.199413995	1.5123604	0.028524264	0.045260526	-0.047237621	-0.075533662	-115.9162562	-0.794993863	373	109	175	179	266	303	264	272	0.311829331								
S17S1	0.064724012	0.547139996	0.337127969	0.94330065	0.078208291	-0.159605911	-115.9770115	-0.684608818	160	184	47	42	120	385	265	259	0.624606356								
S14S22	-1.116286379	-2.624270672	0.252511525	0.732200715	-0.127853929	-0.225123153	-116.1195402	-0.835763235	356	428	63	60	364	439	266	282	1								
S11S26	-0.395410083	-4.605170186	-0.02332483	-0.346635967	-0.01723735	0.010989011	-116.1957672	0.082351382	306	466	253	344	224	224	267	143	0.667746848								
S5S26	-0.107610552	2.346163748	0.305785019	0.812677287	0.025997312	0.162393162	-116.2566138	-0.082776627	242	45	54	56	166	84	268	164	0.109001218								
S14S17	1.198676749	-4.605170186	0.022317409	0.098810543	0.041320186	-0.200985222	-116.462069	-0.185481767	66	466	188	155	151	418	269	182	0.908960312								
S4S4	0.002663876	-4.605170186	-0.390171575	-0.981669741	-0.029370735	0.053694581	-116.5494253	-0.831153541	183	466	448	433	244	171	270	280	1								
S8S21	-1.611373959	-4.605170186	-0.350668403	-0.951583705	-0.117960674	0.050671551	-116.5661376	-1.505434204	467	466	427	424	351	176	271	368	1								
S7S4	1.232107403	1.169883868	0.324287646	0.928659086	0.066583943	0.176792556	-117.3694581	-0.611456008	60	133	51	46	128	73	272	247	0.163182888								
S13S28	-0.473922684	2.464525729	0.406815041	1.134632962	0.057277633	-0.042124542	-117.6322751	-0.656858082	323	31	24	21	135	274.5	273	254	0.172391276								
S7S2	1.461706783	-0.433150003	0.084417642	0.065720498	-0.002051488	-0.054187192	-117.7167488	-0.460844445	23	228	103	166	204	288	274	222	0.229940842								
S3	0.236791547	-1.067825521	-0.35285072	-1.02826844	-0.13205748	-0.116584565	-118.1206897	-0.808984372	118	287	428	444	368	351	275	277	1								
S6S17	-1.407556144	0.954721421	0.02296815	-0.028379604	-0.041459175	-0.024083196	-118.135468	-0.801157702	430	149	187	217	259	259	276	276	0.178121229								
S12S25	-0.430319704	1.756591216	0.484860655	1.229420759	0.152251316	0.128078818	-118.137931	-0.650691959	312	98	9	13	59	105	277	252	0.057629768								
S4S7	-0.074215396	-4.605170186	-0.068313774	-0.044670449	-0.051885976	-0.083743842	-118.3931034	-1.091843715	225	466	322	228	270	315	278	328	0.501769494								
S6S18	0.019514668	0.250822683	0.444436076	1.263990168	0.089150597	0.048166393	-118.4975369	-0.493037604	178	198	15	11	109	180	279	229	0.075895899								
S11S3	-0.394825964	-2.007919776	0.032905944	-0.028740109	0.081684785	0.224053724	-119.6666667	0.172892115	305	384	170	218	116	49	280	131	0.194182183								
S5S23	0.0680932	0.956327555	0.424438229	1.219886155	0.069819961	0.183251232	-119.7310345	-0.800758404	158	148	19	14	125	69	281	275	0.119143699								
S13S6	-1.325950392	-1.112833998	-0.279332801	-0.825318938	-0.180319748	-0.275314724	-120.0369458	-0.78297937	409	292	403	408	414	467	282	271	1								
S14S14	-1.365355805	-1.492736003	0.274060429	0.717522789	-0.065369148	-0.244938821	-120.0731183	-0.584623675	421	337	60	62	286	448.5	283	242	0.999137878								
S5S19	-0.198224005	-4.605170186	-0.033965989	0.006944057	-0.136775497	0	-120.2248677	-0.652607269	262	466	269	199	372	236	284	253	1								
S5S7	-1.351441031	-2.452083898	-0.177933322	-0.608942217	-0.343442071	-0.346153846	-120.6349206	-0.713960698	419	408	389	384	489	484	285	262	1								
S12S12	1.737177684	-0.596368655	0.087682991	0.50638142	0.114828123	0.055241935	-121.8729839	-1.629529015	1	240	101	74	88	169	286	382	0.62033863								
S7S22	-1.135348688	0.208276558	0.127397977	0.14743244	0.051460662	-0.041598248	-121.9187192	-0.760521715	361	201	76	140	139	273	287	266	0.2251918								
S4S18	0.056047198	-1.411651907	-0.389587352	-1.149453386	-0.12124634	-0.077339901	-122.6091954	-0.582607769	168	329	446	462	356	305	288	241	1								
S7S24	-1.74611399	2.502310833	-0.336725189	-1.129920156	-0.17674188	-0.249589491	-123.4064039	-2.327111144	483	24	422	461	409	450	289	440	1								
S13S24	-0.075535168	-1.937682757	-0.051904325	-0.307857073	-0.008066849	-0.037851038	-123.7804233	-1.169997393	228	377	298	334	211	269	290	338	0.600843536								
S12S18	-0.51805293	-2.302673067	0.488184613	1.250628836	0.204575969	0.176245211	-124.1600985	-0.797298469	334	400	8	12	34	74	291	274	0.033011321								
S3S7	0.340819764	2.708106714	-0.392002804	-1.109998373	-0.08019913	0.066963293	-124.7096774	-0.234248476	95	8	449	454	304	156	292	188	1								
S8S19	-1.327970646	-0.520105274	-0.010595023	0.096680336	-0.028158612	-0.046524357	-124.7315271	-1.023389659	411	234	231	156	242	281	293	313	0.378902278								
S23	1.436054879	-1.106083879	-0.417738709	-1.175791182	-0.153766141	0.018226601	-124.7724138	-0.276910431	24	291	460	465	386	219	294	194	1								
S4S3	1.522848571	-1.612166432	-0.044849107	-0.174038069	0.034478373	0.080295567	-126.0597701	-0.660636155	15	352	286	292	157	140	295	256	0.265578728								
S16S23	0.090849734	2.816484883	-0.406521286	-1.049498201	-0.105241172	0.14729064	-127.8068966	-1.089087008	152	6	457	448	333	94	296	325	1								
S9	0.221851311	-0.347534489	0.048846116	0.145594036	0.019761108	-0.117826618	-128.2910053	-1.122433658	122	222	143	141	178	353	297	331	0.779667487								
S17S9	-0.070018065	-4.605170186	-0.294565823	-0.793185222	-0.10989647	-0.325615764	-128.2942529	-0.992643177	223	466	407	406	338	481	298	308	1								
S16S20	-0.08767507	2.253548053	-0.375542978	-0.990078136	-0.11289075	0.046305419	-129.3701149	-0.454468028	237	62	441	434	343	183	299	221	1								
S15S13	-0.992127209	2.506639268	0.03322447	0.220611629	-0.018827973	-0.128571429	-129.7287356	-0.555948332	346	23	167	116	226	358	300	238	0.848319307								
S5S25	-0.963255342	-2.582579589	0.138625373	0.373721524	-0.035289561	0.091575092	-130.0529101	-0.875298929	343	423	75	85	253	132	301	294	0.29968166								
S9S29	-0.026279263	0.614034711	0.050089866	0.065908538	0.0744537	0.063546798	-131.508046	-0.956572505	200	180	142	165	123	162	302	302	0.305705216								
S7S6	0.268409921	0.635104486	0.427580686	1.13502931	0.055757128	0.065681445	-131.8817734	-1.755889737	107	178	17	20	137	158	303	398	0.131295875								
S12S15	1.101404494	-2.611080636	-0.11190104	-0.409425582	-0.021702397	0.208453838	-132.1397849	-0.503630213	77	427	362	361	235	56	304	231	0.906802303								
S11S6	-0.416289166	-4.605170186	-0.003253849	-0.13950466	-0.062470387	0.106732348	-132.2881773	-1.000518707	309	466	222	279	283	120	305	311	0.36460576								
S8S13	-0.466197715	1.705402345	-0.002078404	-0.075362258	-0.052148433	0.054945055	-132.2910053	-0.781793263	321	101	219	250	272	170	306	270	0.330818471								
S17S12	-0.302420857	-1.406108907	-0.271601043	-0.755741356	-0.209560538	-0.387684729	-132.4206897	-1.961973814	288	327	402	399	438	489	307	416	1								
S16S19	-0.083861349	2.407232066	-0.518708091	-1.417099674	-0.222877931	-0.09408867	-133.3057471	-0.765460302	233	37	488	485	445	330.5	308	267	1								
S8S14	-0.376934692	-1.911337961	-0.401896262	-1.175931485	-0.128297332	-0.012210012	-133.531746	-0.419295967	300	373	454	466	366	248.5	309	219	1								
S9S14	-0.008338738	-0.692139845	-0.082375238	-0.393541241	-0.067861363	0.006854839	-133.6310484	-1.248027133	188	253	335	358	291	232	310	346	0.848319307								
S12S28	-0.584042352	-2.087179684	0.308130028	0.817956743	0.054361239	0.13136289	-133.8128079	-0.101121464	340	388	53	55	138	103	311	166	0.109001218								
S14S8	-0.256590895	-2.519201745	0.262918424	0.675224638	-0.022981363	-0.086699507	-134.0390805	-1.300688037	276	416	61	64	236	318	312	354	0.793013834								
S16S24	0.060560887	2.270475297	-0.374993383	-1.013647652	-0.098751151	0.114778325	-134.2321839	0.141017828	162	55	439	440	323	113	313	135	1								
S17S14	-0.257296895	-1.345946056	-0.090242292	-0.367727888	-0.190158274	-0.347783251	-134.9126437	-0.795742008	277	318	341	351	425	485	314	273	1								
S8S9	-1.254501125	0.992566607	0.119081252	0.213277634	-0.040934262	-0.033935413	-135.7832512	-0.957745702	383	141	80	118	257	264	315	303	0.393662924								
S6S28	-1.442353845	-4.605170186	-0.013655773	-0.14665012	-0.158290044	-0.192918193	-136.494709	-0.544981159	439	466	239	282	391	413	316	236	1								
S4S25	-1.503869304	-4.605170186	-0.051199227	-0.279348682	-0.292412923	-0.281882868	-137.9064039	-1.619791583	452	466	295	323	474	470	317	380	1								
S5S11	-1.374100149	-2.766724817	-0.003104637	-0.063334406	-0.173793781	-0.059218559	-139.5026455	-1.29483138	424	431	221	242	405	292	318	352	1								
S8S7	-1.330451128	1.385504689	-0.009766945	-0.281673148	-0.123936908	-0.095785441	-139.5541872	-1.176295262	412	116	230	325	359	337	319	340	0.862636605								
S15S12	0.082935281	1.802758973	0.154449474	0.563652367	0.123352777	-0.09408867	-140.8068966	-0.992248048	154	95	69	72	79	330.5	320	307	0.33226364								
S13S2	-1.445223488	-0.987820094	-0.364076713	-1.284119473	-0.293055949	-0.39408867	-140.9753695	-1.286315688	440	280	434	480	475	490	321	351	1								
S8S4	-1.263455557	-0.166304193	-0.483548449	-1.290108178	-0.118558764	-0.026251526	-141.1269841	-1.283002613	387	214	480	482	352	260	322	349	1								
S9S10	-1.461185933	-2.224257678	0.063564287	-0.07597071	-0.035235282	-0.200492611	-142.1356322	-0.94123566	449	398	128	251	252	417	323	300	1								
S9S20	-0.134181447	0.992543824	0.107314288	0.12803461	0.063143363	-0.079310345	-142.5655172	-1.502975228	249	142	88	146	130	307	324	367	0.984594889								
S14S25	-0.059899235	-0.800008818	-0.027284408	0.039689709	-0.188480415	-0.048462567	-143.4349376	-1.637807742	219	261	259	181	423	284	325	385	1								
S11S29	-0.451524849	-1.84498948	-0.010855264	-0.351338309	-0.134485782	-0.092796093	-143.994709	-0.307838746	317	367	232	346	369	328	326	200	1								
S7S17	1.570709947	-4.605170186	-0.24354353	-0.636670094	-0.122318428	-0.092185592	-144.047619	-1.207109637	13	466	398	394	358	327	327	341	1								
S14S20	-1.322307716	1.658784089	0.27743311	0.780237284	-0.069336192	-0.259176863	-144.0903226	-1.067923964	407	102	59	57	293	454	328	320	0.920220515								
S10S11	-1.838748947	-1.659701098	-0.475742014	-1.188975678	-0.174514508	-0.094104561	-144.6236559	-0.837747703	491	356	479	470	406	332	329	283	1								
S6S9	0.256571429	1.751523742	0.091036868	0.339370273	0.101448985	0.107827039	-144.8891626	-0.835102512	111	99	99	89	101	119	330	281	0.19517107								
S16S26	-0.014856082	2.557569256	-0.345805386	-0.945104349	-0.128087307	0.051231527	-145.5931034	-1.401675761	191	19	424	422	365	174	331	361	1								
S17S11	-1.269252232	-1.354515663	-0.04682831	-0.238684906	-0.273441462	-0.350246305	-146.2528736	-1.373290742	389	320	292	310	466	487	332	359	1								
S14S16	-0.026470032	-1.67288969	-0.370652886	-0.96207949	-0.054260934	-0.261083744	-146.7011494	-0.589337855	201	357	437	427	273	457	333	244	1								
S8S10	-0.266157185	0.079396822	0.02763432	0.003240844	-0.04197138	0.033388068	-146.9162562	-0.871115978	280	207	180	202	260	207	334	292	0.559422581								
S9S9	-0.111090278	-2.206989117	0.030114502	-0.084768919	-0.001052061	-0.133004926	-147.4137931	-2.001309951	244	397	174	255	202	362	335	420	1								
S5S10	-1.302505	-2.63288157	-0.038092239	0.002780897	-0.024466467	-0.156288156	-148.2169312	-1.038598537	400	429	277	203	238	380.5	336	315	1								
S11S18	-1.271132601	1.264571862	0.02487595	-0.153995436	-0.143299906	-0.147235906	-148.5418719	-1.480998682	390	122	184	286	376	371	337	366	1								
S8S12	-1.191657272	-2.537026152	0.027405674	0.024732531	-0.143210384	-0.15018315	-148.6216931	-0.861779189	371	420	181	193	375	372	338	290	1								
S16S28	0.07703745	2.255115566	-0.362809075	-0.964325477	-0.109932197	0.059605911	-148.6413793	-0.997507169	156	61	433	428	339	166	339	310	1								
S9S18	-0.302089111	1.228206693	0.048115386	0.018357249	0.023048382	-0.191625616	-148.9264368	-1.142958746	287	126	145	196	171	411	340	335	1								
S15S19	-1.337707054	1.651380045	0.08358021	0.130748407	-0.086060491	-0.208453838	-149.3526882	-1.215968841	415	103	104	144	309	423	341	343	1								
S17S2	-0.128774505	0.532798972	-0.037472137	-0.272431628	-0.142865923	-0.212013348	-149.5870968	-1.580428062	248	186	276	321	374	425	342	376	1								
S15S25	-0.050683905	-4.605170186	-0.028955457	-0.190278453	-0.01099616	-0.033004926	-149.7471264	-0.871336814	214	466	264	298	214	263	343	293	0.656184416								
S8S27	-1.291013781	-1.40759298	-0.380215292	-1.000592147	-0.030839281	0.01953602	-153.1190476	-1.114598562	395	328	443	438	247	217.5	344	330	1								
S4S14	-1.834603659	-1.837704107	-0.405256912	-1.064203916	-0.178262468	-0.262178435	-153.1600985	-1.434299834	490	366	455	449	412	458	345	363	1								
S13S7	-0.020644806	-4.605170186	0.059998348	-0.00352029	0.086920417	0.04029304	-153.8253968	-1.078417665	196	466	132	205	112	190.5	346	323	0.691381547								
S12S1	-0.039667548	0.156393126	0.500654408	1.291242057	0.193999948	0.191570881	-154.3916256	-0.767791949	208	204	7	10	40	64	347	268	0.020074355								
S10S3	-1.203541455	1.245212163	0.293345712	0.888224183	-0.005711594	-0.214682981	-154.4043011	-2.148603926	374	123	56	52	208	429	348	429	0.843128673								
S11S23	-1.255755194	-2.341366793	-0.052100053	-0.37691995	-0.17360859	0.048768473	-154.8298851	-1.365925886	384	402	300	355	404	179	349	358	1								
S10S8	-1.88943879	-0.297862396	-0.175956492	-0.591062736	-0.280157057	-0.130241935	-154.9274194	-1.600776953	495	217	388	383	469	359	350	378	1								
S8S23	-1.516948352	-1.125836306	-0.432396603	-1.171162483	-0.119926884	-0.095848596	-154.9867725	-0.927062676	454	296	467	463	353	338	351	298	1								
S12S26	-1.257638627	0.244843877	0.421138845	1.044709911	0.087528573	0.092501368	-155.1305419	-0.839281018	385	199	21	31	110	130.5	352	284	0.26962745								
S4S17	-0.045062956	-0.753780243	-0.433875125	-0.99916071	-0.099354454	-0.24137931	-155.2807882	-1.571390839	213	257	468	436	325	447	353	375	1								
S5S15	-1.185542359	-2.516093926	0.094098926	0.045613849	-0.064640506	0.033935413	-155.679803	-0.858654692	369	415	97	178	285	206	354	287	0.793013834								
S11S4	-0.480696798	-4.605170186	0.039749385	-0.122754104	-0.013541071	0.038861522	-156.137931	-0.959957599	325	466	156	272	218	194	355	304	0.806550026								
S14S29	0.193560326	0.876934723	-0.025733592	-0.179815323	-0.025621456	-0.102016129	-157.078629	-1.822220515	129	159	258	294	239	340	356	403	1								
S11S11	-1.323920577	1.549378975	0.028004334	0.036234986	-0.117088199	-0.14559387	-158.1748768	-0.846355235	408	107	177	185	350	370	357	285	1								
S11S8	-0.321179574	-1.776226852	-0.007240894	-0.086947793	0.009899166	0.153235653	-158.6216931	-1.300084696	293	361	227	256	192	88.5	358	353	0.848319307								
S15S21	-0.063253857	-1.277770575	-0.080647391	-0.459693036	-0.135501022	-0.078531702	-159.0043011	-1.345416081	221	309	332	365	371	306	359	356	1								
S16S22	0.054706431	2.055480123	-0.389148896	-1.066352562	-0.113435472	0.114285714	-159.7954023	-0.430524466	169	79	445	450	345	115	360	220	1								
S9S1	-0.324440513	0.393295275	0.07122447	-0.018351352	-0.007645782	0.058467742	-159.8125	-1.284669265	294	192	120	212	210	168	361	350	0.891875847								
S8S1	-1.295033393	-0.162721351	-0.08535457	-0.364690203	-0.187591976	-0.090964591	-160.5343915	-0.887098368	397	213	337	350	420	325	362	295	1								
S13S21	-1.458629763	0.909162972	-0.0350611	-0.182362999	-0.066935595	-0.137973138	-160.5846561	-1.840989803	446	153	272	295	287	366	363	405	1								
S8S18	-1.047749622	-4.605170186	-0.326147148	-0.826951109	-0.04123492	0.008547009	-161.2022792	-1.172780485	350	466	416	409	258	229	364	339	1								
S14S30	0.137058712	-1.115186938	-0.362063852	-1.00036095	-0.200986952	-0.226108374	-161.9747126	-1.694603245	143	293	431	437	432	440	365	393	1								
S11S27	-1.313824798	-2.320862138	-0.091551486	-0.519354469	-0.241696969	-0.21893815	-163.179803	-1.096254492	403	401	342	376	460	433	366	329	1								
S5S3	-1.427063522	-2.71508602	-0.092844285	-0.377227457	-0.239637481	-0.301587302	-163.4179894	-1.054550308	437	430	344	356	458	477	367	318	1								
S11S13	-0.354624521	-2.070991608	-0.029418017	-0.278291433	-0.165295029	0.06453202	-165.262069	-2.451268041	297	387	265	322	398	160	368	449	1								
S15S24	-1.345442455	1.536054263	0.04487393	0.050311071	-0.051208984	-0.164849833	-165.8709677	-2.333797238	417	108	149	175	268	389	369	441	1								
S4S2	-1.297097352	-1.993429715	-0.423756691	-1.11762496	-0.187549329	-0.169458128	-165.9241379	-1.130225925	398	380	462	456	419	394	370	332	1								
S9S25	0.00139457	-0.374364601	-0.116454833	-0.497577696	-0.091170516	0.078531702	-166.2774194	-2.482513717	184	224	367	372	313	143	371	452	1								
S13S25	-1.370959915	-0.970600524	-0.393716094	-1.11456619	-0.385358877	-0.333004926	-166.9034483	-1.461298744	423	278	451	455	494	482	372	364	1								
S8S6	-1.412014334	-0.037715881	-0.495969763	-1.216964512	-0.311744107	-0.255189255	-167.5449735	-1.642149307	432	211	484	473	486	452	373	386	1								
S11S2	-1.275154263	-1.506335141	-0.109339067	-0.527755874	-0.18870803	-0.007936508	-167.6349206	-1.595622699	391	338	359	377	424	242	374	377	1								
S17S10	-0.246738725	-1.02395868	-0.304637945	-0.88501249	-0.298244228	-0.399014778	-169.1655172	-1.880092969	273	282	409	417	479	491	375	409	1								
S11S20	-0.533723234	-1.585081484	-0.366099868	-1.123169406	-0.156137313	-0.094627595	-169.2037037	-2.173783141	337	348	436	458	389	333.5	376	433	1								
S4S28	-0.084824387	-0.650639575	-0.397366535	-1.031183166	-0.177190443	-0.266557198	-169.9359606	-1.643847886	234	250	453	445	410	462	377	387	1								
S5S13	-1.131195566	-2.508682826	0.10799461	0.15549968	-0.067313244	0.038314176	-170.0812808	-2.439084363	358	414	87	137	289	195	378	448	1								
S10S1	-1.789865872	-2.112014595	-0.173268299	-0.616158779	-0.233446157	-0.204449388	-170.088172	-1.376914141	488	390	387	387	454	420	379	360	1								
S7S5	-1.441390887	0.439582368	0.012862988	-0.052403932	-0.120415789	-0.217296114	-170.2192118	-3.446604299	438	190	196	236	354	432	380	485	1								
S13S10	-1.39225819	0.142538548	0.095662563	0.05442368	-0.02166408	-0.094627595	-170.5714286	-2.617421221	427	206	94	172	234	333.5	381	457	1								
S8S3	-1.286682353	1.026248826	-0.003480815	-0.108458113	-0.111753421	-0.112942613	-170.9417989	-1.936016667	394	138	223	267	340	346	382	414	1								
S9S5	-1.31696805	-1.861025151	0.062024617	-0.013937485	-0.077466669	-0.057142857	-172.0436782	-1.078321519	405	369	130	209	301	289.5	383	322	1								
S7S7	-1.365450472	1.007509696	0.075112817	-0.032989508	-0.051961832	-0.227695676	-172.3669951	-2.475183113	422	139	112	222	271	441	384	451	1								
S8S20	-1.531465233	-1.308254514	-0.062082253	0.058694783	-0.014691969	0.148034188	-172.4757835	-1.2373697	458	314	312	169	221	93	385	345	1								
S11S25	-1.24647092	1.068251849	-0.095072375	-0.493722844	-0.165072331	-0.042364532	-173.3471264	-2.079021523	380	136	347	371	396	276	386	424	1								
S16S14	-1.458486073	-0.119010439	-0.05954118	-0.246010703	-0.060626748	0.023359288	-174.5311828	-3.307320969	445	212	308	312	282	212	387	481	1								
S5S28	-1.392120521	-2.469885757	0.017626888	-0.177243665	-0.125794039	-0.008210181	-174.6157635	-0.919400346	426	409	191	293	361	243	388	297	1								
S10S6	-0.1912711	-2.127555241	-0.568815408	-1.445489129	-0.236313869	-0.074972191	-174.9548387	-1.686769311	257	391	493	487	455	302	389	391	1								
S7	0.119309414	-0.948136229	-0.407842617	-1.07413711	-0.138329513	-0.095566502	-175.0965517	-1.740404374	146	275	458	451	373	336	390	396	1								
S9S13	-0.092801628	0.910979856	0.036200467	0.084715156	-0.037104314	-0.116129032	-175.1189516	-2.763630106	239	152	162	160	255	350	391	466	1								
S11S16	-1.293357703	1.586271925	-0.039106803	-0.291896757	-0.159805266	-0.211275315	-176.1847291	-0.991930063	396	106	278	327	392	424	392	306	1								
S9S19	-0.013852733	0.713706974	0.110325993	0.106343232	0.030919776	-0.082091212	-176.4516129	-1.534002218	190	171	84	153	163	313	393	371	1								
S7S16	-1.529941554	2.022431418	0.011151447	0.079703681	-0.113587894	-0.214285714	-176.5449735	-2.402446704	456	81	199	163	346	428	394	445	1								
S5	-0.039594097	-0.629752397	-0.45690201	-1.305948712	-0.2880285	-0.230979748	-177.0098522	-1.668120835	207	249	475	484	470	443	395	390	1								
S17S4	-0.017605634	0.907139131	0.083372765	0.051922963	0.019302372	-0.09054505	-177.0322581	-1.637700045	193	154	105	173	179	324	396	384	1								
S5S18	0.034733416	-2.446865072	0.014676166	-0.094325427	-0.049486736	0.068418172	-177.0960591	-1.513602829	173	407	194	261	267	152	397	369	1								
S10S9	-0.083597096	1.2431412	-0.019549845	-0.357491563	-0.166163874	-0.155241935	-177.1653226	-2.712124659	232	124	247	347	399	379	398	465	1								
S11S30	-0.290443943	-1.318259092	-0.09992096	-0.35808058	-0.103415497	0.092501368	-178.5147783	-2.245615749	284	315	354	348	330	130.5	399	437	1								
S13S3	-1.282536908	-2.408372143	-0.389964295	-1.025694697	-0.225933081	-0.222769568	-179.0492611	-1.762524765	392	406	447	441	446	438	400	399	1								
S16S25	-0.010887772	2.315175686	-0.302432815	-0.852875948	-0.086049639	0.118226601	-179.5655172	-1.321268659	189	47	408	412	308	112	401	355	1								
S13S18	-1.226849592	-1.360993071	-0.078413931	-0.413979446	-0.145234371	-0.151614669	-179.8374384	-1.998659288	376	323	330	362	380	374	402	419	1								
S7S30	-0.341298784	-4.605170186	-0.063579201	-0.198316049	-0.094656237	-0.07997558	-180.0529101	-1.853284523	296	466	316	302	319	309	403	406	1								
S13S13	-1.459041881	-4.605170186	-0.017969275	-0.081689152	-0.112069547	-0.172161172	-180.6507937	-1.136307083	447	466	245	253	341	397	404	334	1								
S13S14	-1.646503939	0.638124502	0.008198712	-0.271985353	-0.143471096	-0.145046524	-180.9679803	-2.234144225	473	177	203	320	377	369	405	436	1								
S9S21	-0.085510469	0.915013158	0.059829924	-0.040827226	-0.057390074	-0.02983871	-181.4133065	-1.135657518	236	151	133	225	275	262	406	333	1								
S15S15	-0.309630879	2.165289036	0.354707348	0.925051932	0.000453663	-0.157142857	-181.9034483	-1.687460345	290	70	41	47	198	382	407	392	0.624606356								
S10S26	-1.567088374	-0.805153115	-0.099273991	-0.616065172	-0.24652718	-0.291422287	-182.0643939	-2.170248488	461	262	352	386	463	473	408	432	1								
S9S30	-0.024471635	0.528326095	-0.00038671	-0.145020995	0.016515462	0.086095662	-182.888172	-1.072958083	197	187	214	281	181	137	409	321	1								
S14S28	-1.652518393	-4.605170186	-0.462518963	-1.125205983	-0.370205549	-0.424137931	-183.4689655	-2.318910962	475	466	476	460	493	494	410	439	1								
S10S22	-1.28614615	-0.612778183	-0.348980347	-0.914206983	-0.23308765	-0.168409344	-183.6129032	-1.543462295	393	245	426	420	452	393	411	372	1								
S4S30	-0.053055424	-0.374103308	-0.431561176	-1.085168722	-0.181661018	-0.220032841	-183.9064039	-1.986991642	216	223	466	452	415	435	412	417	1								
S5S20	-1.195458001	-2.000799243	0.004582605	-0.054283141	-0.084125283	0.074438971	-184.6403941	-1.147396855	372	382	208	237	307	145	413	337	1								
S5S17	-1.240965762	-2.531627467	-0.046403419	-0.306322453	-0.120749487	0.009304871	-185.9285714	-1.274127617	378	419	289	333	355	228	414	348	1								
S16S10	-1.415234715	1.271401388	-0.080788744	-0.368675888	-0.211350355	0.015395894	-186.3106061	-2.904479293	433	121	334	352	439	222	415	471	1								
S14S24	-0.480736544	-1.777832284	-0.101975682	-0.371695738	-0.197598025	-0.265024631	-187.4137931	-3.770999231	326	362	356	353	430	461	416	487	1								
S15S18	-0.056367726	-1.421400367	-0.420644267	-1.186407462	-0.164490634	-0.091133005	-187.491954	-0.955873709	217	332	461	467	394	326	417	301	1								
S10S2	-1.742671162	0.641940369	-0.095470877	-0.563104383	-0.206327619	-0.017741935	-187.6592742	-1.994976515	482	176	348	381	435	255	418	418	1								
S11S24	-1.258309859	-1.50935828	-0.116863659	-0.460109239	-0.113870783	0.039956212	-188.4310345	-1.629187967	386	339	368	366	347	192	419	381	1								
S12S27	-0.46169126	0.714848762	0.051070608	-0.048511339	-0.067241671	-0.205801861	-189.4408867	-2.568220784	320	170	141	230	288	421	420	455	1								
S10S27	-1.57137574	1.294296808	-0.093763802	-0.35831097	-0.245542541	-0.289222874	-189.6590909	-2.375807023	463	119	345	349	461	472	421	443	1								
S7S18	-1.364742176	0.828944685	0.014993794	-0.048566051	-0.147598537	-0.277504105	-190.1773399	-1.8800115	420	160	192	231	381	469	422	408	1								
S13S1	-0.422472346	-2.141637367	-0.413690457	-1.124570205	-0.205880228	-0.229885057	-190.6896552	-2.43012399	310	392	459	459	434	442	423	447	1								
S7S25	0.208144796	2.908620731	-0.346463463	-1.032092161	-0.115535928	-0.093048714	-190.955665	-1.634873627	124	4	425	446	349	329	424	383	1								
S16S8	-1.461029344	1.36300682	-0.127959583	-0.488150018	-0.115354396	-0.022580645	-191.2862903	-1.66120288	448	118	374	369	348	257	425	388	1								
S16S29	0.041445469	2.31555008	-0.375370685	-1.027103018	-0.104598185	0.15270936	-191.4505747	-1.531798972	171	46	440	443	332	90	426	370	1								
S8S29	-1.399943498	-0.308134547	-0.317138045	-0.857668977	-0.037636724	-0.089133089	-191.8730159	-1.091196182	428	218	414	413	256	321	427	327	1								
S11S12	-0.409045195	-2.107511635	-0.039187142	-0.255748587	-0.16079906	0.03667214	-192.5862069	-2.017803337	308	389	279	314	393	199	428	422	1								
S11S15	-0.507565078	1.221212427	0.023868606	-0.138892313	-0.014151185	0.007936508	-192.6322751	-1.090986551	332	127	186	278	220	230	429	326	1								
S5S1	-1.423365284	-2.605450574	-0.100608832	-0.380485869	-0.351792071	-0.478021978	-193.0952381	-2.709272269	436	426	355	357	490	496	430	464	1								
S14S19	-1.315193813	-1.939176286	-0.441298968	-1.188550362	-0.213985209	-0.081280788	-194.7333333	-1.474845247	404	378	469	469	440	311.5	431	365	1								
S11S7	0.081591009	-4.605170186	-0.36496241	-0.894131148	-0.233272999	-0.027472527	-195.005291	-1.55586813	155	466	435	418	453	261	432	373	1								
S15S1	-1.345936812	-2.364693053	-0.034953808	-0.425205968	-0.165013895	-0.260098522	-195.0505747	-1.744875411	418	404	271	364	395	456	433	397	1								
S11S28	-1.341266867	1.449912008	-0.040327055	-0.351275578	-0.153181258	-0.19759168	-196.9901478	-1.912686479	416	112	280	345	385	414	434	412	1								
S4S19	-1.784283807	-1.367873519	-0.582177482	-1.508214072	-0.305182866	-0.349753695	-197.4022989	-1.951746066	486	324	494	489	482	486	435	415	1								
S11S19	-0.578497653	-1.576149832	-0.170069039	-0.651009217	-0.198618345	-0.00711549	-198.3719212	-4.107779999	339	347	385	396	431	240	436	491	1								
S4S27	-0.092304776	-0.623959892	-0.473197095	-1.26399275	-0.251021256	-0.411056377	-199.0985222	-1.801090132	238	246	477	478	464	492	437	402	1								
S8S5	-1.311105882	-2.171424013	-0.027727867	-0.112254674	-0.179014	-0.143404488	-199.7807882	-2.506170944	402	396	261	269	413	367	438	454	1								
S17S23	-0.016796585	-0.485672858	-0.062476738	-0.299978373	-0.094601555	-0.157730812	-200.0817204	-1.863477245	192	229	315	330	318	384	439	407	1								
S4S20	-0.179579149	-4.605170186	-0.60779153	-1.5929519	-0.274743835	-0.198522167	-200.4804598	-2.22772755	256	466	496	494	467	415	440	435	1								
S10S4	-1.920329157	-0.308641925	-0.560726109	-1.573320833	-0.305650079	-0.143951613	-201.8830645	-3.322150873	496	219	492	492	483	368	441	482	1								
S4S10	-1.666745768	-1.271265175	-0.527608023	-1.595739429	-0.192164741	-0.166995074	-201.9195402	-2.098026981	476	308	489	495	428	392	442	427	1								
S9S24	-0.233530718	0.956826155	0.020912004	-0.079723374	-0.034601799	-0.220022247	-202.4258065	-2.48597395	269	146	189	252	251	434	443	453	1								
S11S17	-0.483314515	-1.8852211	-0.022124713	-0.100475605	-0.125099495	-0.000547345	-202.953202	-2.166284562	327	372	251	264	360	237	444	431	1								
S14S9	-0.002994572	0.811640003	0.033043081	-0.242220016	-0.126809296	0.11473607	-203.9375	-2.112466219	187	162	168	311	362	114	445	428	1								
S17S7	-0.044664324	-0.514021739	-0.113828005	-0.50748472	-0.226932389	-0.079802956	-204.2252874	-1.72815964	212	232	364	375	447	308	446	395	1								
S22	-0.084906529	-1.26830705	-0.024868206	-0.172434344	-0.100193086	0.041055718	-204.2518939	-2.676737658	235	307	256	291	327	189	447	461	1								
S10S13	-1.855084666	-2.054787831	-0.13295754	-0.491049263	-0.229372067	-0.295661846	-205.9569892	-2.005260662	494	386	377	370	448	475	448	421	1								
S7S26	-1.407877041	-1.772286494	-0.310863274	-0.905758649	-0.165151051	-0.236263736	-206.8121693	-2.27383257	431	360	411	419	397	445	449	438	1								
S13S12	-1.454560208	0.36650688	0.005607059	-0.051500528	-0.149205978	-0.18986569	-207.1851852	-2.458915092	443	195	206	235	383	409	450	450	1								
S4S16	1.722612493	-0.660467692	-0.493588498	-1.26016983	-0.208147673	-0.207443897	-207.679803	-1.933603622	2	252	483	477	436	422	451	413	1								
S3S28	-1.602942563	1.210464214	-0.125024798	-0.535778636	-0.232302838	-0.049193548	-207.8447581	-2.418547168	466	128	373	378	451	285	452	446	1								
S9S22	-0.035644486	0.676043481	0.001070901	-0.212289296	-0.019369367	-0.106854839	-208.0866935	-2.83157334	205	172	213	306	228	342	453	467	1								
S7S21	-1.737192719	0.786427214	-0.005250103	0.002406454	-0.057816709	-0.187192118	-209.362069	-1.83161649	481	164	225	204	277	407	454	404	1								
S4S22	0.187733231	-4.605170186	-0.489781852	-1.2493563	-0.215367754	-0.26453202	-212.0045977	-1.72173156	130	466	482	476	441	460	455	394	1								
S8S28	-1.405873494	-1.074431299	-0.558276721	-1.525000165	-0.327325867	-0.184455391	-213.9975369	-3.193493997	429	288	491	490	488	406	456	478	1								
S9S16	-0.031903089	0.555953122	0.047406206	-0.00553762	-0.036568806	-0.044716352	-214.4666667	-1.783872995	203	183	146	206	254	278	457	401	1								
S9S15	-0.044503579	-0.854940205	-0.029544681	-0.312413116	-0.191185885	-0.171428571	-214.6206897	-2.04502946	211	267	266	336	426	396	458	423	1								
S17S6	0.163573627	-0.515859634	0.028478451	-0.266177903	-0.102608488	-0.177419355	-214.9879032	-2.629516925	138	233	176	318	328	401	459	458	1								
S16S13	-1.670260176	-0.547037023	-0.507163696	-1.697294006	-0.30885671	-0.191991101	-217.4774194	-2.377643742	477	237	486	496	485	412	460	444	1								
S9S27	-0.025362319	0.192294978	0.104795672	-0.056234578	0.014015996	-0.11773399	-218.1195402	-2.093070806	198	203	89	238	189	352	461	425	1								
S9S23	-0.074603322	0.799059105	0.097121676	-0.193310032	-0.042097198	-0.043951613	-219.0866935	-2.895964738	226	163	92	300	261	277	462	470	1								
S15S9	-1.306879546	-1.330846268	-0.099660549	-0.330870916	-0.272018378	-0.257635468	-219.5172414	-1.352975862	401	317	353	340	465	453	463	357	1								
S16S17	-1.8461547	-0.583656186	-0.119983298	-0.498369557	-0.246395326	-0.04646752	-223.2446657	-2.360102563	492	239	370	373	462	280	464	442	1								
S1	0.143392107	1.974751651	-0.183338902	-0.545020983	-0.23951021	-0.236453202	-224.1517241	-1.608171917	142	84	390	380	457	446	465	379	1								
S16S7	-1.646891088	-1.04542414	-0.102437222	-0.478643413	-0.217785072	-0.010630499	-224.9469697	-3.327237825	474	286	357	368	443	246	466	483	1								
S16S30	-0.041794657	-2.155340525	-0.425659343	-1.221902548	-0.166447927	0.084729064	-225.7402299	-4.148392793	209	394	463	474	400	138	467	492	1								
S10S12	-1.853735499	-0.324497451	-0.443073344	-1.216520615	-0.299345422	-0.291657397	-225.7935484	-2.658644408	493	220	470	472	480	474	468	460	1								
S18	-0.308322736	-2.473757746	-0.39340162	-0.992220643	-0.361039487	-0.415750916	-226.3095238	-2.575073767	289	410	450	435	492	493	469	456	1								
S8S2	-1.151952941	2.241947047	-0.536613555	-1.531274651	-0.355731768	-0.273504274	-228.7830688	-1.779414555	363	63	490	491	491	465	470	400	1								
S10S29	-1.787091366	-1.699844271	-0.224927869	-0.704525001	-0.289480749	-0.108870968	-233.1653226	-1.889000182	487	358	395	398	471	344	471	410	1								
S10S10	-1.781396219	-0.538856684	-0.447006348	-1.117791616	-0.191538812	-0.183092325	-237.5333333	-3.961814626	485	235	471	457	427	405	472	490	1								
S10S16	-1.484618219	-0.862608402	-0.166432608	-0.506914182	-0.275729574	-0.306451613	-237.8971774	-2.700726878	450	268	384	374	468	479	473	463	1								
S16S9	-1.56730888	1.282784545	-0.172770221	-0.620444879	-0.177512055	-0.013929619	-238.7594697	-2.849009108	462	120	386	388	411	252	474	469	1								
S11S21	-0.489984012	-1.440502004	-0.02885639	-0.222113222	-0.112334289	0.03667214	-240.544335	-2.096790562	329	334	263	307	342	199	475	426	1								
S11S5	-1.618135736	1.07140019	-0.031653757	-0.375480078	-0.231481159	-0.212370005	-244.58867	-2.699122267	468	135	268	354	450	426	476	462	1								
S15S17	-1.186729118	-1.596931637	-0.500571159	-1.425528043	-0.307762203	-0.203448276	-248.7034483	-1.905116194	370	349	485	486	484	419	477	411	1								
S10S30	-0.220289055	-0.573852964	-0.09455626	-0.543395879	-0.323236072	-0.163330787	-251.4033613	-6.784944354	265	238	346	379	487	387	478	496	1								
S8S11	-1.449366495	0.901871841	-0.020307573	-0.146738549	-0.12902117	-0.154898741	-251.5123153	-3.271920338	441	156	248	283	367	378	479	480	1								
S5S6	-0.383564244	-2.529859411	-0.009334331	-0.187378281	-0.168008117	-0.266788767	-251.7777778	-5.225734174	302	418	229	297	402	463	480	495	1								
S10S28	-1.768851697	0.670122989	-0.137064062	-0.626299408	-0.291704044	-0.124665775	-252.684492	-3.167231563	484	174	381	390	473	356	481	477	1								
S8S24	-1.64555587	-0.979244466	-0.593706004	-1.576593217	-0.300052688	-0.061576355	-254.0206897	-2.165796795	472	279	495	493	481	293	482	430	1								
S9S17	-0.028798963	0.433352697	0.055210277	-0.029724269	-0.06748363	0.089112903	-254.7479839	-3.081411276	202	191	136	219	290	135	483	475	1								
S8S25	-1.111058646	-1.917461773	-0.091881122	-0.400272159	-0.293912774	-0.283272283	-254.8068783	-3.151397942	354	374	343	360	476	471	484	476	1								
S8S22	-1.449394627	-1.4158983	-0.080618382	-0.422754532	-0.145160654	-0.150793651	-255.4259259	-2.84630388	442	330	331	363	379	373	485	468	1								
S12S30	-0.475507315	0.046665266	0.111792861	0.080520562	-0.098946129	-0.220580186	-260.0073892	-3.863611746	324	209	82	162	324	436	486	489	1								
S8S30	-1.208470279	-1.417415044	-0.474054866	-1.188210253	-0.217406516	-0.198686371	-260.0221675	-2.956922887	375	331	478	468	442	416	487	472	1								
S5S5	-1.55113852	-2.52125977	-0.356615952	-0.970444191	-0.297788148	-0.362637363	-264.9100529	-2.987034533	460	417	429	429	478	488	488	473	1								
S7S23	0.354360996	-1.830354289	-0.451740897	-1.213196634	-0.187724936	-0.26007326	-265.2671958	-3.368594073	92	365	472	471	421	455	489	484	1								
S15S8	-0.43552209	-1.191561978	-0.158642733	-0.628327731	-0.182099873	-0.06453202	-268.0068966	-3.266758721	315	299	383	391	416	296	490	479	1								
S15S29	-0.247574627	-1.705040128	-0.428184697	-1.173062066	-0.18626111	-0.17635468	-275.262069	-2.652376913	274	359	464	464	418	400	491	459	1								
S2S29	0.242700903	1.182729607	-0.115765751	-0.624359687	-0.219850838	-0.095439377	-294.2172043	-3.640755693	114	130	366	389	444	335	492	486	1								
S5S4	-1.625307358	-2.559185769	-0.509873177	-1.470095177	-0.467972147	-0.446886447	-302.515873	-3.816946743	471	421	487	488	496	495	493	488	1								
S17S5	-1.530695266	1.399749674	-0.234416334	-0.635880782	-0.397094459	-0.216462736	-328.9655914	-3.077940382	457	113	396	393	495	431	494	474	1								
S2S30	-1.550175638	0.5726985	-0.02170473	-0.185723136	-0.203020731	-0.130541872	-330.6482759	-5.116686886	459	182	250	296	433	360	495	493	1								
S17S8	-0.156357548	1.501999252	-0.215542006	-0.698424627	-0.289565385	-0.276529477	-334.6645161	-5.118474522	254	111	392	397	472	468	496	494	1								
