	SScmap	SSfisher	SSlincs	SSlincs_Norm	SSpearson_corr	SSspearman_corr	SSzhang	SSzhang_Norm
S1.txt	-0.118790931989924	-2.730021705951273	0.06890756098048725	-0.07749732737618054	-0.07360264086632635	-0.20633286308138013	-154.1096096096096	-0.5555274583152257

S10.txt	1.4418204013645	-2.6601021870859762	0.15007735508603334	0.020622295864192952	0.13136959692747185	0.09035912032634363	-109.48648648648648	0.4424061553604843

S10S1.txt	-0.227272727272727	-0.21041733017340208	-0.5711703919351654	-1.3223754011678677	-0.04669486905561922	0.07638432963224867	-168.79352226720647	-1.2425369527486023

S10S10.txt	-1.43374508702976	-2.106486454967561	-0.5335408907806	-1.3513194564845579	-0.1858706132001795	-0.20321733542562434	-282.58434547908234	-5.260354781867489

S10S11.txt	-1.29993445079127	-1.9084894496639029	-0.5590400349280348	-1.344295967799341	-0.20382055192415843	-0.06839571063059516	-152.51686909581647	-0.7903136307353514

S10S12.txt	-0.045661252900232	-2.4892734897723776	0.09432564372753702	-0.15653757826226655	-0.025010912115418404	-0.0511052749831807	-187.05668016194332	-2.0567000271779

S10S13.txt	-0.111142295818131	-2.0447498516408533	-0.6975689413952508	-1.5906613132374083	-0.06075677995006157	-0.001750930192143236	-165.83535762483132	-1.6348611618439723

S10S14.txt	0.193578236328306	0.4719520004820663	0.6034375832791805	1.332946089442565	0.21267987752913775	0.16250820845829408	-97.16059379217273	0.5258565736921964

S10S15.txt	0.0909240415253366	0.37652665896904586	0.600690094655412	1.3660510369186984	0.19397987981178816	0.15594222023775695	-79.17678812415654	0.37858708655911955

S10S16.txt	0.112707623345921	0.831607846008942	0.23188437584628155	0.03885272334342582	0.1639450042105745	0.25169621512059015	-173.7098515519568	-0.9730774122460664

S10S17.txt	0.191668206170331	0.3497797732986682	0.5742724050029248	1.3650134184021203	0.2014619130790553	0.15200262730543465	-97.49662618083671	0.9672504147997518

S10S18.txt	0.190590405904059	0.3377103365325391	0.46401515259847087	1.1237353782690778	0.2205935775300979	0.26253009568447644	-121.73819163292848	-0.29665892292216106

S10S19.txt	0.21951667738675	0.3228412790071007	0.5534759266248008	1.3324501366901085	0.23552937379370315	0.21109652129026887	-129.8502024291498	-0.2687214985997334

S10S2.txt	0.151977771533827	-2.3837681152379715	0.4150745716751823	0.8864031646815989	-0.012132312163362897	-0.12267454658703547	-84.64642375168691	0.49387188593404713

S10S20.txt	-0.0802269956874918	0.19300537382322297	0.5784763410527265	1.3421031433664117	0.14590142083468852	0.0967388931159138	-72.91497975708502	1.841403039799156

S10S21.txt	-0.0187635585988506	0.301442447390279	0.4426416144354908	0.9511805232244342	0.12983935466610785	0.12177345947598424	-103.93461538461538	0.43865112883383345

S10S22.txt	0.0173301005636887	0.5812501492715136	0.1791433905861362	0.0850387638786273	0.058986690181174424	0.148938499469184	-195.60998650472334	-0.7589068860722971

S10S23.txt	-0.0751923668821175	0.36873383797698644	0.49614037566304114	1.1599923490416244	0.14935787616324547	0.19139855662865748	-123.66531713900135	0.32289357930594975

S10S24.txt	-0.0799765952204976	0.05614586955753827	0.5765236815157457	1.237462771276429	0.16113257314629598	0.09225213449854675	-79.58164642375169	1.422461048481654

S10S25.txt	0.125311663126789	0.2917576242371137	0.47738371446127914	1.2237241494046094	0.18759389305837443	0.20704749522093766	-143.92847503373818	-0.18031303829176337

S10S26.txt	0.137972111921692	-0.5980386813410687	-0.03285049666576412	0.0893242132481557	0.06768967215450362	0.16256706227633475	-118.84358974358975	-2.5711703259524628

S10S27.txt	0.0773134451019067	0.7722557506190876	-0.03348079167158227	0.15300233253495626	0.07060808441077761	0.18472313527111137	-100.60863697705803	0.25100947735389334

S10S28.txt	-1.06703858670386	-2.632805024286126	-0.40218707082762206	-0.8704292083651053	-0.25431465726491664	-0.2892317811146608	-207.43184885290148	-2.510959325477353

S10S29.txt	-0.226040793517742	-2.3586336749470607	-0.5148571839537228	-1.1652126168716344	-0.21147872983349825	-0.09050120430640352	-217.9838056680162	-2.236422586592669

S10S3.txt	0.145347228626764	-0.6228444183902723	0.003289665877922454	0.25815669312790807	0.13466951056755253	0.2690960839050136	-102.56140350877193	0.47731117850348326

S10S30.txt	0.0612998250943571	-0.8335187076816271	0.033638529189543354	-0.27468260043990206	-0.2150187270451908	-0.31683368924341704	-41.13076923076923	-0.3456615799708471

S10S4.txt	0.068678178833406	-2.2198558702620246	0.048090329178494734	-0.1949705830844074	-0.11265546377004604	-0.022980958771879976	-190.9379217273954	-1.8273126729943479

S10S5.txt	0.0292750929368031	-2.419726109056324	0.006054209250556414	-0.4010736315332093	0.035620128936305555	0.10757277367980006	-172.8569500674764	-1.3025549129971365

S10S6.txt	-0.367382676904266	-2.376881103905761	-0.5923689242478576	-1.2668718894587307	-0.30097124010440635	-0.09356533214265417	-233.8744939271255	-1.7120986144369197

S10S7.txt	0.0563993332098537	-0.5404800179479874	-0.05682100915068142	0.03508131809301995	0.07277640046468214	0.23550011084326525	-142.04183535762482	-0.2532203897138899

S10S8.txt	0.230927257447007	-2.525312443105717	0.0016575830398768143	-0.3568744574464925	-0.10571929646867584	-0.019697964661611403	-124.0310391363023	-0.6701942540274881

S10S9.txt	1.07767020418296	-2.5531579925563914	0.12669911219195487	0.04726107488869724	0.08805485878546347	0.18527030095615615	-135.68016194331983	-1.251893409176913

S11.txt	0.119200719076264	-2.6989144531509486	0.1007523023879521	-0.1325164366168064	0.08720111866361857	-0.07581413372110599	-128.38138138138137	0.041953636084777285

S11S1.txt	-0.166854884246189	-1.3870143036488842	-0.20781138388402381	0.10987531260005823	-0.08566024218075052	0.12136134894292805	-111.92307692307692	0.3644724715789998

S11S10.txt	0.125317288709223	-0.7874158205660295	-0.0776124007280343	0.14511756810667337	0.05185731164309462	0.3498577390176203	-131.07422402159244	-0.3786975893885394

S11S11.txt	0.178139926945771	-0.9501548816845837	-0.018784176922345908	0.28594773070100304	0.11384218794167396	0.35368789881293367	-90.50877192982456	0.7154596959336312

S11S12.txt	0.0446916839524797	2.837304970509932	-0.1980811900683136	-0.0009941393597694415	-0.03916202275275209	0.22762092497862066	-107.19298245614036	0.5617068143923432

S11S13.txt	-1.38687822770868	-2.3196988573915327	-0.18472174708099298	-0.09599844580232841	-0.1942838935621451	-0.3664915758429811	-185.22402159244265	-2.1134246471641616

S11S14.txt	0.0279353077084646	1.6061118524640872	-0.06528860124591057	0.4188285340470984	-0.01411201778476386	0.1843948358600845	-104.32388663967612	-0.33327283472721736

S11S15.txt	0.0177614885819002	-0.005777880433646632	-0.22618009520366844	-0.08035064307391238	-0.05760943262131503	0.3258918820126598	-149.50067476383265	-0.4033752191322323

S11S16.txt	0.15521604648983	-0.5739054387653175	-0.09028550193492563	0.11294731570193212	0.062388513567102094	0.3454804135372622	-126.02564102564102	-0.18529587602837158

S11S17.txt	0.122506586375612	-0.28726675787992645	-0.11200202679687626	0.01224879628069342	-0.007143877615603811	0.29732983325332324	-155.65047233468286	-1.0202531101308068

S11S18.txt	0.224485963759271	-0.630601523498836	-0.07985861816412312	0.09755003350956698	0.05292460878692426	0.2940468391430547	-107.87314439946019	1.0156821381411285

S11S19.txt	-0.0952112676056338	-2.380956106086723	-0.25138700178015516	-0.15694146495772876	-0.07810002759303136	0.047931714009921085	-157.4561403508772	-0.6074764290892091

S11S2.txt	0.14913109180204	2.5529949202285387	-0.05956810938743756	0.2517420341197953	-0.010109471998984206	0.24764718905125896	-125.6612685560054	-0.3946284950672459

S11S20.txt	0.0208470898971795	-2.1862002119610704	-0.09865434352461444	0.09709181015065971	-0.028057006934358725	0.272707377426309	-132.4183535762483	-0.3219637269622695

S11S21.txt	-0.206338756700837	2.623947007834513	-0.25185256114908083	-0.12103406776364012	-0.09386646188898887	-0.03425257188380205	-163.64777327935224	-1.3766403725171614

S11S22.txt	-1.40099849284099	1.7379740264107835	-0.15632599145908538	0.11139376723271721	-0.062304065548532475	-0.02473188896402321	-144.0080971659919	-0.6095824996980195

S11S23.txt	0.0716825753322105	2.2943640298620744	0.03859616720306125	0.53178589913884	0.035726159733822656	0.1275990377524383	-90.34008097165992	1.672014852003377

S11S24.txt	-1.46863849765258	2.5132953559187357	-0.2000725116297442	0.04691801388123784	-0.09719712619516135	-0.09553512860881531	-155.69500674763833	-0.7044003728324943

S11S25.txt	0.247694334650856	-0.5469689786947917	-0.04135109655967387	0.17971031183225628	0.04835142783419263	0.3389144253167251	-140.69230769230768	0.07934593728322685

S11S26.txt	-1.64352896914974	2.6990369871547477	-0.2755931081295387	-0.17216808399449202	-0.1434108103233352	-0.07145983846684581	-202.80566801619435	-2.2084705328145153

S11S27.txt	0.149596698555618	-0.4665666108662855	-0.13043292746899376	0.06587380022468808	0.06838691640404504	0.34657474490735174	-120.96221322537112	0.029474780100177848

S11S28.txt	0.186656671664168	-0.6723121343609266	-0.15097493630793762	-0.09222832452441626	0.05978326508851785	0.37163493328240177	-142.72064777327935	-0.9557063958841584

S11S29.txt	0.162179969879518	-2.2983082056094646	-0.18865347235930122	-0.1958504348026257	0.0547583864747794	0.3153863008598004	-131.19973009446693	-0.6197529940469598

S11S3.txt	-1.5076826591408	2.6490566320439464	-0.13853768934571656	0.27706025790298094	-0.09413274618455704	-0.1470781361400318	-156.70580296896085	-0.8725306422508333

S11S30.txt	-1.53235515425132	-4.605170185988091	-0.5210213568500832	-1.196500869569392	-0.2885517818934083	-0.17224775765209083	-175.95546558704453	-1.1336999238974688

S11S4.txt	0.00197740112994349	-0.2796960722029168	-0.21224803629057076	-0.08997628392225643	-0.06039540392611653	0.3128693387085945	-127.68825910931174	-0.0987620303386826

S11S5.txt	-1.23941612691261	-0.20266110887735828	-0.48029764592893165	-1.1248790892440497	-0.1309820112320184	0.04929648775129204	-121.88717948717948	-0.41577643758633537

S11S6.txt	-0.00641751604379004	3.0791662791283434	-0.15775805449078364	0.09455319986291866	-0.044609513872400364	0.2071569283579466	-150.71390013495278	-0.07465300242719078

S11S7.txt	-1.32008538959	1.904113105873251	-0.05844906423496837	0.2610937796108198	-0.035367001275026816	-0.0061282556725013254	-183.14709851551956	-2.3426985223894747

S11S8.txt	-0.169398907103825	2.669997051280522	-0.21992648314285543	0.0011763956837205214	-0.08244859950579186	0.06182972241005802	-148.57894736842104	-0.5773703669276586

S11S9.txt	-0.208148637178157	2.166900641359704	-0.18021870995866165	0.09162202175256862	-0.0679124133769148	0.09958415467814653	-171.4251012145749	-1.0844386934400652

S12.txt	1.62203389830508	-2.7574980760705188	0.12973040928136806	0.13544733334359055	0.19884296297697257	0.2500350213632032	-34.19047619047619	0.023822484363478377

S12S1.txt	-1.80015111446921	-2.7622928814514274	-0.431717466721699	-0.9752195197222602	-0.29120495892849374	-0.2669828115976162	-63.10526315789474	1.3143280892079403

S12S10.txt	-1.813638925418	0.3225730526451229	0.3850276597063904	0.9432418056254175	-0.16425228965268332	-0.385892118894423	-144.0796586059744	0.200908735027058

S12S11.txt	-1.63920265780731	-4.605170185988091	-0.13352985380916502	0.07666208578087286	-0.013518292825579793	0.18340249091541397	-68.4452347083926	0.737569614317999

S12S12.txt	0.184341303328645	0.27843631693737736	0.2236584745019446	0.10246870849091416	0.0862511775459153	0.09019131537248708	-143.67435897435897	-2.2587509498947966

S12S14.txt	-1.68108057405497	0.18970338889883792	0.42128689837214134	0.9387214117195042	-0.12661681609052447	-0.4209839982163122	-128.724039829303	-0.656605598426676

S12S15.txt	-1.34775280898876	0.014785900903029559	0.4070743704759989	0.971777099246425	-0.14233083515047254	-0.3797273292838209	-121.44381223328591	-0.2548397588519088

S12S16.txt	-1.45824330671677	2.332400756232921	0.3369476244375597	0.8167098825559472	-0.17014342217312242	-0.31084766074997766	-125.73684210526316	0.15742656283675913

S12S17.txt	-1.88733591462839	-4.605170185988091	-0.1288010617956688	-0.08078599580049456	-0.28240348531206616	-0.4257261440706216	-122.17496443812233	0.8703141008839475

S12S18.txt	-1.8390359168242	-4.605170185988091	-0.1224733679924902	0.19600305727267875	-0.2584164854166882	-0.3034973346757982	-69.23613086770982	1.2178239368259731

S12S19.txt	-1.63115982761851	0.10596551597691178	0.3898769571959942	0.919665701859731	-0.17436096466263454	-0.4539419119037621	-148.3271692745377	0.12271999520933244

S12S2.txt	-1.61438458660681	-2.5980908295248284	-0.00017582715067002153	-0.2562477646156963	-0.2697725505466557	-0.45465323378190853	-122.9701280227596	0.5453123293850131

S12S20.txt	-0.167885291045485	2.915341061974311	-0.23126838369881922	-0.13417780855546035	-0.06818871331536847	0.08037937223054342	-116.66429587482219	0.01846024325935924

S12S21.txt	-1.70523751522533	0.28340880541832886	0.41494273075143484	0.9745464202497369	-0.12275384687198837	-0.36822762558712074	-127.63726884779517	0.4102118551467258

S12S22.txt	-1.82504499384295	2.939431154175116	-0.17854413512342762	-0.044873569196730356	-0.05811730877061365	-0.1416716073974917	-73.1877667140825	0.8756860316516382

S12S23.txt	-1.53561578697099	-2.359761206418941	-0.15946737832387703	-0.09866278998213523	-0.005192804068760562	0.1638411392663879	-91.66856330014225	-0.6318254611664169

S12S24.txt	-0.264683592269799	-0.8258354025325845	-0.18984743537298676	-0.17795563331955222	-0.03093870174048822	0.002845287512585608	-92.21337126600284	-0.6479201326885875

S12S25.txt	-1.88928944122948	-4.605170185988091	-0.18186185614010492	-0.05353213533382173	-0.1337700785148078	-0.10480142338023656	-34.14224751066856	3.6391472185026617

S12S26.txt	-1.65739343643908	2.8965172809912003	-0.04742965521603423	0.019195300296679818	-0.11992786647631415	-0.2119739196876278	-152.80369843527737	-0.15406448722174532

S12S27.txt	-1.27402572833901	-0.3953398270725192	-0.42763311259626724	-0.9825329901767448	-0.17714555614106864	-0.12234624717600862	-75.59784075573549	-0.42686207675959287

S12S28.txt	-1.83872187559085	-4.605170185988091	0.2867016253286785	0.752478391270629	-0.15508955286861786	-0.3384706603513296	-92.17069701280228	0.7665543589489191

S12S29.txt	-1.36057239691207	0.5265057209637577	0.5177378265725798	1.199601299072375	-0.03740694183475443	-0.3653823380745351	-122.25889046941678	0.07786367860330087

S12S3.txt	-1.58049652059432	2.292095028721489	0.3006122752570687	0.7700457824306445	-0.2163627917288392	-0.47291049532099955	-75.36984352773827	1.4233353800639856

S12S30.txt	-1.47984898537046	-2.475318022696052	-0.45302126516192803	-1.0574546093771338	-0.1642165358482021	-0.19358721936883655	-177.79892037786774	-1.9889271695385546

S12S4.txt	-1.85175736961451	-4.605170185988091	-0.0528494096496763	0.13811511932674042	-0.23043329957975492	-0.4570243067090633	-58.633001422475104	0.8457531502491239

S12S5.txt	-1.61536286522149	1.8415608029305557	0.3126707195689048	0.8921548060409698	-0.15119783698489425	-0.32400711549568606	-100.56756756756756	0.4873959716074182

S12S6.txt	-0.31735739122263	-2.5366535773759216	0.08477981007644271	-0.014274900994758144	-0.1273276384956718	-0.36621221359903927	-37.21479374110953	1.5666866933234485

S12S7.txt	-1.64871722582464	-3.12442527763199	-0.31555510112923135	-0.7396867385856962	-0.2779662491987901	-0.44196799362163103	-129.51209103840682	-0.00682489399071895

S12S8.txt	-1.69722432024169	-2.5996559213862938	-0.23392950234003307	-0.3233387762442639	-0.2927865373623121	-0.4493183196958106	-139.823613086771	0.2439275516310895

S12S9.txt	-1.80714218054371	2.69253930610871	-0.18512925378742168	-0.06600191751194073	-0.16788372984283914	-0.20995850769954633	-170.37126600284495	-0.8366511826196636

S13.txt	1.79567842389577	2.4032061340288964	0.15356723030628286	0.11530388012381537	0.27782413086810454	0.29359854609371094	-35.93650793650794	0.04723015497995292

S13S1.txt	0.0657869202406366	-0.17241922979646496	-0.6241506529001539	-1.4961463377526982	-0.26053174719750216	-0.20663900560152976	-25.4651493598862	0.8697210029303749

S13S10.txt	0.252047581903276	-1.9240619893678002	-0.12698902830549397	0.054899924557203605	0.0063739413642346365	0.11850399331835851	-12.717460317460317	1.9449415770116447

S13S11.txt	-0.332192432021297	-2.664825919082116	0.08560468951448041	-0.09070189769909465	-0.13492006831324296	-0.3195125399044631	-126.73809523809524	1.1618462899070892

S13S12.txt	0.129406037000974	-2.5262549778283074	-0.09717766634143984	0.01795345214891897	0.001012779199645153	0.18293878873968822	-78.62063492063493	0.40050068855388654

S13S13.txt	-0.0855480516956564	-1.0255745501007318	-0.26116975047321717	-0.2884419483728348	-0.2277499166471944	-0.0035018910555070478	-66.21746031746032	1.929161408108681

S13S14.txt	1.33780268404162	-2.131638437821076	-0.19809198667571454	-0.09020310703852963	-0.01889314234380393	0.2965401345803369	36.81111111111111	2.617043773265836

S13S15.txt	-1.62461627014582	2.3073632863541547	-0.32492426309911304	-0.7482678282732282	-0.2168041529183437	-0.3520100888995685	-153.08412698412698	-0.2048770452814354

S13S16.txt	-0.143210346139216	-2.4667132721321425	0.08860436236122482	-0.1493794968997642	-0.1473464535707763	-0.34119739421755746	-152.86059743954482	0.27556479081912005

S13S17.txt	-1.8291901340066	2.2305819776163025	-0.22642364359454809	-0.1731746243165826	-0.3105046663386305	-0.3780641583525409	-164.5	-0.2402877048567799

S13S18.txt	0.10106434918465	-4.605170185988091	-0.20803995945187134	-0.12257605840595392	-0.1073052077421314	0.33043843999764505	-73.45873015873016	0.28310277384069893

S13S19.txt	-1.51213221245701	2.23988923090409	-0.39603254931286824	-0.9129293739053268	-0.20958517397413812	-0.35808984721921366	-177.9894894894895	-1.3998411134034605

S13S2.txt	1.52780212289415	-0.4658114162803705	-0.20771906156782127	-0.12019114997414576	0.08495516664862518	0.286174537056036	-79.10793650793651	-0.24973104731842272

S13S20.txt	-1.71681330368365	-2.3101040316763157	-0.452017955529037	-0.9800087742954708	-0.27047643061036464	-0.4231685151474717	-170.03174603174602	-0.7888762025086956

S13S21.txt	-1.71377058766202	2.4589140238491893	-0.17627011664645353	-0.09229772598077929	-0.22042086498539953	-0.13153102804484476	-98.94126984126984	1.1189088414862425

S13S22.txt	-0.140843720038351	2.475786495405952	0.0998917315399689	0.0100613206100435	-0.17708477716752682	-0.31839193476670086	-142.95555555555555	0.1120059864015937

S13S23.txt	0.129124768134336	-0.5039417786331563	-0.0698848703942247	0.12117046721661584	0.051494377728504126	0.3202129181155645	-61.592063492063495	0.3190496004689986

S13S24.txt	-1.67687107677451	2.446044886349769	-0.2108828097682452	-0.05055727755319994	-0.22289131594160222	-0.438716911433923	-149.33809523809524	0.18047930670482293

S13S25.txt	1.49839852470154	0.10168572620688324	-0.08578483472684628	0.05001228121897677	0.17896669575736762	0.32903768357544233	-77.37619047619047	-1.0720237383188023

S13S26.txt	0.0232471291195966	0.7495402794807478	0.11496715029372909	-0.20442822138747174	0.06946316399582794	-0.1666864267789735	-159.88335704125177	-1.5146651496227184

S13S27.txt	-0.0198935275987672	0.9231233547388883	0.09455518565897605	-0.2605576604204858	0.039516821505859084	-0.16147006633923322	-156.92745376955904	-0.4956419213972285

S13S28.txt	0.154053793502362	-2.5032453736505085	0.5124622431464054	1.025625325166267	0.1842854689144043	-0.024653313030769623	-43.784126984126985	2.194333239433864

S13S29.txt	-0.0530267915082969	0.6031665524465434	0.1165396664267358	-0.1263122703912064	-0.07310256722717423	-0.2675640199868882	-91.52496626180837	0.32800109367289726

S13S3.txt	1.58216783216783	-0.09633014021781444	-0.43921492376520854	-1.0125876595114058	-0.04321633859800536	0.07233878293932354	-48.66216216216216	0.22232646699483538

S13S30.txt	0.287200933670492	0.41523497558250116	0.04926734172686009	0.32560783880698885	0.20174540495785526	0.34192464265970823	-54.94920634920635	0.03142781940055183

S13S4.txt	-0.0888067481755284	-2.748449219456662	-0.04759148357722745	-0.44557293291010835	-0.1724141044186603	-0.34617664736458226	-151.27027027027026	-0.4503158088438536

S13S5.txt	0.0125155249832808	2.9433005246765154	-0.33526086536752076	-0.7442024982581705	-0.11427794303623552	-0.24275968794228506	-141.67267267267266	0.09818921538836142

S13S6.txt	1.45521663104721	-0.9386375886860692	-0.20575887089059336	-0.144189031118795	0.0768830566096026	0.2690853087051616	-53.884126984126986	0.8088341213800617

S13S7.txt	0.179393305439331	-0.8651578096450314	-0.26449543734278064	-0.24094691414320968	-0.2829140148666296	-0.056450483814773626	-165.72857142857143	-0.3399011838221033

S13S8.txt	-1.20602340303088	-0.28264142278161725	-0.4671548220275127	-0.9977142342162564	-0.167965789877725	-0.19539194395354648	-235.8858858858859	-1.5910205112616693

S13S9.txt	0.27266530334015	-2.1432148582581685	-0.16964214542362593	-0.04456026877904229	0.0045176419798870215	0.338842978530862	-86.34285714285714	0.3957994305076188

S14.txt	-0.0065366049879324	0.4547576428782029	0.14504894989094733	0.02420881530476382	-0.018035521919215092	-0.1634702034393966	-114.13813813813813	0.3008786785621114

S14S1.txt	0.0286277454477192	-0.8512419476286459	-0.07363012737876312	0.2724716509438204	0.011395422451070558	0.21138115145583913	-55.99715504978663	1.7319016670311196

S14S10.txt	0.329754167844024	-0.1090434954741973	-0.2054121153276612	-0.20322257073312866	0.10051624640511109	0.3935981059076757	-185.15647226173542	-0.9125137995717053

S14S11.txt	0.418349140764391	-0.6342432432751393	-0.19718199253163632	-0.15546034059096514	0.11360013661736104	0.3479549520599483	-131.900426742532	-0.41767911928703816

S14S12.txt	1.50956374257985	-0.2464228011483472	-0.22286275589959273	-0.16278886836195738	0.03753865137111023	0.2959099013089032	-86.2773826458037	1.3329170341122663

S14S13.txt	1.64933962264151	-0.08927926958614449	-0.16682089330365663	-0.06151371488360574	0.11918050959917975	0.3219917035076046	-112.41394025604552	-0.2919766807800928

S14S14.txt	0.385955056179775	0.6609137077629117	-0.13903126999662482	-0.06043033452561636	0.1825791027438682	0.45228216085475387	-133.67140825035563	-1.0310447962701672

S14S15.txt	-0.133963155408597	2.3329449605116483	-0.1427008852674303	0.06104996392964612	-0.11663444869353264	-0.06923532947291645	-169.0099573257468	-0.1800712730002036

S14S16.txt	0.23908111174135	1.917055436146815	-0.09663197409633648	0.18307396067668946	0.012124700758649548	0.1356253714332473	-160.69701280227596	-0.5357169698889879

S14S17.txt	1.77457466918715	-4.605170185988091	0.061455053210002275	-0.1883707333320142	0.16417971582141722	0.42584469771697925	-227.05263157894737	-1.41001198965863

S14S18.txt	1.43320719016083	-2.1303692482843406	-0.1720441950689685	-0.01756961308007965	0.026919975052629178	0.21719028012736805	-91.89046941678521	0.9007553448005414

S14S19.txt	1.33762981126935	-2.1870901301435097	0.4670166204426868	1.059426872103853	0.25335194975125963	0.21505631449292884	-10.149359886201992	1.943253791949162

S14S2.txt	0.349947980705571	-1.180710669387484	-0.5079574030040962	-1.0548649652050601	-0.030262676788375437	0.3435684671447122	-146.72546230440966	-0.5813279871451886

S14S20.txt	0.355916299146101	-1.0250428941422887	-0.0652131044321842	0.09119187222951458	0.1977118955765299	0.43615886495010214	-75.24608819345661	0.521172642781925

S14S21.txt	1.46933182118892	1.8799178385084565	0.5703858995299118	1.1925240544821447	0.25745470298582307	0.18292827632998304	30.105263157894736	2.4957308638636104

S14S22.txt	1.46219121252121	-0.4077271815634511	-0.16234860328651735	-0.01043799179502114	0.12594925062159396	0.34190871609570384	-83.66145092460881	0.5673552033984558

S14S23.txt	1.79539666069239	2.6242582954363405	-0.039475444300167556	0.1527983596841651	0.25780965497157915	0.42252519561896273	-19.789473684210527	1.2041880355683154

S14S24.txt	1.46358199559333	-4.605170185988091	-0.054583385694877695	0.1660415742951698	0.15691220830919694	0.284884412197634	-28.94736842105263	1.9158942996232315

S14S25.txt	-1.19445999460928	-0.6565365505292268	-0.14472794811234013	-0.07552230822419498	-0.18026997745630385	-0.14665086054451654	-40.01280227596017	-0.028789827468332942

S14S26.txt	1.54236222452765	-2.4301824933373397	0.2686580142912306	0.21909491741338527	0.28179523675884793	0.2707765282810637	-68.91749644381224	-0.223130881009213

S14S27.txt	0.269821815782031	-1.017584123777116	-0.10065159938407	0.029254019462458758	0.13189225303806879	0.30847658782282295	-110.6827880512091	0.284916619240756

S14S28.txt	1.91586493114507	2.723058785831638	0.5841006951412401	1.122854878682658	0.505498230031495	0.3940723204931067	-31.613086770981507	0.7346913971877121

S14S29.txt	0.303016284233901	2.6031015246109757	0.31277915516341914	0.7127588903168924	0.04636746722783382	-0.03165382357751488	-82.28307254623044	0.6216513649107226

S14S3.txt	0.246480869154464	-1.820032107202219	-0.1182723951623193	0.099619678705129	0.01025438202090842	0.29365738202810626	-77.18065433854908	1.1268816164063782

S14S30.txt	1.88068718142345	-0.593103216969791	-0.0919917524958492	0.04703599459570146	0.22197137453935814	0.2597510391697944	-43.04409672830725	0.3226240896786533

S14S5.txt	0.157002787958525	2.3126671050880216	0.5971925611382689	1.4445737452687086	0.11554490057959071	-0.0806164795232589	-41.92603129445235	0.9682619998349887

S14S6.txt	0.0162157066088432	-1.2958285098674402	-0.0805372238764267	0.3619582031887604	-0.0884620260894908	0.13017190370079154	-78.0099573257468	1.1866066976786818

S14S8.txt	0.37319180913019	-0.3400325542436978	-0.27255013504109005	-0.3030586943481183	-0.00019366393547740057	0.349851810401672	-141.0697012802276	-0.029947596694463147

S14S9.txt	-0.171944600411754	-0.17807674409311908	-0.6454295777673202	-1.5282913290989624	-0.24759999009978872	-0.3583935237043186	-79.34143049932524	0.689199660239428

S15.txt	-0.0864608555286522	-2.7367406179870555	0.09977673920609872	-0.05183648768300331	-0.10013931423630959	-0.2544729072438481	-104.15915915915916	1.3007299791241975

S15S1.txt	0.225188354571668	-0.597996876953574	-0.1842027342678914	-0.14383700844817937	0.03186115534491801	0.31890930870230355	-146.44238975817925	-0.14035713739771738

S15S10.txt	-1.75321888412017	-4.605170185988091	-0.47848360407876467	-0.9786743816689203	-0.45993310268660487	-0.4324837019130124	-162.81792318634425	-0.5313340786098482

S15S11.txt	-1.78178758414361	-4.605170185988091	-0.5545590541843326	-1.2255884707161477	-0.32724330523959755	-0.19359810450217904	-218.2660028449502	-1.62115481094424

S15S12.txt	-1.42755455652337	2.6054817788742763	-0.052585670599738954	0.12682412420381012	-0.12357998048952343	-0.38470658243084577	-181.55192034139404	-1.1725457360291829

S15S13.txt	-1.72544809559373	-4.605170185988091	-0.542073565657414	-1.1025482744204629	-0.44929445628238407	-0.47385892449186146	-163.74537695590328	-0.580644784281996

S15S14.txt	1.5553689709861	2.501341339220737	0.5576359867554512	1.272524245128363	0.35844020922574793	0.18008298881739743	35.63442389758179	2.9859387059648888

S15S15.txt	0.038598463556305	2.4143932194000564	-0.23979144635355326	-0.07892858185396501	-0.13508803506488323	0.005453467732455748	-140.14651493598862	-0.12985715767987568

S15S16.txt	0.333551646706587	-2.03055818818244	-0.24854393182454002	-0.24644473638326847	-0.029259123829314643	0.27291049391550287	-120.57041251778094	0.2616493484776674

S15S17.txt	0.0506791569086651	-4.605170185988091	-0.2227403503542436	-0.20731720955581728	-0.06555531983450383	-0.014819205794716706	-111.55192034139402	0.1828798228699394

S15S18.txt	-0.0701589979071002	-1.314966210919129	-0.5773019034529189	-1.390922674649082	-0.28200868675264235	0.06567872008218444	-178.21479374110953	-0.2565330262795149

S15S19.txt	0.248092313418947	0.6512348356754728	-0.13815808774575816	-0.03687042213708003	0.07706555978411078	0.3149970383724983	-101.44807965860598	-0.13625379755747122

S15S2.txt	-1.50139690817657	2.424379870530114	-0.19789700794120346	0.04227339368232608	-0.24739860596728674	-0.2687611162929822	-149.79800853485065	0.16302849689333307

S15S20.txt	1.36456478965614	-2.1073349446321967	-0.22661431889065878	-0.18424399468733593	0.027291771133193504	0.3029045664440095	-82.07823613086771	0.779512439677046

S15S21.txt	0.125572697522207	-1.8008311684866949	-0.4655441616735183	-1.0143107363619321	-0.09436596276300127	0.19988144775913894	-200.20341394025604	-2.2594393799385175

S15S22.txt	0.203218562874252	-0.4399539502039212	-0.14733511868592175	-0.018759769945173477	0.02296744034524298	0.1624184955100951	-166.84779516358464	-0.9279994740091534

S15S23.txt	1.39244627514614	-4.605170185988091	0.42507080569832345	0.8635806934170502	0.27683936016710275	0.17510373567037263	-20.56045519203414	1.6979115910976201

S15S24.txt	0.278185023661501	0.6268950678284146	-0.05155559500487608	0.11894305863093091	0.15187267509381633	0.3494961494625988	-145.04267425320057	-0.4613911481058376

S15S25.txt	1.35591156080195	2.2669305791416545	0.3743385300364619	1.0271867814246438	0.08162334845509933	-0.022525192807969396	-26.33854907539118	3.75546954413149

S15S26.txt	-1.20312939192355	2.2060898364222843	-0.019122119667900117	0.36295298448173335	-0.0497568961175254	-0.15317131109419188	-121.80369843527738	-0.6264893633045615

S15S27.txt	1.40815752461322	-4.605170185988091	0.5009186036689699	1.0553321350883003	0.21911355974184527	0.15494961578955788	-41.86344238975818	2.458640212033356

S15S28.txt	0.302330907690226	0.5567799259965256	0.49901584823419837	1.1155860761875498	0.4583900283084423	0.17451096743858394	33.539118065433854	0.8952419569081425

S15S29.txt	0.208022388059702	2.4677252261806912	-0.14913896725938852	0.04419533865633385	-0.06383805448129895	-0.07883817482789288	-154.66998577524893	-0.12518710432287544

S15S3.txt	0.118878504672897	-1.7952336964487432	-0.24946987240128182	-0.2176497003504666	-0.0677286038259538	0.27658565695259263	-103.37980085348507	0.8695662634787202

S15S30.txt	0.319914862113641	0.6808692351347865	-0.08672651133773512	0.1118161683814688	0.14479402986269901	0.3644339089036733	-100.86628733997155	0.5996410098907934

S15S4.txt	0.0839566192969334	-1.6700402025060321	-0.2435464112451603	-0.24694156707042786	-0.15433629818036332	0.18043864975647064	-140.48648648648648	-0.09645895214633536

S15S5.txt	-1.47149027180797	2.3306835250086038	-0.2203830569869993	-0.02085857498931465	-0.16633612537934694	-0.1860106711352841	-148.99573257467995	-0.022875043470359034

S15S6.txt	-1.3392805337975	-2.3333675847004653	0.10261613016691565	0.05932647887903336	0.009812158912543043	-0.09057498581730851	-91.65433854907539	2.483308689601206

S15S7.txt	-1.46386563307494	2.575990384038529	0.0986224553129674	0.5251577139276897	-0.05897847298157102	-0.2335506833247353	-93.04694167852062	0.5617777501574472

S15S8.txt	-0.00402207464222237	2.633562655089435	-0.2920915925348077	-0.2748902637275244	-0.21711136354748473	-0.12886781359085647	-180.17354196301565	-0.6945850647890657

S15S9.txt	-0.0532821425227081	-1.388866371214658	-0.5446446354946205	-1.3176648760575258	-0.23817619957170807	0.04161232987156451	-206.2788051209104	-1.096890286758191

S16.txt	-0.0270652393455867	-2.869429413940188	0.1196720082007246	-0.05226625913496874	-0.02744926902497684	-0.22512550064212966	-95.02702702702703	0.6742347248359842

S16S1.txt	-0.101960784313725	0.1369511863809141	0.5908600401366984	1.259759169782435	0.08270256579597901	-0.22359217703068568	-135.66856330014224	0.14933781865544665

S16S10.txt	1.48870003735525	2.793221623870789	0.15364232905446212	-0.06443069400124313	0.139568431683325	0.23670387535036372	-29.55600539811066	1.7005271350748528

S16S11.txt	0.0908270302237995	0.4339623618432355	0.5337436970311743	1.2135932384788246	0.22907961223993065	-0.09519857802526012	-40.17496443812233	2.231256075592755

S16S12.txt	0.245240761478164	0.4002202967452364	0.23125615392219223	0.07329192337076973	0.1914553610371094	-0.0023710729271546735	-66.4068278805121	0.5212544018274377

S16S13.txt	0.297335467470106	0.3248357840118433	0.3822761156988015	0.8464562488097934	0.1569782756340154	0.1788974523538201	-56.80369843527738	-0.4994714641270478

S16S14.txt	0.300247516997212	0.5743341464918752	0.2664069000648898	0.28301771191342695	0.14401736426078554	-0.12851215265178328	-58.7027027027027	-0.052330118974772466

S16S16.txt	0.331095571095571	0.27264618994992174	0.31131359988854	0.42561464694558776	0.3293221485300488	-0.13491404955510092	-5.068278805120911	1.2228680173241149

S16S17.txt	-1.32211768882577	0.8765219553109526	0.26760291489175136	0.2966806758272021	0.017918492740130743	-0.18669293173727255	-131.20377867746288	0.651400172688112

S16S18.txt	0.275306796237463	0.03210391587231909	0.49792575693377394	1.076148588898905	0.31338628326931695	0.011736810989415633	11.958748221906117	3.5765690686174603

S16S19.txt	0.110728040750404	0.5344916918433347	0.15067408051918962	-0.04573114979967863	0.13248014572744973	-0.11428571508885524	-93.76671408250355	0.4981110567269164

S16S2.txt	1.42061622538396	2.7437244546130035	0.47460171538492746	1.0836962699520454	0.3581766625912204	0.37913456105203225	1.6230440967283073	1.255585138043604

S16S20.txt	0.117086834733894	0.5155221505126856	0.4352114660696719	0.9782194765802457	0.19838451618346825	-0.13443983496967	-55.60597439544808	1.6117492416440904

S16S21.txt	-0.0737827715355804	0.14329569662808028	0.5317773149004243	1.3109139950857625	0.0026631857030957468	-0.29709543777248054	-56.4352773826458	1.7685874541959181

S16S22.txt	0.0438645542093818	0.5487230960156516	0.2635763854141203	0.3178566071537291	0.12792151523960812	-0.15696502777763938	-137.9701280227596	-0.2973505250618993

S16S23.txt	0.148089419519323	0.315338274246645	0.1831836688537903	0.09913882878419777	0.14015626028548117	-0.10290456503851282	-104.71123755334281	-0.5280589770322499

S16S24.txt	0.0757166371626449	0.051829653588355395	0.47756357051739706	1.0238328364824025	0.12145428955233684	-0.09176052228088585	-139.66998577524893	-0.04494706957174288

S16S25.txt	0.0241950493206775	0.3514335698991735	0.5078623394217261	1.1367196024530222	0.11021942446084748	-0.20296384256444	-113.44096728307255	0.5537534825997149

S16S26.txt	0.168616527390901	0.21539987501788654	0.2411109846843535	0.20181263693794965	0.20375611191473492	-0.08642560819478784	-44.88335704125178	2.6078957793551596

S16S27.txt	0.0926445816956767	-2.6494705114175874	0.16886142509194838	0.015375711765188482	-0.07472686832917835	-0.3704801448679177	-89.37268847795164	0.30967313742346464

S16S28.txt	0.12238639531642	0.4293462820932843	0.2697775371073172	0.3196890761537822	0.1786285594240164	-0.11274451768620469	-65.56899004267426	1.2472594001829471

S16S29.txt	0.162149576231722	0.32258956055606863	0.4949947124436671	1.1128805499116612	0.19288039698169412	-0.08263189151134037	-72.13513513513513	0.9222447705833398

S16S3.txt	0.0877082810014235	0.6651978241397714	0.4306548474483451	0.9067561276493266	0.17872679247302597	-0.08606994725571462	-98.0199146514936	0.11751879432997574

S16S30.txt	0.0555710695336499	0.09698828739994189	0.5181250806122394	1.1593440465767673	0.1644437366984121	-0.19608773107569147	-65.58605974395448	1.1110896730676503

S16S4.txt	0.221133923526088	2.5908924329113896	0.38298013144600734	0.9206718976355983	0.2661528323675107	0.3720213422705682	-22.83357041251778	1.7331058451911592

S16S5.txt	0.10294532793827	2.6179532958728093	0.40196912217669367	1.0911800441968567	0.16965909441299235	0.3777119172957395	-52.826458036984356	0.8352452363448466

S16S6.txt	-0.0615236498027889	0.38717441497206395	0.5076679651323885	1.1174922068146589	0.06561245194060386	-0.2505038547538912	-107.51066856330014	0.11571578633189858

S16S7.txt	0.0788772773513364	0.4869422279403042	0.1765886469294652	-0.025238849629947935	0.01735058988964422	-0.20963660396904685	-165.61923076923077	-1.8727209615367002

S16S8.txt	-0.0310099046561141	0.49422600519425364	0.2361102609001654	0.2315846174752444	0.04674120696018	-0.20225252068629362	-87.41394025604552	0.0946881875258959

S16S9.txt	0.101488205508213	0.6500113389094939	0.18809547830015913	-0.029831605950569995	0.12861582024355456	-0.12934202817628743	-51.778093883357045	0.9459032289510179

S17.txt	-1.27607732581555	-2.6618217783634344	0.07196579030813549	-0.11441461751745918	-0.06844261447527171	-0.16694555422117907	-146.14414414414415	0.5284680828910122

S17S1.txt	-0.0487531521434575	-2.065894537987063	-0.24813018253249414	-0.15280748288264995	-0.2553538578567704	-0.013278008392066169	-165.8904694167852	-1.841852115432313

S17S10.txt	1.36395825568394	2.5450652702393373	0.4572256859476133	1.089223712702977	0.20053075240608806	0.21861292388366085	-14.870554765291608	1.2516724157376091

S17S11.txt	1.32775297619048	2.611165729785057	0.4500966838786075	1.145254981900878	0.21984700485456155	0.24493183337507776	3.1564722617354195	2.0448748242135686

S17S12.txt	1.47808814400993	2.551860876927285	0.43854227836595655	1.0383208611466985	0.22287178878727296	0.2353289880201013	22.4651493598862	1.7101738204767878

S17S13.txt	1.41588131006812	-0.7813108696365156	-0.0321489164088678	0.18687074080735622	0.13417864545911012	0.168701838767055	-17.529160739687054	2.3004145803881437

S17S14.txt	1.32877858337981	-1.0268845249990282	-0.15151333300865627	-0.05653714365102036	0.09979874299721692	0.19407231908761	-24.87624466571835	1.8899809128652412

S17S15.txt	1.35612031692836	-0.9363073547464851	0.012930059589557591	0.351432574844712	0.1371230617198332	0.18529934925713773	-0.14509246088193456	2.4042371447481785

S17S16.txt	-1.66511367871785	-1.6660957127686111	-0.2530335054726861	-0.16449429199502463	-0.3487760323786002	-0.15945465435115178	-112.1977240398293	0.3771748947696573

S17S17.txt	-0.106645530274773	-1.9461402633494722	-0.1714695705786348	-0.04681895797658697	-0.13206910814635345	-0.015530527672863111	-60.26458036984353	0.748522689337998

S17S18.txt	-1.53456479149174	-2.0076885465219134	-0.184890903869393	-0.09296965354033465	-0.21748321298930431	-0.10065204575771587	-77.51351351351352	0.6760523607725127

S17S19.txt	-0.0945857795172864	-2.1358334080254147	-0.2713808315815526	-0.20158844338980475	-0.25633468815112787	0.024184943856977666	-157.82503556187766	-0.9652191282919562

S17S2.txt	0.00353990523088366	-0.2803701232701947	-0.6323541579290167	-1.39821381967761	-0.19461572194437818	-0.12026701757283852	-204.41970310391363	-1.92323549706233

S17S20.txt	-0.0382141858514307	-0.037507209601401525	-0.28349008724645236	-0.3549022630391475	-0.17877849101556237	-0.1433313584465	-180.65149359886203	-0.8606987148279065

S17S21.txt	-1.62388309754281	-0.23049364256623134	-0.5193608116272221	-1.1637647294628026	-0.24649055153550015	-0.1595732079975095	-148.0398293029872	-0.9493505330983524

S17S22.txt	-1.72846945397237	-0.4259709673564794	-0.2477255563973417	-0.22185089180716533	-0.2690544941108097	-0.3608772995129413	-220.29160739687055	-2.580576659169183

S17S23.txt	-1.668429844098	-2.41824966094437	-0.5498574638257776	-1.3688410458125024	-0.1961903296858841	-0.28429164396584533	-135.65860597439544	-0.6936837205730166

S17S24.txt	0.039438191796112	-2.764411977462192	-0.5182856083176286	-1.0383788845126247	-0.15746190497119333	-0.14748073606902068	-127.72546230440967	0.08406135403676478

S17S25.txt	0.132481819876935	-2.5716120361795003	-0.24306900562165695	-0.23000354289445651	-0.03655665243920665	0.08713693007293423	-134.475106685633	-0.7196027884432671

S17S26.txt	0.0622488082998411	2.6861425103236356	-0.32293662466707646	-0.6906371558339992	-0.04365575234534989	0.013278008392066169	-136.14509246088193	-1.1825229191760993

S17S27.txt	-1.69566027193146	-0.08677759899888832	-0.5170099871821234	-1.1257734206705665	-0.2767347146544415	-0.20118553786907403	-207.6130867709815	-1.2438853577059883

S17S28.txt	-1.49195660306771	-2.459019754799559	-0.6200253317417115	-1.4408150597742213	-0.3164417559589583	-0.24030824116712612	-252.93598862019914	-2.915770719496973

S17S29.txt	-0.0988138600915289	-0.35143480650064884	-0.29679240287976216	-0.30889413133387483	-0.22009257424437484	-0.12542975784648222	-164.52062588904695	-0.6780184035311704

S17S30.txt	0.0346901017576318	-0.6941471793008698	-0.3834832857690549	-0.9817150911348749	-0.11036155435640636	-0.21613044559268066	-98.39136302294197	-1.865063989761042

S17S31.txt	-1.53214352457485	-2.6470756644608695	-0.24894180350829775	-0.22443976439149688	-0.153928541324088	-0.12068761199217287	-185.98435277382646	-2.119845204050253

S17S32.txt	-0.135512713048337	-0.06150385428429339	-0.2499114869532974	-0.1931746750076173	-0.21510240591320934	-0.15660936683856616	-168.49786628733997	-0.6986031529892882

S17S4.txt	-1.49490363232024	-0.7011165107124733	-0.18456728564428984	-0.14325133615078456	-0.4191628498790497	-0.43177238003486595	-135.23613086770982	-1.1801263433232563

S17S5.txt	-0.14950073964497	-2.7342166137787083	-0.547016648066279	-1.317418845748556	-0.1597988902219384	-0.00010943313700895225	-254.8677462887989	-2.116080818661833

S17S6.txt	0.0833348876247317	-2.602390016559095	0.06216308915204377	-0.24017954966743665	-0.06745852034686692	-0.12987144514354762	-162.76282051282053	-2.647114188525108

S17S7.txt	-0.0280192343258739	-0.3418513918766902	-0.5247671519990447	-1.1939407642860322	-0.13574602807456462	-0.038082731679115384	-242.50067476383265	-2.2776900880203064

S17S8.txt	-1.64198679192633	2.8578305608276797	-0.39854721428868223	-0.9156845691670927	-0.15338954848436098	-0.4464730321832249	-91.3172119487909	0.25671992190583803

S17S9.txt	0.050177536908989	2.011221100512654	-0.05994898658845638	0.1611791412171346	0.09574779426475512	0.286662716893	-8.341394025604552	2.05280803869215

S18.txt	0.366044934294192	2.9660675845251894	0.5021678417875794	1.1115005902725492	0.25520018819638834	0.1255077754293726	-72.17777777777778	0.5019101547009989

S19.txt	-0.213027487417731	-2.5841968274866978	0.025553010396973747	-0.19009864891907508	-0.13640337008261255	-0.20592768372338335	-146.09672830725464	0.15951381224193995

S2.txt	-0.187237695536055	0.9580834510503097	0.08345535929197406	-0.08561670542153543	-0.11950570875003083	-0.2662714897194698	-148.43243243243242	0.08977207911815513

S20.txt	-0.241362671298977	1.2006829420719507	0.025789365990435548	-0.23607153806411174	-0.10457860533502936	-0.17131001898692513	-130.62731152204836	-0.18618760915340846

S21.txt	-1.2698626188875	1.4239840109650483	0.04713349381366061	-0.15380342464865315	-0.13363152773368567	-0.19181979980681305	-144.68847795163586	0.17263020936131176

S22.txt	-1.18540381250576	1.0117031178291094	0.07427273125895337	-0.06205066515516289	-0.09850574392449045	-0.2144889485375464	-181.7800269905533	-1.2858057625611794

S23.txt	-1.22182672934856	1.098972230297503	0.019339008536182117	-0.28648756825656857	-0.1831967775947329	-0.3268524030082717	-172.77240398293029	-0.47765729065674983

S24.txt	0.218859295130482	0.21529812661221298	0.2966822825681552	0.410836359875887	0.23120778607837317	-0.1481529166604295	-101.60810810810811	-0.8767553617813688

S2S1.txt	-0.185479046629514	2.7121293766522814	-0.08249503042855147	0.031085290122618514	-0.025194754560468748	-0.2579727344744285	-113.82930298719772	0.6421481596931801

S2S10.txt	-0.101024339817686	-2.9702603686171676	-0.33764303210125235	-0.7894559044410563	-0.20174263665073397	-0.45619443118455916	-142.97155049786628	-0.2949468093016383

S2S11.txt	-1.32615843601946	2.809493861629656	-0.23354428048892584	-0.5406641208779807	-0.10820264079905677	-0.3944279814321799	-122.39971550497866	-0.028337088154005863

S2S12.txt	-0.142356851519822	-2.5728763291739414	-0.36476889897685083	-0.9319385548056809	-0.21448960536259462	-0.4717249588574222	-150.16073968705547	-0.5712779848815285

S2S13.txt	1.1392858635243	-3.248142937335575	-0.3997369992041853	-0.8744638926848743	-0.19727649363671962	-0.3956751223407127	-111.43543543543544	1.1581680404463182

S2S15.txt	-1.23185053195369	0.2856190792755335	0.27866611409848974	0.7278985743467264	-0.10819785629342381	-0.37700059541759307	-136.45945945945945	-0.09977018106251523

S2S16.txt	-1.23884194053208	0.32588587982542294	0.11638952706851693	-0.00852771329392682	-0.05696305335438759	-0.2761114423671617	-121.20483641536273	-0.24703342594733432

S2S17.txt	-0.271142410015649	0.297891840853034	0.23121917745179008	0.20570048839182659	-0.011563435752480616	-0.2724362793300719	-122.04551920341395	-0.5238424895794211

S2S18.txt	-1.25910644327749	2.663237370520202	0.05183657916664672	-0.0838089279222064	-0.10989425257443558	-0.3683461792334785	-108.57752489331436	0.21746851135981535

S2S19.txt	-0.300553184763711	2.108723031852076	-0.26721697692730345	-0.6352429841181629	-0.06879362099041664	-0.29828097423605787	-111.95590327169275	0.38892579893854484

S2S2.txt	-0.108892656076683	2.5056991808323787	0.3333618898455079	0.9051895752276102	0.0008691778270796396	-0.2891523434665124	-123.61450924608819	-0.6461960319203099

S2S20.txt	1.58756090570364	-2.102308038043277	-0.28466277720270433	-0.7238576789058422	0.03362425443526618	-0.07765263836431555	-99.40256045519203	-0.04601677524593461

S2S21.txt	-0.218002812939522	2.7204461251499046	0.07938068792615036	-0.04603545380381047	-0.11986611661934597	-0.3909899256878056	-84.41109530583215	0.7836240872254716

S2S22.txt	-1.32260687369046	2.6039777838109637	0.06310837285948234	-0.07200699178858999	-0.1261271367093444	-0.3638411406718846	-128.54907539118065	-0.5991929220892196

S2S23.txt	-1.20395496085587	-2.9520008482362554	-0.2649282073535987	-0.6535888797507655	-0.1794504817418543	-0.4017783075063594	-119.63157894736842	-0.42075640293388994

S2S24.txt	-1.19162686147794	-2.840132453641435	-0.32901766254080606	-0.8615372795177623	-0.20199797332002006	-0.3594546557566484	-119.92745376955904	-0.3359578210896344

S2S25.txt	-0.153895516421553	2.097319284629324	0.24655978081403207	0.30025059054795433	0.018835294345266235	-0.09409190449936923	-83.006006006006	0.41661369648885604

S2S26.txt	1.37453975467609	-3.0868799955866426	0.13370046128385304	0.10443349557335135	-0.026997201302286	-0.18483717491257756	-72.90690690690691	-0.05917056366389998

S2S27.txt	-1.22407756813417	1.0810915761289877	0.1707809138141073	0.19025208536766358	-0.09215015759155135	-0.2775131957601095	-83.69369369369369	0.4718974688520333

S2S28.txt	-0.093992798938791	-2.8446893498615897	-0.2614836076287942	-0.6016236243520799	-0.13191256384684932	-0.24694724536315918	-52.91749644381223	0.8580620022235267

S2S29.txt	0.231859248692344	2.072645447703999	0.15922922971036593	-0.06587693818597462	0.08600771763417299	0.057922513029707454	-112.28378378378379	-0.7176530703158733

S2S3.txt	-0.210358029365981	2.873451073490384	0.3307809788711546	0.7688478463791675	0.03328031034723207	-0.22750444736049089	-97.43954480796586	-0.11736520019152269

S2S30.txt	0.169783853919428	0.7457802151316624	0.1712905155604496	-0.05220829016258555	0.09554168112750827	0.04466469338068553	-120.51201201201201	-0.6652814858723843

S2S4.txt	-0.176853423882286	-2.8830527041755785	0.24039784677799436	0.5805006153573958	-0.04490159107215924	-0.28132780280690195	-108.61877667140826	0.3470176701428649

S2S5.txt	-0.155631227140875	2.210393191149206	0.4622671348067008	1.102604905614608	0.13435124048932817	-0.09743853858553009	-79.27327327327328	1.7242696750215238

S2S6.txt	1.57500475918523	-4.605170185988091	-0.2584485583930305	-0.2685650010714833	-0.014690825898486165	0.00424765095551188	-83.93843843843844	0.9046268024784415

S2S7.txt	-0.240875300137355	2.8879824866707775	0.27017652830961963	0.6838060834796528	-0.03243022071019323	-0.2868998241857154	-91.93456614509246	0.27012895275196014

S2S8.txt	-0.0731068581544682	-3.0444913827872306	0.08573812311191914	0.005014572683311236	-0.07825547212005969	-0.37237700320964146	-132.2574679943101	-0.7085163018563875

S2S9.txt	-0.11765440189745	0.566425784506154	0.2944897154504757	0.7307819783141718	-0.09723390831507539	-0.3549496171950546	-96.53627311522048	0.599580866317144

S3.txt	-0.131796349663785	0.8331564361833401	0.09971507488543818	-0.03410748461604679	-0.09583054402047486	-0.25133373027839534	-139.20341394025604	0.012020210349480517

S3S1.txt	-0.21461873024813	0.5285556448628592	0.25420136290904904	0.2584447687860239	0.03443917295319451	-0.19075281698959345	-111.42958748221906	0.3427016479525113

S3S10.txt	-0.184066769421115	-2.696235592507677	0.06870987731338754	-0.1133109850966304	-0.05643538260293409	-0.11416716144249751	-119.1394025604552	0.07581134226654289

S3S11.txt	0.195040214477212	-4.605170185988091	0.3585097936259436	0.8566929649160434	0.19626963601812739	0.3855065033866086	-81.36036036036036	0.9713201288416557

S3S12.txt	-1.45615604105447	-4.605170185988091	0.30619346725771956	0.7083466431683486	0.10005951657458131	0.0854678858927239	-101.13813813813813	0.2023779481072437

S3S13.txt	1.38722382324688	-1.4029439220485243	-0.3990947955018758	-0.8404977877098307	0.018230036976140673	0.38473420321287904	-26.77027027027027	0.9312018240031646

S3S14.txt	0.22776176753122	-0.2305875053210647	-0.24379725054428503	-0.2598309272701751	-0.003219991444674941	0.33839619278911315	-102.42642642642643	0.0341639002759976

S3S15.txt	-1.35912603759183	-4.605170185988091	-0.4606311673584112	-1.0347464002821274	-0.2366326868590261	-0.09409190449936923	-182.01951951951952	-1.279906460524389

S3S16.txt	-0.033330128513284	2.3416823944848706	-0.023973809219556275	0.3263208450383594	-0.005563296360212362	0.08868580328326321	-41.86336336336336	1.362241765610672

S3S17.txt	-1.56167274122386	2.6036084667146233	0.03996160149710201	0.42015431455583213	-0.01756749826450589	-0.013515253040265074	-8.642642642642643	1.6142912819635367

S3S18.txt	-0.0999906023869936	-2.936704674137052	0.09318561576663421	-0.058187127242236014	-0.1508399942577856	-0.2374629536545405	-131.8805120910384	-0.6128533178879142

S3S19.txt	-0.0902015939990624	-2.9709081477057255	0.09955438929867617	-0.03983786055206767	-0.1533302811483182	-0.27919383717246277	-95.950213371266	0.6185408488543156

S3S2.txt	-0.205011222285151	0.2525745733942088	0.5209301954673066	1.169919476403226	0.11953554003974959	-0.13515253040265074	-49.84384384384384	1.8125712141133001

S3S20.txt	-0.162502348299831	-2.8865925613804055	-0.4276518057077635	-1.128270580364772	-0.2302986328976328	-0.24398340420421588	-188.84779516358464	-1.5561995368374573

S3S22.txt	-0.17877358490566	-2.724684209274616	-0.39748100430167305	-1.0399435449476235	-0.2482057485167999	-0.25240071309561496	-187.87482219061167	-1.5038644421504668

S3S23.txt	-0.151035781544256	-2.819756827335322	-0.3155046343664832	-0.7955390388523724	-0.2287795873703835	-0.3401304114003379	-148.29445234708393	-1.8093622676351075

S3S24.txt	-0.116528614457831	-3.010958015411788	-0.32309492450887956	-0.8237128770652187	-0.19806868683189616	-0.2764671033062349	-162.52916073968706	-1.1866546217947997

S3S25.txt	-0.0600563909774436	-2.777188716809871	0.05891674816358988	-0.18856004232881363	-0.17454442256751243	-0.2321280395684425	-155.34992887624466	-1.0801075076261744

S3S26.txt	-1.38051591077281	3.130396122857158	0.1842433746786422	0.1519521547713551	-0.03810592039102595	-0.15947998587512788	-161.77627627627626	-0.9049475345738563

S3S27.txt	-1.30202729785035	0.8172955651551181	0.19095686209446963	0.17033517612946297	0.01896520042170516	-0.03977345894706579	-117.2957957957958	0.35917953872920616

S3S28.txt	-1.30064132792606	0.8916890915703447	0.10111476496951238	-0.1732961630240899	-0.01912145396078145	-0.0343152142662998	-181.74358974358975	-2.210736181850051

S3S29.txt	-1.38151090932022	0.627414301281234	0.23080327469443973	0.2605876400111047	0.0007621732270113868	-0.15857896900577687	-112.55405405405405	-0.0735056163739018

S3S3.txt	-0.172755018072352	0.5500118036924423	0.14997261974322676	-0.05702249715259622	0.004861503061399347	-0.0806164795232589	-184.0099573257468	-1.4237130504187299

S3S30.txt	-1.29868612216537	3.211284109176226	0.06005887821031508	-0.0378581731427699	-0.0970415321380233	-0.18612434186879329	-137.6936936936937	-0.9941099370017576

S3S4.txt	-1.3259419562581	0.6932330615060223	0.44002052882998405	0.98880540337891	0.023393893630588608	-0.1834212912607403	-107.44744744744744	0.3416946595011782

S3S5.txt	-1.48360379701543	0.10300253749562835	0.3991297641322563	0.9503555987061856	-0.012787631886647638	-0.1611533029182083	-170.90540540540542	-0.5648047044322346

S3S6.txt	-1.49856171961435	2.4886116763071233	0.36619263476209185	0.798286254686353	-0.028601433593768738	-0.11031020814768731	-143.15465465465465	0.14969652095991512

S3S7.txt	-0.30080479131574	0.36606525131844303	0.13076352832229896	-0.006872922126906711	-0.13383825351574827	-0.23199825045897876	-161.75843454790822	-0.3508742273934933

S3S9.txt	-0.104984551791043	3.1832826569455843	0.20028069656691788	0.12308462456165653	0.1595738277289438	0.1490539335297805	-137.58408408408408	-0.19349540698800538

S4.txt	-0.17908584597657	0.9034410606717991	0.10939898684714106	-0.0073065910786435095	-0.11741913731447846	-0.23734440000818277	-136.39260312944523	0.45742684259089145

S4S1.txt	-1.72212187470292	-4.605170185988091	0.47722332401181927	1.0802081777158927	0.015581908266940697	-0.20592768372338335	-91.17354196301565	0.8325537498559957

S4S10.txt	-1.781205505458	-4.605170185988091	0.11314973809588602	-0.09210757254107782	-0.16378032368462084	-0.23366923697109304	-179.78378378378378	-0.41413592095519747

S4S11.txt	-1.83390443556063	-4.605170185988091	0.1690477181870932	0.06582386999629108	-0.1963339517630827	-0.4162418523620029	-144.4466571834993	0.9501138574253378

S4S12.txt	-1.74519505233111	-2.5588194580803756	0.23861392989119115	0.2605405364988717	-0.13740208520549024	-0.36301126514738047	-183.6358463726885	0.16197977771973196

S4S13.txt	-1.88072872189012	-2.695536199426812	0.012964600856167546	-0.21509332494273775	-0.35073265410236454	-0.5747480775422927	-147.07112375533427	-0.11609164272777187

S4S14.txt	-1.61061356707317	2.7226238992009035	0.5581533527776168	1.1863851429808272	-0.008584549795707386	-0.2061647910160988	-135.58748221906117	0.27775125418773655

S4S15.txt	-1.71306005719733	-4.605170185988091	0.45419602762499434	1.1430804943292179	-0.0676837707840919	-0.3032602273830827	-121.6330014224751	1.2025175549656204

S4S16.txt	-0.392823239035504	2.7551720388779533	0.2867158489903322	0.2517348463144517	0.12325817486755694	-0.007113218781464019	-143.42674253200568	0.3591639407902066

S4S17.txt	-0.35747420240462	-0.31885332972574476	-0.4472621762552089	-0.983592346793255	-0.2719393258015985	-0.30847658782282295	-167.624466571835	-0.9533427116670009

S4S18.txt	-1.57027309924826	-4.605170185988091	0.24358182606055195	0.24171416238440901	-0.0013328285519028926	-0.219442799408165	-143.0981507823613	-0.36399628077936186

S4S19.txt	-0.19797825672325	-4.605170185988091	0.5780725199231618	1.2912627981527316	0.24665767138263608	0.24481327972872	-141.68705547652917	-0.7235945645666463

S4S2.txt	-0.0140420318537368	0.023590243606563033	0.30996954270228	0.30735890980564196	0.16579435845458107	0.16265560280281058	-166.3968705547653	-0.7021072991634258

S4S20.txt	-1.23487964291408	-4.605170185988091	-0.03721586213893244	0.11293635143536795	-0.08080775910203081	-0.019324244356310586	-136.24893314366997	0.1659869894182543

S4S21.txt	1.44704869415479	-4.605170185988091	0.3968841126936177	0.9226827719976756	0.2649526279028864	0.41351511849577505	-85.47937411095306	0.593559256572479

S4S22.txt	1.01538396113078	-4.605170185988091	0.40840112058599953	0.8868367860628701	0.1760843273746029	0.23615886354460544	-87.2475106685633	0.6195389407278287

S4S23.txt	1.36708133971292	-4.605170185988091	0.25145511319930247	0.6216260622381264	0.1699395003752907	0.3497332567553143	-119.89900426742533	0.37845456723582527

S4S24.txt	-1.19232852273089	-4.605170185988091	-0.15343264171191365	-0.088444367388061	-0.07026483230602565	-0.10195613586765094	-82.64580369843527	-0.257625807870936

S4S25.txt	0.291296455526894	-4.605170185988091	-0.09575007508769229	0.08490976129723227	0.12221844287168543	0.3568464755367783	-117.3669985775249	-0.7552057871984909

S4S27.txt	-0.155041698256255	-0.10241953337115128	-0.430250019600387	-0.971382926797363	-0.1905999383039004	-0.070776526875567	-192.20483641536273	-1.850865383227243

S4S28.txt	-0.182902584493042	-0.1289949507419858	-0.4762793893811873	-1.0146765118005594	-0.220709856616494	-0.051570836165614135	-159.31578947368422	-0.7376067687420217

S4S3.txt	-1.39096794568135	-4.605170185988091	-0.2954220944608036	-0.42011816913806743	-0.30663173481557354	-0.18494368831806451	-153.70554765291607	-0.3193947586916733

S4S30.txt	-0.118900994789199	-2.5547047262930835	-0.3631773505555249	-0.8728275087913637	-0.14821930512790474	0.0005927682317886684	-167.39829302987198	-1.0344824789136817

S4S4.txt	-1.87127770906669	-4.605170185988091	-0.4456274729727632	-0.965488940900121	-0.3629050407085456	-0.36348547973281137	-138.1081081081081	0.4738866493861524

S4S5.txt	-1.73671704210626	-4.605170185988091	-0.15547371918315883	-0.07060184251569529	-0.21693564657562184	-0.2914048627473093	-159.3869132290185	-1.0597972810366736

S4S6.txt	-1.80304616849119	-4.605170185988091	0.38413905797499703	0.86482771785	-0.15977727411339707	-0.3372851238877522	-105.6443812233286	1.2006894563299972

S4S7.txt	-1.63092626156635	-4.605170185988091	-0.08458750081851842	-0.0049443783913402095	-0.07697462140148645	-0.01043272087948056	-90.34423897581793	0.0042751672822235595

S4S8.txt	-1.55753760055964	-4.605170185988091	-0.33234557346021465	-0.6824189360640691	-0.1846885842199692	-0.13467694226238544	-53.607396870554766	0.4369714149475005

S4S9.txt	-1.4736288935601	-4.605170185988091	-0.13134582061791553	0.006406301422286265	-0.1828936862968906	-0.09756965095241481	-93.7524893314367	3.013173042833273

S5.txt	-0.128153175970013	-2.612134933341453	0.03452115340223075	-0.20698281128906348	-0.12441438259152496	-0.22370961699029238	-187.99699699699698	-1.803283513949527

S5S1.txt	1.59668048042348	2.7080224733883527	-0.1712984385870735	-0.11861201351494666	0.12446023186798572	0.3543568489632659	-32.36842105263158	0.5916980829653904

S5S10.txt	1.17738197288631	-2.8819843818030297	0.24401840678459188	0.2161847795354508	0.2496728697784935	0.30515708572480643	-67.91322901849217	0.49879169364924303

S5S11.txt	0.116354295499952	-3.015131158993289	0.3036074675127484	0.7682387072103656	0.22980499162332982	0.331831641312413	-74.0945945945946	1.281367674527719

S5S12.txt	0.241422154257861	-4.605170185988091	0.11079526494536057	0.02470077947048327	0.1842211782700965	0.316771787924689	-125.52252252252252	0.1905445145008709

S5S13.txt	-0.180659804697809	1.738302787518315	0.4023511185681919	0.9207269437443819	0.040588986618182554	-0.14546532408093918	-92.33570412517781	-0.02953423424714519

S5S14.txt	1.3433190679981	0.10752455870117972	0.4757323194858625	0.9936337009780123	0.2209251610166764	0.1733254309750066	-93.5149359886202	-0.4653080283943521

S5S15.txt	-0.146265505410399	0.2027325540540822	0.44578467617637596	1.004217089622614	0.07230937225195977	-0.15447540120412695	-44.86913229018492	1.927451221386332

S5S16.txt	-0.164042243723519	0.23273760378281505	0.5060373056763672	1.1626840412192974	0.10910174054618874	-0.1908713706359512	-39.14935988620199	3.0796908231891362

S5S17.txt	-0.128726029998101	0.15017469439790193	0.45583992290977027	1.0161357164705536	0.13138852518925698	-0.14676941419087425	-79.88193456614509	0.8774685588450547

S5S18.txt	-0.124953910011272	0.4019150075815097	0.4687305026013028	1.0951716825403883	0.08208675009007554	-0.1997628941127812	-98.39118065433856	0.48538666525666124

S5S19.txt	-0.0234571437665108	-4.605170185988091	0.22557052632737984	0.07426112159613485	0.21201690116177005	0.053031278596087715	-153.96246246246247	-0.3482750337422487

S5S2.txt	1.68484790994751	-2.387067975800245	-0.017056796923013068	0.23843182495062204	0.13229968469958464	0.30503853207844867	-41.15931721194879	0.6171456695848812

S5S20.txt	0.0195743063473964	1.2319110442137131	0.5389402962222121	1.275967318913571	0.2000594452299188	-0.027741553247709678	-110.06116642958749	1.1559872030873994

S5S21.txt	0.0646851481375631	0.9267106353742377	0.5296232621506978	1.2823151870370315	0.20209724233140383	0.05238769511797985	-102.04654654654655	0.16263285671781794

S5S22.txt	0.0390201558265583	-4.605170185988091	-0.4138604213493433	-0.9799713893803461	-0.052922355483837176	0.08894323667450635	-35.75975975975976	0.908079088732303

S5S23.txt	-0.148359486447932	1.2927056248220554	0.5581403364339098	1.3214865605125796	0.2165142654286185	-0.03912987546895792	-61.64414414414414	0.6531109015820945

S5S24.txt	0.0162578436965203	1.3866607957277166	0.5314272790988546	1.197955309346226	0.27020866149505307	0.1454498660523765	-61.530030030030034	1.2566707768155718

S5S25.txt	0.274586265931139	2.67585321680236	0.38304109036678424	0.8144680305706468	0.3156234278127944	0.4106062590328151	-28.756756756756758	1.218639021494819

S5S26.txt	-1.24113789249489	-4.605170185988091	0.28924065232477203	0.2881334395546265	0.11920329473449229	0.03544754026096236	-108.57610241820768	1.2779960447049428

S5S27.txt	0.0868072116760469	-4.605170185988091	0.4065279707864051	0.8945936790773816	0.26268814696597764	0.33118805783430505	-67.72222222222223	2.1796104468208335

S5S28.txt	-0.0772740233818078	0.004239945879355833	0.4370597533763287	1.0542173094364031	0.12610360257541747	0.022525421733775124	-58.049549549549546	1.324451681288419

S5S29.txt	0.211082547843473	-4.605170185988091	0.378547066824669	1.1087129729050502	0.29857166115053035	0.38203115260482606	-8.70870870870871	2.146868706950066

S5S3.txt	1.55197371201555	2.8096024999266347	-0.10769058014130922	-0.002359415345917548	0.19895948603177946	0.49684644509926845	-23.0015015015015	3.089335740588492

S5S30.txt	0.19459510895423	-4.605170185988091	0.4567993058241907	1.0481563614801264	0.31386594005342805	0.33595057557230323	-21.68018018018018	2.1171595101260996

S5S31.txt	0.13817974755623	3.1623588699167766	0.3815091916876647	0.9052851728844211	0.33201856672070296	0.42579482911616057	-52.492492492492495	1.6337707008499398

S5S32.txt	0.100628332063976	-4.605170185988091	0.5512164295690078	1.1716464607689598	0.24588712090906611	0.08572531928396704	-90.46846846846847	1.8406978489134174

S5S4.txt	1.61311813042473	-2.4593401858839634	0.27220561859685805	0.6483367831846516	0.11024865973153068	0.20142264516178948	-102.83783783783784	-0.6649743664050037

S5S5.txt	1.63006535947712	2.5153224075818708	0.4489623848607275	1.0534156940442752	0.1533937559784759	0.22454060620154753	-99.85348506401138	-0.6012896873622403

S5S6.txt	1.57668543472301	2.6987480744458874	-0.09090745957173407	0.10555774875793777	0.043314676226924004	0.21896858482273407	-72.23897581792319	0.6664198312788904

S5S7.txt	1.72449753507774	3.0105732943702312	0.46980380994007176	1.0134655390958969	0.3670715860678881	0.5187282833549357	-22.114114114114113	1.7126980905346216

S5S8.txt	1.46640015229393	-2.6384055806635365	-0.15443350921085464	-0.09832192834302889	0.16039512654146637	0.39091260460271454	-129.57357357357358	0.2854120720862118

S5S9.txt	0.353703880255506	-4.605170185988091	0.3684276840922963	0.8602058137923626	0.31505707163245156	0.5053417470102921	-92.96846846846847	1.2253141446521134

S6.txt	-0.145902601212595	-2.6717556031004963	0.10579799784803001	-0.03914709083025464	-0.06299448309245272	-0.1995108782134368	-127.4054054054054	0.7277735319746872

S6S1.txt	-0.0693047384070349	2.696071825465899	0.20173992607076568	0.0916316038728302	0.010179035120060603	-0.09033787852459305	-92.98577524893314	-0.43900911389751807

S6S10.txt	1.31387109453846	2.5514258137670933	0.4532497190435467	0.890565014940039	0.1994699797642227	0.11393005414978205	-118.7709815078236	-0.6519703764834123

S6S11.txt	0.13912812333865	-1.1339039518402019	0.3396883417722286	0.7829386685599861	0.22087942509176578	0.41576763777657194	-54.00284495021337	1.1095098994050414

S6S12.txt	-0.139438709473751	2.649908870961635	0.16316552405350387	0.11663539686907964	-0.06738660886535335	-0.20723177383331842	-85.67425320056898	-0.4840113726004621

S6S13.txt	0.247545963229416	2.6782940183552397	0.4090806917567691	1.0056126744242275	0.2587964128866389	0.40189686115271706	-70.93598862019914	0.860515010937924

S6S14.txt	1.35415483626727	2.0359948083458446	0.22202358396233018	0.2188100442764775	0.027263721916334693	-0.23283936144658887	-34.23897581792318	1.5035576446620413

S6S15.txt	-0.067064884169274	0.43774111870217147	0.14295624933617135	-0.14659940801150873	0.05529078729898192	0.0968583290742684	-193.81934566145094	-2.345877390079572

S6S16.txt	0.021017593913457	0.3903359411015296	0.24688712461470205	0.24521236345198277	0.08068038698785104	-0.0736218143881526	-20.799431009957324	0.9043852285157371

S6S17.txt	-0.07257971379676	0.43325292824238215	0.13193858857098387	-0.04476422416932213	-0.06055221675977937	-0.25275637403468815	-110.14935988620199	0.05772864241523939

S6S18.txt	0.01628334283723	0.4253470300834271	0.25912556649634366	0.23116310221009406	0.12284537090721531	-0.05643153566628122	-59.741109530583216	0.0015816003301001972

S6S2.txt	1.33087648766791	-2.671928575058102	0.24928404159399395	0.18971294230424363	0.26697978857620736	0.39608773248118817	-70.33854907539119	0.37277697570258006

S6S20.txt	-0.163020734259083	-2.8973771264309636	0.24001802859575438	0.2010647427289462	-0.025279003540651712	-0.20308239621079774	-94.90184921763868	0.12147806534304739

S6S21.txt	1.49454902706471	1.3348248703909569	0.2070134933407769	0.08935011676029858	0.12238541996099195	-0.1236514531511162	-160.5433854907539	-0.9295515761019045

S6S22.txt	-0.110057825386293	0.0025997394320282086	0.2242805998196214	0.2150469150343599	-0.015427364378741704	-0.27954949811153595	-65.44381223328591	0.14110992080873583

S6S23.txt	-0.0157723731112583	0.06507377685138233	0.5079272658316153	1.0274031608227445	0.11091015937885736	-0.18838174406243877	-53.26884779516359	0.5485517111281075

S6S24.txt	-0.170017569885007	0.0035277548007063564	0.5114025828991889	1.1845532233511455	0.000342922640215626	-0.27172495745192554	-109.56045519203414	0.27528149249012485

S6S25.txt	-1.17925813297855	0.14499059612222515	0.27080313398484934	0.2926009616633791	-0.039663462803826544	-0.31310018003077456	-102.12233285917496	0.5699347014011387

S6S26.txt	-0.034608206004239	2.0527021873823608	0.2541841903450395	0.2415755014884604	0.01705942580672387	-0.18411381279356037	-45.72830725462305	0.7454373347349735

S6S27.txt	-0.0496799464985191	-2.180727480219165	0.28200946828188106	0.2205038864758685	0.11135141345655787	-0.12495554326105127	-79.84495021337126	0.7778803309896464

S6S28.txt	1.40280311030047	3.1925570175933533	-0.10698377074907993	-0.0259343072499445	0.1662365758930452	0.3543568489632659	-68.30014224751066	1.9463748091997382

S6S29.txt	0.0445455407070421	2.000079937469755	0.13357640314022118	-0.011490683968518822	-0.022046167099700878	-0.2502667474611758	-97.60170697012802	-0.5460353277861002

S6S3.txt	0.157894736842105	-4.605170185988091	0.4356474362255252	0.8819907628345554	0.40036748312289644	0.5163011298879301	-12.072546230440967	1.468682491875997

S6S30.txt	-0.0799885321100916	-4.605170185988091	-0.35713724049637646	-0.8604784924241105	-0.21307874811479907	-0.2759928887208039	-165.80369843527737	-1.574175774314365

S6S4.txt	-0.101036023191712	0.43938883736852863	0.2566022478063328	0.2532493788958779	-0.012994888402608346	-0.2596324855234367	-68.72972972972973	0.2712259444212147

S6S5.txt	0.0238982888825161	-4.605170185988091	0.20791556448745205	0.14863764321098033	0.19200029166031635	0.3562537073049896	-145.6344238975818	-0.023811460680586673

S6S6.txt	-0.0685567987862697	-2.5243430784889784	0.07784775427332899	-0.16532420198711872	-0.18378254382296902	-0.2784825152943164	-130.07539118065435	-0.8967689991914249

S6S7.txt	-0.224325603407478	0.39540396516771364	0.26857362798954604	0.22089336285230976	-0.04520480675055144	-0.304919978432091	-103.30440967283073	-0.19210875173278483

S6S8.txt	-0.235074983283981	-4.605170185988091	0.13492100250261785	-0.07211315313505473	-0.10370368782777559	-0.17285121638957568	-168.3641536273115	-1.5021494582152741

S6S9.txt	1.48330158730159	-2.881855345157597	0.24839991800510108	0.2432845975970203	0.09305069283258724	-0.07658565554709594	-38.635846372688476	0.3931293031017441

S7.txt	-0.15943287037037	0.8983478306004462	0.06080055876658186	-0.13321017501139554	-0.12487264594801718	-0.26378186314595736	-138.9103840682788	-0.09861044863976781

S7S1.txt	-0.0116183620635221	0.7348497292303372	0.2691758682718013	0.3061295299716625	0.04724774766414533	-0.3121517508599127	-76.86628733997155	-0.317675072735986

S7S10.txt	-0.0567039635880903	0.14826926799931717	0.2610163511725701	0.23634032960180312	0.031673465511230334	-0.18328393726905623	-106.34850640113798	0.19249903258312884

S7S11.txt	1.35742043126571	-2.497480604711746	0.24261149217278846	0.13659559283652378	0.10479058141188918	-0.15376407932598057	-51.93172119487909	0.26195453813214603

S7S12.txt	-0.00279491641617879	1.851530637788378	0.19641962643271776	0.05039232065421273	0.012515536729248378	-0.28215767833140615	-104.4054054054054	0.08682140816790307

S7S13.txt	-0.044884488448845	0.8644243405628884	0.23296859188972563	0.17724455430141228	-0.00408219049565306	-0.29792531329698474	-127.02133712660029	-0.46166673828669813

S7S14.txt	0.0362491653152723	1.5317489500257824	0.20026837239479617	0.06837331299658189	0.046769193669993034	-0.28441019761220304	-124.29587482219061	-0.2297347001768037

S7S15.txt	-0.0645009416195856	0.514947844648029	0.21622490667431968	0.17136988542010068	0.009357431626946494	-0.2968583304797651	-108.49359886201991	0.018287214860297867

S7S16.txt	-0.0670690811535881	-4.605170185988091	0.3069695773254959	0.25771710068112674	0.15624227591371273	0.03438055744374276	-70.95163584637268	0.6856972264870418

S7S17.txt	-0.12870159453303	1.6264648149468748	0.22508444793183358	-0.0392595259163544	0.011774737155377968	-0.23947836564262198	-149.2958748221906	-1.0916491974427665

S7S18.txt	0.158477457029294	2.7291371806475224	0.05225506907295829	0.3592131950256771	0.1884509310277584	0.427741556058703	-54.40398293029872	0.9187486133713607

S7S19.txt	-1.34646262182771	1.7741358378151746	0.23296272657567246	0.07046735119367509	0.0343282199863823	-0.24422051149693133	-137.81934566145094	-0.6088196140488774

S7S2.txt	-0.00583515681983948	0.08890355406285572	0.1312894713686556	-0.018830906130934633	-0.08032667289369741	-0.2815649100996174	-92.19061166429587	0.36459718579991024

S7S20.txt	0.239180390654921	2.6833732220842426	0.3688476952372458	0.9120776473085452	0.2384732334281262	0.4444576201951435	-20.630156472261735	1.3107147279489353

S7S21.txt	0.252298742728467	0.5343039313504747	0.02390315369495538	-0.19772423224463953	0.001984212252745858	-0.005364915504760735	-90.60512820512821	-0.26530212603040604

S7S22.txt	1.40537428023033	-2.702052115269452	0.4224279250544579	1.051651122031476	0.27512283604789833	0.4405453498653382	0.4793741109530583	1.3138097078537299

S7S23.txt	-0.0548129627848832	-4.605170185988091	0.2892471934552047	0.2791110372526909	0.2286168900609185	0.20711322018696074	-59.55049786628734	1.3992862558091175

S7S24.txt	0.0255229322586835	2.7516349472302037	0.3036372092062133	0.752108664539868	0.11787314114418362	0.2614107902188027	-38.20341394025605	-0.20091466385863369

S7S25.txt	-0.0154600301659125	0.44713201382820666	0.20931801840923242	0.119141931267716	0.013042109398151785	-0.2759928887208039	-169.62873399715505	-0.41771112476241606

S7S26.txt	1.3006083893692	-4.605170185988091	0.17216812947441915	0.087052556780082	0.24203917213053205	0.35376408073147725	-57.460881934566146	0.9767517011588234

S7S27.txt	-0.0555237974254741	-4.605170185988091	0.1477701873317604	-0.07261782813676565	-0.012764368279450336	-0.2598695928161522	-108.26315789473684	0.8378166710109054

S7S28.txt	-0.0277254458678723	0.014183943325381919	0.15101721085892297	-0.0018087322437385644	-0.05801271632537092	-0.35874333387850205	-129.49928876244667	-0.5827644311435431

S7S29.txt	-0.00067193717387426	-2.4540579757512706	0.13567414374851405	0.0023519575499608703	0.06311339672082682	-0.01908713706359512	-211.23470839260312	-1.642313364328376

S7S3.txt	-0.0175372192783244	1.0020864915411574	0.19267621649765695	0.1870861860897075	0.021633623210289388	-0.18838174406243877	-79.34139402560456	0.010777969180775839

S7S30.txt	-0.0213158455960759	-4.605170185988091	0.5741644628425412	1.1901590400090716	0.23850242223719764	-0.025489033966912735	-96.38691322901849	0.8075135912599143

S7S4.txt	-0.0531656739466136	0.9956400773782424	0.2597812278169888	0.24926241079316147	0.038933996865351234	-0.27136929651285235	-81.099573257468	0.5741884395189121

S7S5.txt	1.15315747402078	0.08161251675710357	0.2360695842537451	0.12352115964099131	0.028230428943972027	-0.010314167233122827	-65.99857752489332	0.11681527692088875

S7S6.txt	1.37056976222521	-4.605170185988091	0.4599970015929467	0.9524383366063476	0.4144161891722494	0.4021339684454326	-14.96728307254623	0.4260884921280114

S7S7.txt	0.305424867978877	2.674630275405082	0.4362933028083463	0.9928435447395556	0.26738773881411826	0.417071727886507	-97.35135135135135	-0.39149595024658235

S7S8.txt	1.21482616607605	-4.605170185988091	0.15027330195931077	0.10823598593679451	0.11686547932827474	0.15020746993524856	-80.20910384068279	-0.3242272749629934

S7S9.txt	-0.057460377596767	0.7151246887658635	0.31635489369090264	0.370179080762552	0.1096716691744779	-0.18008298881739743	-85.27311522048365	-0.24260465080599167

S8.txt	-0.130203805660195	0.8711949445736571	0.09184803935184391	-0.058165223198226035	-0.1059492927870262	-0.2342620052028817	-148.3655761024182	0.31185318140267715

S8S1.txt	0.344840560624588	2.7181508743078693	-0.04770948986778173	0.15705878703851545	0.11906180131765673	0.335625372838744	-79.72830725462305	0.6867708254711661

S8S10.txt	0.345787338428154	2.7120709005397066	-0.09899119491154798	0.039632215869667586	0.15684422473293566	0.404149380433514	-87.94310099573258	0.4020006368288126

S8S11.txt	0.193618019709057	-3.2466989201256786	0.28564067317090325	0.6423724601306284	0.14960738043379465	0.2473029063022324	-69.1294452347084	1.1594475058397282

S8S12.txt	0.272360015031943	2.79534316022564	-0.041777312021557406	0.19856733628650491	0.1506636133183053	0.3455838791327936	-144.6415362731152	0.01758435972649533

S8S13.txt	0.232178264564253	2.89160166114683	-0.07614407538839542	0.07840253792340218	0.10993565954730725	0.3219917035076046	-151.8805120910384	-0.619691954775636

S8S14.txt	0.207342393355983	-4.605170185988091	-0.3527463637370284	-0.7896441772293312	0.046326447950403735	0.150444577227964	-95.15647226173542	1.0235528037621175

S8S15.txt	1.30781499202552	-2.5944974776600778	0.44946569807519055	0.9110102196665072	0.23727538701914025	0.3722584495632837	-92.81650071123755	0.8457615543758863

S8S16.txt	0.331537152580828	-2.2709956421832795	-0.088314226880788	0.04821494442218799	0.14069875096281886	0.4352104357792403	-86.13513513513513	0.05825294879312985

S8S17.txt	0.0755719728062976	-4.605170185988091	-0.38229827402229066	-0.8302255718887379	-0.08912402814024452	0.07125074146099793	-192.92460881934565	-1.3277609771192111

S8S18.txt	1.31741679273828	2.3920171022431926	-0.2656949218025401	-0.32042627038917454	-0.0333468687578832	0.1670420877180467	-133.2788051209104	0.7046472455693196

S8S19.txt	-0.0670806284692822	2.662104822215348	0.18700665570158292	0.09867316679428922	0.04162982726420892	-0.061173681520590564	-107.52631578947368	-0.17646054196902963

S8S2.txt	0.390588235294118	-2.489374714593049	0.47961958419556344	1.0089363741607975	0.3212726790812656	0.5272080653528416	-44.99146514935989	1.976599022676443

S8S20.txt	-1.39157782180709	-4.605170185988091	0.025704505416537293	-0.08555468338885092	-0.19675931159442692	-0.4273858951196298	-176.17211948790896	-1.5393725464071986

S8S21.txt	0.0202708385902935	-4.605170185988091	0.49286463443526685	1.0054695867769023	0.2565035127580757	0.10017783117228493	30.253200568990042	1.8076776852534595

S8S22.txt	1.38015512674991	-2.018668788337868	-0.34849952152247843	-0.9331073519551072	0.04533244526002561	0.15423829391141147	-165.44807965860596	-1.0645834421820874

S8S23.txt	0.11859125672741	-4.605170185988091	-0.4432748917545441	-0.9768139800752252	-0.17838037934233802	0.07409602897358354	-182.02844950213372	-0.6862641218566192

S8S24.txt	0.0439532760303517	-4.605170185988091	0.009275713538751368	-0.21027300903093415	0.0462685626633029	0.10930646194183043	-211.73968705547654	-2.5954099145364222

S8S25.txt	1.43696288601379	-2.1656802163610482	0.09820914640878237	-0.08509826400922832	0.20832431206342636	0.40628334606795324	-81.64580369843527	-0.26904700067936127

S8S26.txt	0.0931711880261927	-0.31038053941852917	-0.44975238279538876	-1.1509331937199128	-0.09071896531333579	-0.022169531868896194	-194.9302987197724	-1.943997094626991

S8S27.txt	0.0654143855012271	-4.605170185988091	-0.39145878671191187	-0.8753396432973468	-0.1799664180856525	-0.017071725075513647	-160.41251778093883	-0.6786992935575

S8S28.txt	-1.00034513052209	-4.605170185988091	0.2645034430828525	0.15549703360891215	0.20226438257372292	0.014107883916570306	-90.17211948790896	-0.12297708107952947

S8S29.txt	-0.150872126481883	-2.72147030211151	0.1692011571085885	0.07509889350889554	0.16733082405880018	0.26544161419496565	-174.0398293029872	-0.6453661377633945

S8S3.txt	0.322352941176471	2.6192131478888	0.295101710686569	0.7578531039922248	0.21475079955684315	0.4441019592560702	-102.53200568990043	0.06865192752831911

S8S30.txt	0.230819795285942	-4.605170185988091	0.15349465146274754	0.0960804963712561	0.1856254618256708	0.1458209850200124	-128.02275960170698	0.5930808359589953

S8S4.txt	0.367235366198511	-4.605170185988091	-0.038932390431507716	0.10982167456873487	0.1766090707124029	0.418850032581873	-79.51066856330014	-0.06807264342730451

S8S5.txt	0.266541176470588	2.781721941015988	-0.003081674998829137	0.2345567058762174	0.23442335806350706	0.45880261140442924	-44.71123755334282	0.6798658659576675

S8S6.txt	1.50188608072426	2.4765133814483415	0.49435034344989603	1.0637071318789253	0.2735265016503218	0.5668049832363246	31.522048364153626	2.0121176294952603

S8S7.txt	1.4312030075188	-0.3127940241164983	-0.07308254644189538	0.23091874249470368	0.1940034164014563	0.46152934527065714	-60.62588904694168	0.7298003931175463

S8S8.txt	1.52784869976359	-2.3931664970504136	0.13050906136782023	-0.013703318255451014	0.25451256168986475	0.3913455866268788	-190.77098150782362	-1.4939307525517027

S8S9.txt	0.37725056264066	-1.0205962582668053	-0.1310426760329637	0.026681762733103354	0.17072861887608265	0.45062240980574564	-78.21906116642958	0.7363843931245907

S9.txt	1.4857083246401	2.7717199122905107	0.007446824634849358	-0.23825946147676952	0.003682112079742797	-0.07648130065227395	-173.8	-1.092157656032846

S9S1.txt	-1.22847151090004	0.07410708650661096	0.5883137412731431	1.2387094367945461	0.14726986493801103	0.04173088351792224	-130.28022759601706	-0.17043142172526668

S9S10.txt	0.151421623643846	2.553839368185266	0.5181403150659205	1.256723095686127	0.12237723601635676	-0.004030823976162945	-74.35135135135135	1.0947986745488336

S9S11.txt	-0.0789498447351087	1.817115521188068	0.4972526864416998	1.0957266815495539	0.06737517070361984	-0.23153527133665383	-84.0896159317212	2.176446404148342

S9S12.txt	-1.34123933627074	2.322936206428723	0.35806708078309646	0.9548781651940723	0.06549863313705748	-0.04576170749408519	-48.87339971550498	2.9072371666321124

S9S13.txt	-1.21243523316062	-0.8473767257922765	-0.4716327646227847	-0.969588579495644	-0.09092152246012183	0.09093064675638171	-98.28165007112375	0.13953869178772793

S9S14.txt	-0.35143148336885	-2.5658826347410555	-0.438856195432773	-1.0667343995125682	-0.17609420788881838	-0.3232957936175397	-225.40113798008534	-2.7562006524090465

S9S15.txt	-0.139291613140026	2.644121082154847	0.35058415714152935	0.7743944436507118	-0.01123074312876481	-0.0515430075312165	-113.76113360323886	0.2653438274174189

S9S16.txt	-0.41769927871278	-0.09288321459099985	-0.599451321080457	-1.341098974021877	-0.23678979192184818	-0.31286307273805913	-148.90611664295875	-0.13105772630214596

S9S17.txt	-0.456708954532827	-0.20580988056603192	-0.655218524538168	-1.4967768941618813	-0.2501631350999222	-0.36360403337916913	-182.67425320056898	-1.2679694091935052

S9S18.txt	0.0567572564244777	-0.9617045845964408	-0.4624628531391842	-1.1030446825584832	-0.0479829979981192	0.2124481342730587	-109.92176386913229	0.11723217022369442

S9S19.txt	-1.4583488285608	-0.47933207656367427	-0.537892360411106	-1.2793054863779516	-0.15519323790473225	-0.007943094305968155	-111.49217638691323	0.33328998536866017

S9S2.txt	-1.37135245259364	1.8419459563014484	0.6203857616337718	1.4932403285015439	0.07981477929712957	-0.032602252748376755	-67.88620199146514	1.3872980112090538

S9S20.txt	-0.249976785216826	-0.6251359499443757	-0.5092626949440451	-1.100574167193069	-0.08243464175124902	0.07160640240007114	-126.26600284495021	-0.5786475134282734

S9S21.txt	-0.254956457291088	-0.6806264190530764	-0.5127309668098298	-1.0420231248990872	-0.17909986536026584	-0.03390634285831182	-110.15220483641536	-0.09048953350995181

S9S22.txt	-1.39013494648674	-0.44184802122020106	-0.5152210659336843	-1.1286523992269677	-0.08350501234593072	0.004742145854309347	-153.41820768136557	-0.5112256566382414

S9S23.txt	-1.1773220747889	-0.8026121080168499	-0.4833758400396943	-1.012956549512084	-0.10185446202424414	0.04481327832322332	-90.6827880512091	0.3140147478171726

S9S24.txt	-0.0422732132576692	-0.6583639520626935	-0.15210960998691106	-0.019867250234399836	-0.061062847537008996	0.14072317822662986	-91.85633001422475	0.3814934430442741

S9S25.txt	-1.60366307177389	-2.516397524496739	-0.5412243857435094	-1.1788436382539027	-0.3779677877388616	-0.4673384739421861	-165.6315789473684	-0.68268734159233

S9S26.txt	-1.58960125821075	-0.28204360967490155	-0.565114224833587	-1.1788352535615214	-0.22485356765664932	-0.21754594106644126	-125.0398293029872	-0.47703402919894783

S9S27.txt	-1.43914901523597	-0.4773273600173183	-0.567893149786803	-1.2635147518347127	-0.2128045522488062	-0.20924718582139992	-175.19203413940255	-0.9100560592291483

S9S29.txt	-0.364485981308411	-0.09218872452298643	-0.5982640085253793	-1.3603747549577814	-0.17349094270325724	-0.2028452889180823	-165.98719772403982	0.01848491154483311

S9S3.txt	1.60974691880704	2.8291503562341163	0.3441174655649035	0.7330625809415003	0.20079712601219313	0.2550088933154851	-131.6628733997155	0.4088682794745547

S9S30.txt	-1.55459770114943	-0.20966308032609443	-0.5489733505479073	-1.2837270073349178	-0.25482579804349237	-0.27160640380556783	-176.14224751066857	-1.1987923336589643

S9S4.txt	1.45360631104433	-2.129193842491768	0.40883438132994604	0.8901427473451093	0.21407824845147813	0.2310610567512229	-111.31436699857753	0.7873970837333073

S9S5.txt	1.44045722852057	2.0343578951075556	0.614499321002363	1.4320441858356876	0.27102770026093204	0.25097806933932215	-49.95874822190612	1.2113916116408947

S9S6.txt	0.211430294334758	-2.4317645523234535	0.22205032366501662	0.10232944166087654	0.07008516395753818	0.025133373027839537	-107.83072546230441	1.0980167174600035

S9S7.txt	0.284338305962977	-4.605170185988091	0.514136922318591	1.0049771325387094	0.14269354528737066	0.11772377083322953	-137.43243243243242	-0.11540226099540185

S9S8.txt	1.50295026692891	-2.3538887594332825	0.16672454749414428	0.022362070806213774	0.2501906610992695	0.21541197543200205	-55.52773826458037	1.2409484646982174

S9S9.txt	1.41398706290428	2.443221143359789	0.5959237883581756	1.20971994952163	0.18506349907660388	0.03829282777354797	-102.39687055476529	0.8860480313135687

